,numero_solicitacao,razaoSocial,nomeFantasia,cnpjSemTraco,maiorAtraso,margemBrutaAcumulada,percentualProtestos,primeiraCompra,prazoMedioRecebimentoVendas,titulosEmAberto,valorSolicitado,status,definicaoRisco,diferencaPercentualRisco,percentualRisco,dashboardCorrelacao,valorAprovado,dataAprovadoEmComite,periodoBalanco,ativoCirculante,passivoCirculante,totalAtivo,totalPatrimonioLiquido,endividamento,duplicatasAReceber,estoque,faturamentoBruto,margemBruta,periodoDemonstrativoEmMeses,custos,anoFundacao,intervaloFundacao,capitalSocial,restricoes,empresa_MeEppMei,scorePontualidade,limiteEmpresaAnaliseCredito,dataAprovadoNivelAnalista
5,6,Liam Jackson,Gerard Gordon,KAYS53232027306925,0,0.0,,2019-06-28T10:25:57,0,0.0,25000.0,AprovadoAnalista,De 31 a 50 % - Médio,0.6226415094339622,0.3773584905660377,0.0,20000.0,,,,,,,,,,918476.0,0.0,12.0,0.0,2011.0,De 6 a 10 anos,15000.0,False,True,0.0,38400.0,2020-02-04T15:10:46
6,7,Alexander Baker-Wells,Dr. Caroline Ali,PYOL43118620147076,16,0.0,,2011-03-02T11:27:13,0,0.0,100000.0,AprovadoAnalista,De 31 a 50 % - Médio,0.5849056603773584,0.4150943396226415,-0.997517069602544,80000.0,,,,,,,,,,239016696.0,-7540544.0,12.0,156394112.0,1982.0,Acima de 17 anos,30515674.0,True,False,0.0,18132588.0,2020-02-05T14:31:22
10,11,Katie Lawson,Patricia Reynolds,SVXA16230297135119,7,0.0,,2012-02-24T16:01:26,0,0.0,1000000.0,AprovadoAnalista,De 31 a 50 % - Médio,0.6037735849056604,0.3962264150943396,-0.50915157320154,800000.0,,2019-06-30T03:00:00,2127907.0,704245.0,3609498.0,2538787.0,366465.0,973971.0,942096.0,4575646.0,296634.0,6.0,-3299332.0,2011.0,De 6 a 10 anos,20000.0,False,True,0.0,81000.0,2020-02-05T15:15:10
11,12,Ellie Turner,Mohamed Welch,ELQK41348591516215,26,0.0,,2017-12-20T17:03:32,0,0.0,200000.0,AprovadoComite,De 31 a 50 % - Médio,0.5849056603773584,0.4150943396226415,-3e-15,50000.0,2020-02-05T19:14:37,2018-12-31T02:00:00,5369982.0,6118711.0,5595689.0,-720844.0,1715000.0,115000.0,1693990.0,13871246.0,-772398.0,12.0,-9455401.0,2009.0,De 11 a 16 anos,600000.0,False,False,0.0,183509.0,
12,13,Kathleen Jones,Toby Coleman,TWLY57287382223459,3,0.0,,2019-10-10T11:47:29,0,0.0,1138000.0,AprovadoAnalista,De 31 a 50 % - Médio,0.5094339622641509,0.490566037735849,0.0,1138000.0,,,,,,,,,,0.0,0.0,1.0,0.0,2017.0,De 0 a 5 anos,100000.0,False,True,0.0,33000.0,2020-02-04T17:42:58
15,16,Karen Manning,Gavin Coleman,WHQL39719346986330,28,0.0,,2011-08-08T11:28:00,0,0.0,750000.0,AprovadoAnalista,De 31 a 50 % - Médio,0.6037735849056604,0.3962264150943396,0.961985288352223,750000.0,,2018-12-31T02:00:00,198271531.0,107180320.0,218446735.0,111266414.0,10499029.0,116371889.0,42968287.0,538430217.0,10266414.0,12.0,-346633805.0,1999.0,Acima de 17 anos,100000.0,False,True,0.0,349779.0,2020-02-05T20:34:47
16,17,Daniel Shepherd,Charles Hughes,NXRJ16458301617069,19,0.0,,2009-05-30T11:49:31,0,0.0,3900000.0,AprovadoAnalista,De 31 a 50 % - Médio,0.6226415094339622,0.3773584905660377,-0.750772914901916,3900000.0,,2018-12-31T02:00:00,198271531.0,107180320.0,218446735.0,111266414.0,10499029.0,116371889.0,42968287.0,538430217.0,10216020.0,12.0,-346633805.0,1992.0,Acima de 17 anos,2000000.0,True,False,0.0,0.0,2020-02-06T15:02:37
20,21,Dr. Terry Smith,Dr. Mary Stokes,HMFO23636187362512,40,0.458051889,0.0,2017-11-22T00:00:00,0,12882.35,34000.0,AprovadoAnalista,De 31 a 50 % - Médio,0.5660377358490566,0.4339622641509433,-0.866025403784439,34000.0,,,,,,,,,,2915470.0,1034268.0,12.0,-852138.0,2009.0,De 11 a 16 anos,150000.0,False,True,1.0,2700.0,2020-02-05T20:08:45
22,23,Mary Smith,Mr. Leon Smith,HMOW17454360616914,18,0.6915,0.0,2013-02-18T00:00:00,0,0.0,50000.0,AprovadoAnalista,De 31 a 50 % - Médio,0.6792452830188679,0.320754716981132,7.5e-15,50000.0,,2018-12-31T00:00:00,3670009.0,139759.0,3775553.0,3414586.0,0.0,1444038.0,788280.0,9077423.0,1182617.0,12.0,-6807767.0,2009.0,De 11 a 16 anos,900000.0,False,True,0.9918288416,539660.0,2020-02-05T20:17:07
23,24,Mr. Danny Davies,Gerard Marshall-Clarke,VPSW77029129679550,35,0.3104742762,0.0,2017-09-06T00:00:00,25,46949.3,320000.0,AprovadoComite,De 31 a 50 % - Médio,0.5660377358490566,0.4339622641509433,0.0,200000.0,2020-02-21T12:42:19,2019-06-30T03:00:00,436463830.0,463089426.0,732841447.0,-112089780.0,141143911.0,128135703.0,153339372.0,282662079.0,52217624.0,6.0,258298725.0,1996.0,Acima de 17 anos,96791092.0,True,False,0.7694721926,25641275.0,
27,28,Declan Bolton,Marcus Stewart,GMDC41398326600676,0,0.0,,2019-12-19T17:29:40,0,0.0,15000.0,ReprovadoAnalista,De 31 a 50 % - Médio,0.5660377358490566,0.4339622641509433,0.0,,,,,,,,,,,47730.0,0.0,12.0,0.0,2008.0,De 11 a 16 anos,72400.0,True,True,0.0,0.0,
31,32,Elliott Rose,Deborah Jones-Gibson,JJJO86195665960207,9,0.5932736371,0.0,2016-11-18T00:00:00,31,5549.21,50000.0,AprovadoAnalista,De 31 a 50 % - Médio,0.6037735849056604,0.3962264150943396,0.0,20000.0,,2019-12-31T00:00:00,395460.0,235201.0,395460.0,53053.0,102438.0,0.0,342845.0,1011836.0,-55361.0,12.0,-645988.0,2003.0,Acima de 17 anos,88000.0,False,True,1.0,788688.0,2020-02-05T20:46:45
32,33,Mrs. Joyce Palmer,Sarah Singh,NGUK12954301438508,0,0.3363405629,0.0,2017-08-07T00:00:00,0,0.0,10000.0,AprovadoAnalista,De 31 a 50 % - Médio,0.6037735849056604,0.3962264150943396,0.0,10000.0,,,,,,,,,,480000.0,0.0,12.0,0.0,1997.0,Acima de 17 anos,5000.0,False,True,1.0,12420.0,2020-02-05T18:33:21
36,37,Dr. Leslie Mitchell,Brandon Lewis,UQUH72595348437743,135,0.387283882,0.0,2018-06-13T00:00:00,0,0.0,30000.0,ReprovadoAnalista,De 31 a 50 % - Médio,0.5094339622641509,0.490566037735849,-0.929780077034291,,,2019-12-31T00:00:00,1592690.0,1592690.0,1592690.0,1165590.0,0.0,0.0,1475537.0,1421389.0,1387232.0,12.0,2554508.0,2012.0,De 6 a 10 anos,100000.0,True,True,1.0,0.0,
41,42,Oliver Nelson,Diane Mellor,JNZU40131737101208,0,0.4327342124,0.0,2020-01-15T00:00:00,0,0.0,10000.0,ReprovadoAnalista,De 31 a 50 % - Médio,0.490566037735849,0.5094339622641509,0.0,,,,,,,,,,,172560.0,0.0,12.0,0.0,2019.0,De 0 a 5 anos,5000.0,False,True,1.0,1120.0,
44,45,Philip Haynes,Dr. Luke Perkins,TVUP59036702738493,2,0.0,,2017-05-18T17:21:49,0,0.0,15000.0,AprovadoAnalista,De 31 a 50 % - Médio,0.5094339622641509,0.490566037735849,0.0,11000.0,,,,,,,,,,756924.0,0.0,12.0,0.0,1994.0,Acima de 17 anos,30000.0,True,True,0.0,12800.0,2020-02-05T16:18:55
45,47,Neil Wilson-Moore,Connor Lloyd,NQVD66927247638857,43,0.3700701446,0.0,2006-06-01T00:00:00,0,2480.0,15000.0,AprovadoAnalista,De 31 a 50 % - Médio,0.6792452830188679,0.320754716981132,0.0,15000.0,,,,,,,,,,2179468.0,0.0,12.0,0.0,2005.0,De 11 a 16 anos,60000.0,False,True,1.0,7020.0,2020-02-05T18:50:41
47,50,Sylvia Bryant,Abbie McLean-Fowler,DFGK41630869614960,3,0.4353922101,0.0,2017-07-04T00:00:00,0,0.0,30000.0,AprovadoAnalista,De 31 a 50 % - Médio,0.5094339622641509,0.490566037735849,0.0,10000.0,,,,,,,,,,311260.0,0.0,12.0,0.0,2017.0,De 0 a 5 anos,10000.0,False,True,1.0,6400.0,2020-02-05T19:10:43
49,52,Alison Ali,Philip Daniels,UHSZ57059363067433,0,0.0,,2019-04-22T17:28:19,0,0.0,7000.0,AprovadoAnalista,De 31 a 50 % - Médio,0.6226415094339622,0.3773584905660377,0.0,7000.0,,,,,,,,,,0.0,0.0,1.0,0.0,2008.0,De 11 a 16 anos,100000.0,False,True,0.0,8800.0,2020-02-05T19:12:13
50,53,Toby Atkins,Dr. Christopher Saunders,DDMD82941295966539,6,0.3720908912,0.0,2018-01-31T00:00:00,0,0.0,50000.0,AprovadoAnalista,De 31 a 50 % - Médio,0.5283018867924528,0.4716981132075471,-0.866025403784439,50000.0,,,,,,,,,,43810396.0,0.0,12.0,0.0,2008.0,De 11 a 16 anos,600000.0,True,True,1.0,2700.0,2020-02-06T16:52:55
52,55,Kate Blackburn,Gareth Hussain,YIQH62542186185688,2,0.5607103857,0.0,2018-08-23T00:00:00,55,5400.0,20000.0,AprovadoAnalista,De 31 a 50 % - Médio,0.6037735849056604,0.3962264150943396,0.0,20000.0,,,,,,,,,,6230653.0,0.0,12.0,0.0,2015.0,De 0 a 5 anos,300000.0,False,True,1.0,38000.0,2020-02-05T19:05:38
57,60,Marian Booth,Ms. Jane Spencer,EMAG70468864729136,6,0.0,,2006-05-12T17:07:19,0,0.0,50000.0,AprovadoAnalista,De 31 a 50 % - Médio,0.6226415094339622,0.3773584905660377,0.0,50000.0,,,,,,,,,,2876710.0,0.0,12.0,0.0,1999.0,Acima de 17 anos,30303.0,False,True,0.0,129000.0,2020-02-06T13:58:05
59,62,Iain McDonald,Angela Walker,XUUV78911816655220,5,0.429255171,0.0,2012-05-14T00:00:00,0,0.0,20000.0,ReprovadoAnalista,De 31 a 50 % - Médio,0.6415094339622641,0.3584905660377358,0.0,,,,,,,,,,,2498876.0,0.0,12.0,0.0,2009.0,De 11 a 16 anos,95000.0,True,True,1.0,34400.0,
61,64,Grace Morton-Blake,Bruce Harrison,XVFX90049646219876,23,0.0,,2012-12-28T11:31:43,0,0.0,50000.0,AprovadoAnalista,De 31 a 50 % - Médio,0.5471698113207547,0.4528301886792452,0.0,50000.0,,,,,,,,,,0.0,0.0,1.0,0.0,2003.0,Acima de 17 anos,150000.0,False,False,0.0,10789514.0,2020-02-06T17:26:15
62,65,Brenda Clarke,Dr. Mohamed Phillips,APRH60376910869961,36,0.5048304899,0.0,2011-10-14T00:00:00,48,95983.74,150000.0,AprovadoAnalista,De 31 a 50 % - Médio,0.6037735849056604,0.3962264150943396,0.0,150000.0,,2019-12-31T03:00:00,2197.0,-355509.0,922394.0,50000.0,0.0,497220.0,103615.0,2920793.0,-171329.0,12.0,235486.0,2010.0,De 6 a 10 anos,50000.0,False,True,1.0,152000.0,2020-02-06T17:21:05
63,66,Sylvia Rose,Mrs. Kerry Hudson,QTYV59257984651476,8,0.2908974741,0.0,2013-04-25T00:00:00,0,0.0,30000.0,AprovadoAnalista,De 31 a 50 % - Médio,0.5094339622641509,0.490566037735849,-0.0800301810088627,30000.0,,,,,,,,,,0.0,0.0,1.0,0.0,2007.0,De 11 a 16 anos,15000.0,False,True,1.0,7400.0,2020-02-06T17:27:06
68,72,Graham Shah,Mrs. Anna Nolan,AYAR81652684519982,0,0.4679269506,0.0,2016-06-29T00:00:00,0,0.0,20000.0,AprovadoAnalista,De 31 a 50 % - Médio,0.6226415094339622,0.3773584905660377,0.0,20000.0,,,,,,,,,,2518727.0,0.0,9.0,0.0,2008.0,De 11 a 16 anos,99800.0,True,True,1.0,0.0,2020-02-06T20:56:27
69,73,Denis Williams,Stuart Parkinson,FECA48063802482890,19,0.0,,2017-04-11T17:21:38,0,0.0,50000.0,AprovadoAnalista,De 31 a 50 % - Médio,0.6792452830188679,0.320754716981132,-0.866025403784439,40000.0,,2019-07-31T00:00:00,714851.0,188269.0,728846.0,1402031.0,0.0,652153.0,0.0,1249651.0,302367.0,7.0,2183996.0,2008.0,De 11 a 16 anos,100000.0,False,True,0.0,165850.0,2020-02-06T21:06:07
71,75,Jenna King,Gordon Taylor,VOME11582233946922,26,0.0,,2017-03-20T17:21:27,0,0.0,10000.0,AprovadoAnalista,De 31 a 50 % - Médio,0.5471698113207547,0.4528301886792452,0.0,10000.0,,,,,,,,,,1700308.0,0.0,12.0,0.0,1989.0,Acima de 17 anos,5000.0,False,True,0.0,13690.0,2020-02-06T17:29:34
75,81,Dennis Harris-Williams,Eileen Sharp,YSLA86292727347504,4,0.0,,2016-04-20T17:19:49,0,0.0,40000.0,AprovadoAnalista,De 31 a 50 % - Médio,0.6415094339622641,0.3584905660377358,0.0,40000.0,,,,,,,,,,3302878.0,0.0,12.0,0.0,1996.0,Acima de 17 anos,60000.0,True,True,0.0,101200.0,2020-02-07T13:24:55
77,83,Geoffrey Johnson,Tracy Collins,CLUV86507137794361,33,0.2777430629,0.0,2018-10-30T00:00:00,0,0.0,3000.0,AprovadoAnalista,De 31 a 50 % - Médio,0.5094339622641509,0.490566037735849,0.0,3000.0,,,,,,,,,,0.0,0.0,1.0,0.0,2012.0,De 6 a 10 anos,300000.0,False,True,1.0,36000.0,2020-02-06T17:31:59
78,84,Dr. Vincent Brown,Mr. Ronald Yates,CWUM99747550174285,7,0.4453843288,0.0,2011-08-31T00:00:00,0,0.0,5000.0,AprovadoAnalista,De 31 a 50 % - Médio,0.5660377358490566,0.4339622641509433,0.0,5000.0,,,,,,,,,,0.0,0.0,1.0,0.0,2007.0,De 11 a 16 anos,100000.0,False,True,1.0,16280.0,2020-02-05T20:34:05
79,85,Mr. Adrian Adams,Joyce Graham,BSBN05195401595404,0,0.0,,2019-03-29T17:28:13,0,0.0,40000.0,AprovadoAnalista,De 31 a 50 % - Médio,0.6792452830188679,0.320754716981132,0.0,40000.0,,,,,,,,,,29348689.0,0.0,12.0,0.0,2018.0,De 0 a 5 anos,600000.0,False,False,0.0,120000.0,2020-02-06T20:18:20
81,87,Dr. Toby Hussain,Aimee Crawford,CLWV48636447854535,30,0.4744318662,0.0,2018-04-16T00:00:00,65,28154.4,50000.0,AprovadoAnalista,De 31 a 50 % - Médio,0.5471698113207547,0.4528301886792452,-0.866025403784129,50000.0,,,,,,,,,,17826063.0,0.0,12.0,0.0,1995.0,Acima de 17 anos,404000.0,False,True,1.0,42900.0,2020-02-06T20:20:18
86,92,Clifford Cooper,Justin Quinn-Stanley,CKWJ48521633259803,5,0.526992319,0.0,2018-02-15T00:00:00,0,0.0,50000.0,AprovadoAnalista,De 31 a 50 % - Médio,0.6037735849056604,0.3962264150943396,0.0,40000.0,,,,,,,,,,3809828.0,0.0,12.0,0.0,2017.0,De 0 a 5 anos,20000.0,False,False,1.0,7220.0,2020-02-07T19:48:40
87,93,Mr. Shane Reynolds,Edward Jones,PMQC81082938911940,28,0.0,,2015-09-29T17:19:04,0,0.0,60000.0,AprovadoAnalista,De 31 a 50 % - Médio,0.6415094339622641,0.3584905660377358,0.359669231559488,50000.0,,2018-12-31T02:00:00,95762.0,293393.0,4786692.0,4493298.0,0.0,3212721.0,1195553.0,5368371.0,1346068.0,12.0,2072196.0,2012.0,De 6 a 10 anos,500000.0,False,True,0.0,194114.0,2020-02-06T20:49:17
88,94,Miss Harriet Tyler,Jade Thomas,EKFW96917765445914,11,0.2655254663,0.0,2019-04-18T00:00:00,8,6400.0,24000.0,AprovadoAnalista,De 31 a 50 % - Médio,0.6037735849056604,0.3962264150943396,0.0,11000.0,,,,,,,,,,455009.0,0.0,12.0,0.0,1985.0,Acima de 17 anos,70000.0,False,True,1.0,13500.0,2020-02-06T20:03:38
91,97,Miss Shirley Foster,Brian Gregory,XDTE66508836247286,7,0.3063343254,0.0,2017-08-22T00:00:00,0,0.0,40000.0,AprovadoAnalista,De 31 a 50 % - Médio,0.5283018867924528,0.4716981132075471,0.118142230293384,40000.0,,2019-05-31T00:00:00,4132781.0,3404510.0,4134251.0,658645.0,1121551.0,2006316.0,860678.0,4036098.0,729740.0,5.0,4221383.0,2015.0,De 0 a 5 anos,210000.0,False,True,0.8843274212,426377.0,2020-02-06T20:57:55
92,98,Georgia Stone-Moore,Frank Bennett,SEIZ73772431891569,3,0.4621624103,0.0,2019-06-21T00:00:00,9,2100.0,25000.0,AprovadoAnalista,De 31 a 50 % - Médio,0.6226415094339622,0.3773584905660377,0.0,25000.0,,2019-06-30T00:00:00,797131.0,614272.0,797131.0,548878.0,0.0,0.0,129170.0,591755.0,182859.0,6.0,14983.0,2015.0,De 0 a 5 anos,150000.0,False,True,1.0,35200.0,2020-02-07T13:13:17
96,102,Simon Baxter,Ms. Julia Allen,UBAR40967470969591,0,0.0,,2016-03-24T17:19:42,0,0.0,15000.0,AprovadoAnalista,De 31 a 50 % - Médio,0.490566037735849,0.5094339622641509,0.0,15000.0,,,,,,,,,,1071109.0,0.0,12.0,0.0,2015.0,De 0 a 5 anos,50000.0,False,True,0.0,151800.0,2020-02-07T21:11:17
97,103,Paul Woodward,Vincent Stephenson,XGCX31661930782586,7,0.3932631569,0.0,2007-07-10T00:00:00,0,0.0,65000.0,ReprovadoAnalista,De 31 a 50 % - Médio,0.6415094339622641,0.3584905660377358,-0.86602540378444,,,2018-12-31T02:00:00,2784673.0,444041.0,2784673.0,2340632.0,0.0,1843446.0,853868.0,2569044.0,424623.0,12.0,-1526301.0,2005.0,De 11 a 16 anos,200000.0,True,True,1.0,34400.0,
99,105,Mrs. Andrea Ward,Jennifer Howard,MBUB27367617219459,34,0.248667476,0.0,2016-08-30T00:00:00,253,109200.0,40000.0,AprovadoAnalista,De 31 a 50 % - Médio,0.5471698113207547,0.4528301886792452,0.804269251750448,20000.0,,,,,,,,,,3220289.0,0.0,12.0,0.0,2000.0,Acima de 17 anos,300000.0,False,True,0.4095077804,122280.0,2020-02-07T13:19:26
101,107,Malcolm Rahman,Margaret Jones,JMSC79005406105837,29,0.3969189612,0.0,2019-03-19T00:00:00,0,28978.33,40000.0,AprovadoAnalista,De 31 a 50 % - Médio,0.6792452830188679,0.320754716981132,-0.866025403784439,35000.0,,2018-12-31T00:00:00,2828807.0,1866258.0,2861671.0,995412.0,66421.0,604701.0,1588000.0,4354088.0,1907167.0,12.0,2446921.0,2016.0,De 0 a 5 anos,100000.0,False,False,1.0,3700.0,2020-02-07T21:41:55
104,110,Donna Rhodes,Mr. Joseph Burrows,AKVW12349274211282,15,0.0,,2018-05-08T17:26:11,0,0.0,20000.0,AprovadoAnalista,De 31 a 50 % - Médio,0.490566037735849,0.5094339622641509,0.0,10000.0,,,,,,,,,,0.0,0.0,1.0,0.0,2015.0,De 0 a 5 anos,1000.0,False,True,0.0,3500.0,2020-02-07T15:29:16
106,112,Paul Smith,Dr. Hilary Abbott,HXQX28522825811324,5,0.2890631696,0.0,2012-12-13T00:00:00,0,0.0,50000.0,AprovadoAnalista,De 31 a 50 % - Médio,0.6415094339622641,0.3584905660377358,0.0,50000.0,,,,,,,,,,13313452.0,0.0,12.0,0.0,1996.0,Acima de 17 anos,110000.0,True,True,1.0,52000.0,2020-02-07T21:50:23
109,115,Oliver Taylor,Dr. Deborah Jackson,ZYRG46055383402143,17,0.0,,2016-01-05T17:19:16,0,0.0,20000.0,AprovadoAnalista,De 31 a 50 % - Médio,0.5471698113207547,0.4528301886792452,0.0,20000.0,,,,,,,,,,745756.0,0.0,12.0,0.0,2012.0,De 6 a 10 anos,40000.0,False,True,0.0,4400.0,2020-02-07T20:02:59
111,117,Josephine Peacock,Linda Cook,PVIP17399531351784,15,0.4028954164,0.0,2009-01-21T00:00:00,52,123462.38,260000.0,ReprovadoAnalista,De 31 a 50 % - Médio,0.5849056603773584,0.4150943396226415,0.0,,,2018-12-31T02:00:00,18005099.0,2754345.0,18007369.0,15253023.0,45038.0,0.0,15934101.0,12255988.0,0.0,12.0,0.0,2008.0,De 11 a 16 anos,35000.0,True,True,0.9475701929,0.0,
112,118,Dr. Karl Robinson,Miss Lorraine Alexander,WZZO86962370944321,3,0.0,,2016-04-18T16:33:38,0,0.0,40000.0,AprovadoAnalista,De 31 a 50 % - Médio,0.6792452830188679,0.320754716981132,0.0,40000.0,,,,,,,,,,10932834.0,0.0,12.0,0.0,1985.0,Acima de 17 anos,208826.0,False,True,0.0,147914.0,2020-02-07T22:22:22
113,119,Mr. Kevin Clark,Mr. Brandon Davies,GSHZ23277827583812,6,0.4315224568,0.0,2017-01-19T00:00:00,42,41017.32,100000.0,AprovadoAnalista,De 31 a 50 % - Médio,0.5660377358490566,0.4339622641509433,0.0,70000.0,,2018-12-31T02:00:00,1902367.0,1616061.0,1499139.0,46595.0,369661.0,474199.0,1144619.0,10817059.0,3780585.0,12.0,-7036474.0,2016.0,De 0 a 5 anos,850000.0,False,True,0.8210720736,81000.0,2020-02-07T21:34:00
115,121,Damien Rowe,Dr. Stacey Barnes,SHTA94818881939727,10,0.0,,2013-01-31T15:39:17,0,0.0,20000.0,AprovadoAnalista,De 31 a 50 % - Médio,0.6792452830188679,0.320754716981132,0.0,20000.0,,,,,,,,,,1557540.0,0.0,12.0,0.0,2012.0,De 6 a 10 anos,5000.0,False,True,0.0,11200.0,2020-02-07T13:35:57
118,124,Kyle Dixon,Elliott Thompson,AISX72495193411291,0,0.2668652632,0.0,2019-01-29T00:00:00,0,0.0,15000.0,ReprovadoComite,De 31 a 50 % - Médio,0.6226415094339622,0.3773584905660377,0.0,,,,,,,,,,,718353.0,0.0,12.0,0.0,2019.0,De 0 a 5 anos,80000.0,False,False,1.0,3200.0,
121,127,Dale O'Sullivan-Moore,Nathan Jones,KDZJ41266928454221,19,0.4798450253,0.0,2018-10-22T00:00:00,41,8880.0,20000.0,AprovadoAnalista,De 31 a 50 % - Médio,0.5471698113207547,0.4528301886792452,0.0,10000.0,,2019-11-30T00:00:00,380473.0,179026.0,511372.0,332345.0,0.0,0.0,0.0,708370.0,0.0,12.0,0.0,2018.0,De 0 a 5 anos,95700.0,False,True,1.0,8640.0,2020-02-07T20:05:51
122,128,Mrs. Naomi Osborne,Mrs. Jasmine Lynch,YJXH90455347089755,33,0.2231932527,0.0,2010-10-05T00:00:00,68,66209.82,180000.0,AprovadoAnalista,De 31 a 50 % - Médio,0.6792452830188679,0.320754716981132,0.986194639333761,140000.0,,2019-05-31T03:00:00,13769660.0,6181072.0,14878097.0,7402373.0,3877601.0,6733077.0,4076110.0,8622213.0,1295664.0,12.0,0.0,2003.0,Acima de 17 anos,1000000.0,False,False,0.8912616894,2681972.0,2020-02-06T20:47:40
123,129,Lauren Finch,Mrs. Valerie Edwards,MNLD92138419599220,5,0.440489579,0.0,2016-06-17T00:00:00,100,14000.0,50000.0,AprovadoAnalista,De 31 a 50 % - Médio,0.6037735849056604,0.3962264150943396,0.0,50000.0,,,,,,,,,,273629.0,0.0,12.0,0.0,2008.0,De 11 a 16 anos,550000.0,False,True,1.0,7040.0,2020-02-07T22:02:55
124,130,Miss Elaine Nicholson,Hazel Brown,HMLH49235417615497,0,0.0,,2020-01-28T16:32:57,0,0.0,70000.0,ReprovadoAnalista,De 31 a 50 % - Médio,0.6792452830188679,0.320754716981132,0.0,,,2019-08-31T03:00:00,3488992.0,4433602.0,3592780.0,472217.0,3658024.0,824895.0,1063783.0,3103851.0,279674.0,8.0,-2824177.0,2017.0,De 0 a 5 anos,200000.0,True,False,0.0,5400.0,
125,131,Jill Shah,Catherine John-Young,KHSE54280264956283,3,0.4533904213,0.0,2019-01-11T00:00:00,0,0.0,30000.0,AprovadoAnalista,De 31 a 50 % - Médio,0.6415094339622641,0.3584905660377358,0.0,20000.0,,,,,,,,,,1298208.0,0.0,12.0,0.0,2002.0,Acima de 17 anos,510000.0,False,True,1.0,720.0,2020-02-07T13:20:37
126,132,Amber Smith,Chelsea Smith-Cox,EFMB43041243982596,4,0.5074172904,0.0,2013-03-28T00:00:00,0,0.0,240000.0,ReprovadoAnalista,De 31 a 50 % - Médio,0.5660377358490566,0.4339622641509433,0.866025403784439,,,2019-12-31T03:00:00,12731021.0,15484796.0,15484796.0,501991.0,0.0,1011239.0,92631190.0,1819859.0,-1469120.0,2.0,2592210.0,1996.0,Acima de 17 anos,95400.0,True,True,1.0,34400.0,
132,138,Mr. Jake Hussain,Jean Potter-Johnson,IATW15693786270082,0,0.0,,2020-01-27T17:29:48,0,0.0,5000.0,AprovadoAnalista,De 31 a 50 % - Médio,0.660377358490566,0.3396226415094339,0.0,5000.0,,,,,,,,,,713882.0,0.0,12.0,0.0,2013.0,De 6 a 10 anos,180000.0,False,True,0.0,0.0,2020-02-12T20:32:12
134,140,Glen Gill,Shirley Hanson-Harrison,HXEY17172238017839,12,0.5897155712,0.0,2013-04-05T00:00:00,0,0.0,20000.0,AprovadoAnalista,De 31 a 50 % - Médio,0.6792452830188679,0.320754716981132,0.0,20000.0,,,,,,,,,,3410099.0,0.0,12.0,0.0,1986.0,Acima de 17 anos,110000.0,False,True,1.0,55900.0,2020-02-12T18:01:30
144,151,Mr. Roy Jackson,Dr. Vanessa Patel,AHXL92957523284614,48,0.3982766058,0.0,2017-01-24T00:00:00,64,14901.07,15000.0,AprovadoAnalista,De 31 a 50 % - Médio,0.6415094339622641,0.3584905660377358,0.891680764431441,15000.0,,2019-12-31T00:00:00,1500126.0,2525743.0,15267299.0,2525743.0,0.0,9793066.0,0.0,4636079.0,0.0,12.0,0.0,2006.0,De 11 a 16 anos,200000.0,False,True,0.6963862348,416008.0,2020-02-07T20:27:26
148,156,Francesca Stone,Charles Jones,MGWX20555419991977,12,0.0,,2016-06-27T11:35:29,0,0.0,15000.0,AprovadoAnalista,De 31 a 50 % - Médio,0.6226415094339622,0.3773584905660377,0.0,15000.0,,,,,,,,,,668124.0,0.0,12.0,0.0,2013.0,De 6 a 10 anos,1000.0,False,True,0.0,5120.0,2020-02-13T13:30:10
149,157,Sandra Morris,Ms. Emma Wells,LJAC91348349374248,18,0.0,,2018-06-19T17:18:27,0,0.0,100000.0,AprovadoComite,De 31 a 50 % - Médio,0.6792452830188679,0.320754716981132,3e-16,100000.0,2020-02-13T13:54:39,2018-12-31T02:00:00,2451304.0,1077694.0,2451304.0,4057991.0,0.0,0.0,96380.0,13144861.0,71893260.0,12.0,5955535.0,2010.0,De 6 a 10 anos,100000.0,False,True,0.0,111772.0,
150,158,Dr. Max McDonald,Samuel Evans-Williams,DLLY26215095484957,15,0.0,,2017-09-08T14:13:37,0,0.0,30000.0,ReprovadoAnalista,De 31 a 50 % - Médio,0.5849056603773584,0.4150943396226415,0.0,,,,,,,,,,,1575261.0,0.0,12.0,0.0,2010.0,De 6 a 10 anos,80000.0,True,False,0.0,2200.0,
152,160,Dr. Terence Whitehouse,Janice Gill,TXPT30965274360157,3,0.3044278231,0.0,2016-04-20T00:00:00,17,2968.0,30000.0,AprovadoAnalista,De 31 a 50 % - Médio,0.6226415094339622,0.3773584905660377,0.0,30000.0,,2019-12-31T00:00:00,398502.0,135101.0,588545.0,131095.0,69777.0,61927.0,325929.0,775287.0,-89866.0,12.0,518962.0,2007.0,De 11 a 16 anos,150000.0,False,True,1.0,16200.0,2020-02-07T20:53:29
153,161,Stanley Thomson,Linda Bell,FWIW38628759690452,35,0.0,,2014-01-21T17:16:46,0,0.0,50000.0,AprovadoAnalista,De 31 a 50 % - Médio,0.660377358490566,0.3396226415094339,0.0,45000.0,,,,,,,,,,4793211.0,0.0,12.0,0.0,2008.0,De 11 a 16 anos,200000.0,False,True,0.0,7600.0,2020-02-07T21:03:08
155,163,Catherine Marshall-Thompson,Maria Dyer,JKAF93512474786620,5,0.5440276558,0.0,2018-07-26T00:00:00,8,4800.0,35000.0,AprovadoAnalista,De 31 a 50 % - Médio,0.490566037735849,0.5094339622641509,0.0,35500.0,,,,,,,,,,1714093.0,0.0,12.0,0.0,2018.0,De 0 a 5 anos,30000.0,False,True,1.0,1400.0,2020-02-11T17:26:13
156,164,Maureen Davies,Natasha Begum,HYTO43818198650832,0,0.0,,2017-10-20T17:24:11,0,0.0,10000.0,AprovadoAnalista,De 31 a 50 % - Médio,0.6226415094339622,0.3773584905660377,0.0,10000.0,,,,,,,,,,289852.0,0.0,12.0,0.0,2012.0,De 6 a 10 anos,190000.0,False,True,0.0,17600.0,2020-02-07T21:05:14
157,165,Richard Smart-Gallagher,Robert Hall,SIUN75995345429669,16,0.1819660177,0.0,2016-10-31T00:00:00,34,7991.36,15000.0,AprovadoAnalista,De 31 a 50 % - Médio,0.660377358490566,0.3396226415094339,0.0,15000.0,,,,,,,,,,266200496.0,0.0,12.0,0.0,1989.0,Acima de 17 anos,1000000.0,False,False,1.0,23963827.0,2020-02-13T13:35:23
158,166,Ms. Angela Mitchell,Mrs. Laura Marshall,XTAS23139808415165,0,0.0,,2019-04-11T17:28:17,0,0.0,15000.0,AprovadoAnalista,De 31 a 50 % - Médio,0.6226415094339622,0.3773584905660377,0.0,15000.0,,,,,,,,,,2444556.0,0.0,12.0,0.0,2016.0,De 0 a 5 anos,100000.0,False,True,0.0,95882.0,2020-02-07T21:06:11
159,167,Gary Jenkins,Tracy Collins,VNIN30519701991786,0,0.0,,2019-01-09T10:49:30,0,0.0,3000.0,AprovadoAnalista,De 31 a 50 % - Médio,0.5094339622641509,0.490566037735849,0.0,3000.0,,,,,,,,,,1.0,0.0,1.0,0.0,2016.0,De 0 a 5 anos,100000.0,False,True,0.0,52500.0,2020-02-07T21:06:45
162,170,Mr. Mohamed Howard,Linda Bradley,VVSW90409251685348,5,0.4123162857,0.0,2018-12-05T00:00:00,0,20797.0,107000.0,AprovadoAnalista,De 31 a 50 % - Médio,0.6792452830188679,0.320754716981132,0.0,50000.0,,2019-12-31T03:00:00,297327.0,88730.0,514739.0,420146.0,0.0,0.0,278908.0,1668975.0,0.0,12.0,0.0,2018.0,De 0 a 5 anos,100000.0,False,True,1.0,7040.0,2020-02-07T21:00:33
163,171,Andrew Fisher,Dr. Karl Mitchell,EOSA76743104535623,2,0.4491461276,0.0,2011-05-19T00:00:00,0,0.0,30000.0,AprovadoAnalista,De 31 a 50 % - Médio,0.6226415094339622,0.3773584905660377,0.0,20000.0,,,,,,,,,,806204.0,0.0,12.0,0.0,2005.0,De 11 a 16 anos,1500000.0,False,True,1.0,217586.0,2020-02-11T19:54:47
164,172,Amy Carr,Jennifer Freeman-Barrett,OLBJ34699441965051,11,0.2777570091,0.0,2009-06-08T00:00:00,33,88113.6,230000.0,AprovadoAnalista,De 31 a 50 % - Médio,0.6792452830188679,0.320754716981132,3e-16,150000.0,,2019-10-31T03:00:00,6069589.0,6960031.0,7140918.0,1399349.0,88642.0,2138300.0,1131251.0,9228155.0,180886.0,10.0,7706323.0,2004.0,De 11 a 16 anos,500000.0,False,False,0.8114758588,344600.0,2020-02-07T20:55:49
172,180,Sophie Williams-Craig,Mr. Guy Lamb,AMVK70950785139481,9,0.6533681481,0.0,2017-04-26T00:00:00,723,513580.14,600000.0,AprovadoAnalista,De 31 a 50 % - Médio,0.6037735849056604,0.3962264150943396,-0.98453788288906,600000.0,,2018-12-31T02:00:00,16073062.0,12621611.0,23686202.0,11064590.0,2080688.0,7407466.0,7159061.0,45143557.0,11108232.0,12.0,27454494.0,2015.0,De 0 a 5 anos,99800.0,False,False,0.9861354842,1746180.0,2020-02-11T18:43:06
173,181,Georgia Taylor,Darren Hawkins,KEWI90886293063499,4,0.0,,2018-09-20T17:27:06,0,0.0,15000.0,ReprovadoComite,De 31 a 50 % - Médio,0.5471698113207547,0.4528301886792452,-0.866025403784439,,,,,,,,,,,1501183.0,0.0,12.0,0.0,2018.0,De 0 a 5 anos,80000.0,False,True,0.0,4400.0,
178,186,Dr. Harry Ellis,Mr. Arthur Burke,TZTX97442334179272,3,0.2724753,0.0,2015-09-28T00:00:00,0,0.0,20000.0,AprovadoComite,De 31 a 50 % - Médio,0.6226415094339622,0.3773584905660377,0.0,20000.0,2020-02-12T20:46:30,,,,,,,,,0.0,0.0,12.0,0.0,2013.0,De 6 a 10 anos,15000.0,False,True,1.0,5920.0,
187,195,Justin Clarke,Joyce Miller,PFQS89366327234951,2,0.0,,2014-03-31T17:17:02,0,0.0,39000.0,AprovadoAnalista,De 31 a 50 % - Médio,0.5094339622641509,0.490566037735849,0.0,15000.0,,,,,,,,,,192417.0,0.0,5.0,0.0,2010.0,De 6 a 10 anos,10000.0,True,True,0.0,8800.0,2020-02-13T15:57:48
188,197,Mr. Benjamin Lewis,Joshua Jones,NEAH59875723026239,4,0.0,,2018-09-20T15:23:18,0,0.0,50000.0,AprovadoComite,De 31 a 50 % - Médio,0.5471698113207547,0.4528301886792452,-2e-16,50000.0,2020-02-12T17:33:10,2018-12-31T00:00:00,1895104.0,1574589.0,1927104.0,0.0,0.0,491707.0,1318549.0,2416870.0,0.0,12.0,0.0,2016.0,De 0 a 5 anos,550000.0,False,True,0.0,30400.0,
190,199,Dale Allen-Townsend,Gregory Taylor,EJHZ12668634515482,39,0.2604190589,0.0,2012-01-31T00:00:00,0,0.0,90000.0,AprovadoComite,De 31 a 50 % - Médio,0.5660377358490566,0.4339622641509433,0.866497888013251,90000.0,2020-02-12T17:24:19,2019-12-31T03:00:00,16927928.0,15279399.0,17136162.0,298840.0,0.0,10488057.0,323898.0,20381441.0,0.0,12.0,0.0,2002.0,Acima de 17 anos,400000.0,False,True,0.8687724199,0.0,
192,201,Amber Smith,Chelsea Smith-Cox,EFMB43041243982596,4,0.5074172904,0.0,2013-03-28T00:00:00,0,0.0,240000.0,AprovadoComite,De 31 a 50 % - Médio,0.5660377358490566,0.4339622641509433,0.866025403784439,240000.0,2020-02-12T17:26:06,2018-12-31T02:00:00,12731021.0,14982805.0,15484796.0,501991.0,0.0,1011239.0,9263119.0,1819859.0,558278.0,12.0,1261581.0,1996.0,Acima de 17 anos,95400.0,True,True,1.0,34400.0,
194,203,Ms. Hayley Smith,Julia Howard,AAQO50798743666168,17,0.5265257649,0.0,2015-02-26T00:00:00,0,0.0,50000.0,AprovadoComite,De 31 a 50 % - Médio,0.5471698113207547,0.4528301886792452,-0.866025403784439,50000.0,2020-02-12T18:18:23,,,,,,,,,3354956.0,0.0,12.0,0.0,2012.0,De 6 a 10 anos,350000.0,False,True,1.0,96201.0,
195,204,Shaun Smith,Alex Lamb,WNVJ91334935595441,45,0.4006444775,0.0,2009-01-14T00:00:00,30,78751.34,50000.0,AprovadoComite,De 31 a 50 % - Médio,0.660377358490566,0.3396226415094339,0.866025403784439,50000.0,2020-02-12T20:26:50,,,,,,,,,5010416.0,0.0,12.0,0.0,1992.0,Acima de 17 anos,100000.0,False,False,1.0,525000.0,
197,206,Dr. Vanessa Bird,Anne Payne,GTPO06511661214973,25,0.3716760334,0.0,2012-12-21T00:00:00,63,176480.0,50000.0,AprovadoComite,De 31 a 50 % - Médio,0.5283018867924528,0.4716981132075471,0.866025403784439,50000.0,2020-02-12T20:14:14,2019-07-29T00:00:00,1963740.0,1473628.0,1970498.0,-1387775.0,0.0,0.0,891562.0,4926937.0,1983609.0,12.0,2943328.0,2008.0,De 11 a 16 anos,100000.0,False,True,1.0,26400.0,
198,207,Mrs. Amber Ward,Dale Knight,OYVS59562613587408,6,0.5578428231,0.0,2019-04-15T00:00:00,10,73970.0,41000.0,AprovadoComite,De 31 a 50 % - Médio,0.5094339622641509,0.490566037735849,0.0,40000.0,2020-02-12T20:47:37,,,,,,,,,5201591.0,0.0,12.0,0.0,2017.0,De 0 a 5 anos,100000.0,False,True,1.0,0.0,
200,209,Ellie Whitehouse,Abdul Hayes,GYBO66878421259139,3,0.261576307,0.0,2019-02-20T00:00:00,0,0.0,25000.0,AprovadoComite,De 31 a 50 % - Médio,0.6037735849056604,0.3962264150943396,0.0,25000.0,2020-02-12T20:48:08,,,,,,,,,1372450.0,0.0,12.0,0.0,2011.0,De 6 a 10 anos,20000.0,False,True,1.0,26258.0,
201,210,Clifford Lucas,Patricia Newton,YMBH12073345858823,259,0.5213125099,0.0,2006-06-12T00:00:00,36,41582.3,60000.0,AprovadoComite,De 31 a 50 % - Médio,0.6792452830188679,0.320754716981132,0.963804678630518,60000.0,2020-02-12T20:13:30,2018-12-31T02:00:00,2011179.0,2308864.0,2308864.0,2080121.0,0.0,126477.0,1794022.0,3470727.0,2013505.0,12.0,1457222.0,1982.0,Acima de 17 anos,300000.0,False,True,0.9912998817,43000.0,
206,215,Dr. Max McDonald,Samuel Evans-Williams,DLLY26215095484957,15,0.0,,2017-09-08T14:13:37,0,0.0,30000.0,AprovadoComite,De 31 a 50 % - Médio,0.5849056603773584,0.4150943396226415,0.0,30000.0,2020-02-12T20:53:20,,,,,,,,,1575261.0,0.0,12.0,0.0,2010.0,De 6 a 10 anos,80000.0,True,False,0.0,2200.0,
207,216,Miss Harriet Tyler,Jade Thomas,EKFW96917765445914,11,0.2655254663,0.0,2019-04-18T00:00:00,8,6400.0,26000.0,AprovadoAnalista,De 31 a 50 % - Médio,0.6037735849056604,0.3962264150943396,0.0,26000.0,,,,,,,,,,455009.0,0.0,12.0,0.0,1985.0,Acima de 17 anos,70000.0,False,True,1.0,13500.0,2020-02-11T18:30:40
208,217,Justin Barber,Ms. Jacqueline Blake,EFWO30725556850914,0,0.0,,2019-02-21T10:58:05,0,0.0,15000.0,AprovadoComite,De 31 a 50 % - Médio,0.5094339622641509,0.490566037735849,0.0,15000.0,2020-02-12T20:53:51,,,,,,,,,582389.0,0.0,12.0,0.0,2017.0,De 0 a 5 anos,93700.0,False,True,0.0,94500.0,
209,218,Dennis Osborne,Ms. Jade Lewis,MLYA84308065579191,6,0.0,,2015-04-30T17:18:05,0,0.0,30000.0,AprovadoComite,De 31 a 50 % - Médio,0.5849056603773584,0.4150943396226415,0.866025403784439,10000.0,2020-02-12T20:56:00,,,,,,,,,2280444.0,0.0,12.0,0.0,2000.0,Acima de 17 anos,100000.0,False,True,0.0,43200.0,
210,219,Dr. Gordon Lloyd,Miss Alexandra Graham,VDKM49598190317908,9,0.4690957976,0.0,2018-12-12T00:00:00,0,0.0,39000.0,AprovadoComite,De 31 a 50 % - Médio,0.6037735849056604,0.3962264150943396,0.0,30000.0,2020-02-12T20:56:41,,,,,,,,,1410997.0,0.0,12.0,0.0,2005.0,De 11 a 16 anos,20000.0,False,True,1.0,5920.0,
212,221,June Lane,Miss Sharon Peters,VKMN77216991472135,18,0.4901655208,0.0,2017-07-18T00:00:00,47,33269.26,40000.0,AprovadoComite,De 31 a 50 % - Médio,0.5660377358490566,0.4339622641509433,-0.866025403784439,40000.0,2020-02-12T20:57:16,,,,,,,,,4493287.0,0.0,12.0,0.0,2000.0,Acima de 17 anos,280000.0,False,True,1.0,96000.0,
221,230,Trevor Wright,Jonathan Williams,ZMDG09040307920904,4,0.2249504644,0.0,2013-07-31T00:00:00,0,0.0,50000.0,AprovadoComite,De 31 a 50 % - Médio,0.6037735849056604,0.3962264150943396,-0.866025403784439,40000.0,2020-02-13T14:17:03,,,,,,,,,3826682.0,0.0,12.0,0.0,2013.0,De 6 a 10 anos,300000.0,False,True,1.0,66000.0,
223,232,Mr. Danny Bradley,Mrs. Beverley Khan,DQHR28993190990331,3,0.4436771274,0.0,2018-09-28T00:00:00,507,154941.09,181000.0,AprovadoComite,De 31 a 50 % - Médio,0.6792452830188679,0.320754716981132,-0.866025403784439,181000.0,2020-02-12T18:12:14,2018-12-31T02:00:00,186878615.0,134753788.0,238226118.0,91751513.0,119779204.0,62756198.0,81135003.0,737708848.0,0.0,12.0,0.0,1958.0,Acima de 17 anos,78600000.0,True,False,1.0,71703256.0,
225,234,Jodie Coleman,Jamie Edwards,OGFM37134126556262,3,0.0,,2015-10-30T11:37:20,0,0.0,50000.0,AprovadoComite,De 31 a 50 % - Médio,0.660377358490566,0.3396226415094339,0.866025403784439,30000.0,2020-02-13T14:18:38,2018-12-31T00:00:00,828573.0,99377.0,1305884.0,200000.0,0.0,111922.0,119294.0,3233330.0,0.0,12.0,0.0,2014.0,De 6 a 10 anos,200000.0,False,True,0.0,2700.0,
226,235,Stephanie Fisher-Turner,Claire Watson-Hall,SFLI58717938972285,14,0.0,,2019-03-28T17:28:11,0,0.0,10000.0,AprovadoAnalista,De 31 a 50 % - Médio,0.6792452830188679,0.320754716981132,-0.866025403784439,10000.0,,,,,,,,,,4870000.0,0.0,12.0,0.0,2003.0,Acima de 17 anos,100000.0,False,False,0.0,2700.0,2020-02-13T13:53:33
228,237,Mr. Brandon Harvey,Gerald Carter,BAKQ80361753127845,6,0.4200234266,0.0,2019-11-08T00:00:00,0,0.0,10000.0,AprovadoComite,De 31 a 50 % - Médio,0.5660377358490566,0.4339622641509433,0.0,10000.0,2020-02-13T14:46:04,,,,,,,,,657883.0,0.0,12.0,0.0,1996.0,Acima de 17 anos,10000.0,False,True,1.0,21600.0,
230,239,Dr. Sylvia Rogers,Michelle Perry,XSMD78195314114313,6,0.3279276866,0.0,2017-01-13T00:00:00,0,3033.34,27000.0,AprovadoComite,De 31 a 50 % - Médio,0.5660377358490566,0.4339622641509433,0.0,10500.0,2020-02-13T14:46:45,,,,,,,,,537497.0,0.0,12.0,0.0,2013.0,De 6 a 10 anos,100000.0,False,True,1.0,49400.0,
233,242,Sarah Hopkins,Mr. Conor Jones,AZFO81709966547489,57,0.3158088191,0.0,2019-06-27T00:00:00,0,0.0,215000.0,AprovadoAnalista,De 31 a 50 % - Médio,0.6037735849056604,0.3962264150943396,0.0,215000.0,,2019-12-31T03:00:00,0.0,0.0,0.0,0.0,0.0,0.0,0.0,229996561.0,0.0,5.0,0.0,2017.0,De 0 a 5 anos,0.0,True,False,1.0,0.0,2020-02-12T13:49:55
234,243,Graham Harvey,Mr. Leon Wilkinson,AYLA06199962278666,105,0.2730283729,0.0,2007-02-05T00:00:00,11,2040.0,30000.0,AprovadoComite,De 31 a 50 % - Médio,0.6226415094339622,0.3773584905660377,0.0,30000.0,2020-02-13T17:09:42,2018-12-31T00:00:00,7358812.0,1886792.0,9116010.0,5906345.0,527234.0,3555893.0,3114528.0,11684375.0,5030415.0,12.0,6653960.0,2006.0,De 11 a 16 anos,500000.0,True,True,0.9801490393,5200.0,
236,245,Gemma Charlton,Lydia Morrison,VSWM57040130755217,21,0.2943141269,15.29810955,2019-08-09T00:00:00,107,0.0,20000.0,ReprovadoAnalista,De 31 a 50 % - Médio,0.6415094339622641,0.3584905660377358,0.0,,,,,,,,,,,229996561.0,0.0,5.0,0.0,1998.0,Acima de 17 anos,100000.0,True,False,1.0,136500.0,
237,246,Abdul Ward,Dr. Judith Woods,XCVO21635112006067,57,0.4434305202,0.0,2019-06-28T00:00:00,70,4440.0,25000.0,AprovadoComite,De 31 a 50 % - Médio,0.5849056603773584,0.4150943396226415,0.0,25000.0,2020-02-13T14:30:27,,,,,,,,,229996561.0,0.0,5.0,0.0,2017.0,De 0 a 5 anos,0.0,True,False,1.0,0.0,
238,247,Carole Cox-Ellis,Dr. Judith Woods,QAED54967239109793,68,0.329276771,0.0,2019-06-28T00:00:00,0,0.0,25000.0,AprovadoComite,De 31 a 50 % - Médio,0.5849056603773584,0.4150943396226415,0.0,25000.0,2020-02-13T17:15:04,,,,,,,,,229996561.0,0.0,5.0,0.0,2017.0,De 0 a 5 anos,0.0,True,False,1.0,0.0,
239,248,Kenneth Atkinson,Mr. Conor Jones,KCIH08010584528978,68,0.0,,2019-07-03T10:14:36,0,0.0,35000.0,AprovadoComite,De 31 a 50 % - Médio,0.5849056603773584,0.4150943396226415,0.0,35000.0,2020-02-13T14:51:19,,,,,,,,,229996561.0,0.0,5.0,0.0,2017.0,De 0 a 5 anos,0.0,True,False,0.0,0.0,
240,249,Carole Cox-Ellis,Dr. Judith Woods,CXLA78251686071546,7,0.2228348149,0.0,2019-07-02T00:00:00,0,0.0,20000.0,AprovadoComite,De 31 a 50 % - Médio,0.5849056603773584,0.4150943396226415,0.0,20000.0,2020-02-13T14:26:34,,,,,,,,,229996561.0,0.0,5.0,0.0,2017.0,De 0 a 5 anos,0.0,True,False,1.0,0.0,
241,250,Carole Cox-Ellis,Dr. Judith Woods,CKHJ51070864129386,76,0.3333242317,0.0,2019-07-04T00:00:00,0,0.0,80000.0,AprovadoComite,De 31 a 50 % - Médio,0.5849056603773584,0.4150943396226415,0.0,80000.0,2020-02-13T17:12:10,,,,,,,,,229996561.0,0.0,5.0,0.0,2017.0,De 0 a 5 anos,0.0,True,False,1.0,0.0,
243,252,Kevin White,Leigh Ali-Begum,EMRM19497240511351,0,0.0,,2018-11-26T17:27:33,0,0.0,10000.0,AprovadoAnalista,De 31 a 50 % - Médio,0.5660377358490566,0.4339622641509433,0.0,10000.0,,,,,,,,,,412319.0,0.0,12.0,0.0,1997.0,Acima de 17 anos,10000.0,False,True,0.0,12960.0,2020-02-12T18:09:50
246,255,Dr. Sarah Barnett,Eleanor Thornton,TTNX95785681065760,30,0.0,,2016-10-18T17:20:43,0,0.0,45000.0,ReprovadoComite,De 31 a 50 % - Médio,0.5660377358490566,0.4339622641509433,0.0,,,,,,,,,,,31995016.0,0.0,12.0,0.0,2010.0,De 6 a 10 anos,200000.0,True,False,0.0,882903.0,
251,260,Heather Williams,Lewis Atkinson,QLQR75853435141851,26,0.0,,2013-02-14T17:14:53,0,0.0,40000.0,AprovadoAnalista,De 31 a 50 % - Médio,0.5094339622641509,0.490566037735849,0.483587005724478,30000.0,,,,,,,,,,2135204.0,0.0,12.0,0.0,2013.0,De 6 a 10 anos,40000.0,False,True,0.0,60800.0,2020-02-12T20:56:41
256,265,Sandra Stevens,Ashleigh Ryan-Harvey,BFCA45808194244568,3,0.0,,2016-11-25T17:20:51,0,0.0,25000.0,AprovadoAnalista,De 31 a 50 % - Médio,0.6037735849056604,0.3962264150943396,0.0,25000.0,,,,,,,,,,412319.0,0.0,12.0,0.0,2005.0,De 11 a 16 anos,3000.0,False,True,0.0,13440.0,2020-02-13T15:28:47
259,268,Mrs. Melissa Pearce,Dr. Malcolm Elliott,BJRD93893554444259,0,0.4413395729,0.0,2019-01-23T00:00:00,0,0.0,7000.0,AprovadoAnalista,De 31 a 50 % - Médio,0.5094339622641509,0.490566037735849,0.0,7000.0,,,,,,,,,,775198.0,0.0,12.0,0.0,2018.0,De 0 a 5 anos,95400.0,False,True,1.0,55000.0,2020-02-13T17:29:27
263,272,Joyce Townsend,Ashleigh Stevens,YRPI61670876510446,7,0.0,,2016-05-19T17:19:56,0,0.0,50000.0,AprovadoAnalista,De 31 a 50 % - Médio,0.6037735849056604,0.3962264150943396,0.0972271754783591,50000.0,,,,,,,,,,4258754.0,0.0,11.0,0.0,2014.0,De 6 a 10 anos,100000.0,False,True,0.0,180926.0,2020-02-12T20:42:01
264,273,Charlotte Heath-Reynolds,Sarah Atkinson-Smith,RQOR37271630764497,3,0.4608311863,0.0,2015-07-15T00:00:00,0,0.0,20000.0,ReprovadoAnalista,De 31 a 50 % - Médio,0.6415094339622641,0.3584905660377358,0.0,,,,,,,,,,,0.0,0.0,1.0,0.0,2005.0,De 11 a 16 anos,20000.0,True,False,1.0,52800.0,
265,274,Ms. Megan Holmes,Dr. Sylvia Allen,HWJL33905126369048,93,0.2716451172,0.0,2018-12-31T00:00:00,0,0.0,58000.0,AprovadoComite,De 31 a 50 % - Médio,0.490566037735849,0.5094339622641509,0.0,43000.0,2020-02-13T17:26:49,,,,,,,,,0.0,0.0,1.0,0.0,2017.0,De 0 a 5 anos,10000.0,False,True,1.0,720.0,
266,275,Jasmine Powell-King,Geraldine Ward,GPXG19427137072476,21,0.2376033887,0.0,2008-09-30T00:00:00,59,12509.91,50000.0,AprovadoComite,De 31 a 50 % - Médio,0.660377358490566,0.3396226415094339,-0.866025403784439,50000.0,2020-02-13T17:30:55,2018-12-31T00:00:00,2309705.0,919039.0,2360470.0,1441431.0,0.0,942138.0,814623.0,3521646.0,1347055.0,12.0,2174591.0,2008.0,De 11 a 16 anos,200000.0,False,True,1.0,38000.0,
267,276,Rosie Thornton,Alex Clark,POPU32025062275349,6,0.5914350962,0.0,2018-03-07T00:00:00,0,0.0,30000.0,AprovadoComite,De 31 a 50 % - Médio,0.5094339622641509,0.490566037735849,-0.86602540378444,30000.0,2020-02-13T17:13:31,,,,,,,,,752516.0,0.0,12.0,0.0,2017.0,De 0 a 5 anos,20000.0,False,False,1.0,9600.0,
268,277,Mrs. Alison Lee,Vanessa Rice,QQQE00937753536472,42,0.0,,2012-08-24T17:13:57,0,0.0,30000.0,AprovadoComite,De 31 a 50 % - Médio,0.6792452830188679,0.320754716981132,0.0,30000.0,2020-02-13T17:35:37,,,,,,,,,2961403.0,0.0,12.0,0.0,2004.0,De 11 a 16 anos,60000.0,False,True,0.0,60800.0,
271,280,Jack Brooks,Hannah Coles,JHVF50104224655412,2,0.0,,2019-10-09T17:29:16,0,0.0,30000.0,AprovadoComite,De 31 a 50 % - Médio,0.6226415094339622,0.3773584905660377,0.0,25000.0,2020-02-13T17:36:38,,,,,,,,,1319703.0,0.0,12.0,0.0,2013.0,De 6 a 10 anos,95400.0,False,True,0.0,12800.0,
272,281,Hayley Wright,Diana Watson,TGXS09022976568821,3,0.60583252,0.0,2017-09-27T00:00:00,0,0.0,20000.0,AprovadoAnalista,De 31 a 50 % - Médio,0.6226415094339622,0.3773584905660377,0.0,11000.0,,,,,,,,,,839968.0,0.0,12.0,0.0,2016.0,De 0 a 5 anos,10000.0,False,False,1.0,12150.0,2020-02-13T15:31:59
276,285,Cameron Jones,Louis Brown,DXFT10434671387815,30,0.0,,2018-11-22T17:27:33,0,0.0,35000.0,AprovadoComite,De 31 a 50 % - Médio,0.490566037735849,0.5094339622641509,-0.866025403784439,15000.0,2020-02-13T17:37:17,2019-12-31T00:00:00,427357.0,334973.0,464583.0,129609.0,27955.0,183549.0,146651.0,1758366.0,539169.0,12.0,1219197.0,2018.0,De 0 a 5 anos,60000.0,False,True,0.0,11608.0,
277,286,Shirley Fraser,Caroline Sims-Stewart,AEHJ06108317145464,0,0.0,,2019-05-30T17:28:29,0,0.0,11500.0,AprovadoAnalista,De 31 a 50 % - Médio,0.5094339622641509,0.490566037735849,-0.866025403784439,11500.0,,,,,,,,,,525959.0,0.0,12.0,0.0,2018.0,De 0 a 5 anos,95400.0,False,False,0.0,54000.0,2020-02-13T18:27:57
282,292,Terence Young-White,Martin Hall,QBWC47973775458768,20,0.3437710423,0.0,2016-08-23T00:00:00,68,80842.7,300000.0,AprovadoComite,De 31 a 50 % - Médio,0.6037735849056604,0.3962264150943396,-2e-16,300000.0,2020-02-13T17:37:51,2018-12-31T02:00:00,21023436.0,777474.0,21504459.0,20578747.0,147994.0,2854127.0,15251981.0,65753491.0,13146906.0,12.0,52606585.0,1998.0,Acima de 17 anos,450000.0,False,True,1.0,7884121.0,
286,296,Beverley Middleton,Mohamed Thompson-Newman,ISGO83317520236376,90,0.3470060758,0.0,2014-03-13T00:00:00,15,3886.0,50000.0,AprovadoComite,De 31 a 50 % - Médio,0.5094339622641509,0.490566037735849,0.866025403784439,30000.0,2020-02-13T19:03:41,,,,,,,,,9066041.0,0.0,12.0,0.0,2011.0,De 6 a 10 anos,200000.0,False,True,0.8076390275,26400.0,
290,302,Malcolm Bolton,Janet Owen,ILVD04250361101576,14,0.0,,2018-08-27T10:47:14,0,0.0,700000.0,AprovadoComite,De 31 a 50 % - Médio,0.5283018867924528,0.4716981132075471,-0.359821914366132,700000.0,2020-02-13T17:45:58,2018-12-31T02:00:00,108513000.0,112285000.0,1725486000.0,1613201000.0,0.0,0.0,0.0,0.0,0.0,1.0,0.0,1942.0,Acima de 17 anos,421286954.0,True,False,0.0,0.0,
292,304,Malcolm Bolton,Janet Owen,EWWP39022791129732,42,0.0,,2018-08-28T10:48:01,0,0.0,100000.0,AprovadoComite,De 31 a 50 % - Médio,0.5471698113207547,0.4528301886792452,-0.913215626790456,100000.0,2020-02-13T18:57:54,2018-12-31T02:00:00,108513000.0,112285000.0,1725486000.0,112285000.0,0.0,0.0,0.0,0.0,0.0,1.0,0.0,1942.0,Acima de 17 anos,421286954.0,True,False,0.0,0.0,
293,305,Malcolm Bolton,Francis Andrews,WQDA74481173716737,20,0.0,,2019-02-12T14:46:13,0,0.0,70000.0,AprovadoComite,De 31 a 50 % - Médio,0.6226415094339622,0.3773584905660377,-0.866025403784439,70000.0,2020-02-13T18:58:32,2018-12-31T02:00:00,108513000.0,112285000.0,1725486000.0,1613201000.0,0.0,0.0,0.0,0.0,0.0,1.0,0.0,1942.0,Acima de 17 anos,421286954.0,False,False,0.0,0.0,
294,306,Brett Wheeler,Terence O'Connor,DKOG06921665634894,61,0.6088906349,0.0,2018-08-27T00:00:00,17,640190.03,150000.0,AprovadoComite,De 31 a 50 % - Médio,0.6226415094339622,0.3773584905660377,-0.597048792139133,150000.0,2020-02-13T18:54:42,2018-12-31T02:00:00,1334726000.0,1030495000.0,1776012000.0,715872000.0,65648000.0,0.0,700541000.0,3222402.0,0.0,12.0,0.0,1948.0,Acima de 17 anos,330742994.0,True,False,0.8482640173,0.0,
302,315,Lynda Bradley,Tracy Collins,EMEN91491346208704,0,0.0,,2017-04-20T11:10:24,0,0.0,5000.0,AprovadoAnalista,De 31 a 50 % - Médio,0.6226415094339622,0.3773584905660377,0.0,5000.0,,,,,,,,,,0.0,0.0,1.0,0.0,2008.0,De 11 a 16 anos,67800.0,False,True,0.0,60000.0,2020-02-13T19:07:14
304,317,Miss Harriet Tyler,Jade Thomas,EKFW96917765445914,11,0.2655254663,0.0,2019-04-18T00:00:00,8,6400.0,50000.0,AprovadoAnalista,De 31 a 50 % - Médio,0.6037735849056604,0.3962264150943396,0.0,26000.0,,,,,,,,,,455009.0,0.0,12.0,0.0,1985.0,Acima de 17 anos,70000.0,False,True,1.0,13500.0,2020-02-13T19:28:49
309,322,Gerald Wong,Jake Douglas,GCLJ02132447630077,66,0.3798407985,0.0,2013-11-13T00:00:00,82,2140954.39,3000000.0,AprovadoComite,De 31 a 50 % - Médio,0.5849056603773584,0.4150943396226415,0.986340294789491,3000000.0,2020-02-13T18:55:26,2019-12-31T03:00:00,439759646.0,176148420.0,1118741126.0,534396581.0,20189.0,202700484.0,135854376.0,818740879.0,298336451.0,12.0,520404428.0,2011.0,De 6 a 10 anos,31484880.0,True,False,0.939821309,35726656.0,
310,323,Ms. Teresa Rowe,Paige Smith-White,AMVS99974579709322,0,0.4694312796,0.0,2019-02-07T00:00:00,0,0.0,10000.0,AprovadoAnalista,De 31 a 50 % - Médio,0.6037735849056604,0.3962264150943396,0.0,10000.0,,,,,,,,,,236116.0,0.0,12.0,0.0,1976.0,Acima de 17 anos,100000.0,False,True,1.0,17600.0,2020-02-13T19:17:06
311,324,Tracy Poole,Tina Davis-Jones,NCJH33151395173838,30,0.326457378,0.0,2012-12-18T00:00:00,0,0.0,30000.0,AprovadoAnalista,De 31 a 50 % - Médio,0.5660377358490566,0.4339622641509433,0.866025403784439,30000.0,,,,,,,,,,12572516.0,0.0,11.0,0.0,2008.0,De 11 a 16 anos,100000.0,False,True,0.9587071402,284800.0,2020-02-13T19:06:30
312,325,Mr. Charlie Jenkins,Jeremy Mason,VHYJ58683844676302,0,0.0,,2020-02-05T17:29:56,0,0.0,15000.0,ReprovadoAnalista,De 31 a 50 % - Médio,0.5471698113207547,0.4528301886792452,0.0,,,,,,,,,,,851725.0,0.0,12.0,0.0,2010.0,De 6 a 10 anos,20000.0,True,True,0.0,0.0,
317,330,Ms. Jacqueline Newton,Declan Elliott-Watson,YOCF61377912302172,6,0.5805373759,0.0,2017-08-31T00:00:00,0,0.0,10000.0,AprovadoAnalista,De 31 a 50 % - Médio,0.6226415094339622,0.3773584905660377,0.0,10000.0,,,,,,,,,,3571566.0,0.0,12.0,0.0,1993.0,Acima de 17 anos,100000.0,False,True,0.5390808331,41600.0,2020-02-13T19:13:29
319,332,Holly Ahmed,Rebecca Ward,AMUW45123130012863,7,0.5994995681,0.0,2016-09-28T00:00:00,75,17250.0,20000.0,AprovadoAnalista,De 31 a 50 % - Médio,0.5849056603773584,0.4150943396226415,0.987310233628167,20000.0,,,,,,,,,,2701070.0,0.0,12.0,0.0,2016.0,De 0 a 5 anos,200000.0,False,False,0.7826803718,86000.0,2020-02-13T19:05:54
321,334,Robert Holden,Steven Jennings,BABS70915793664936,6,0.0,,2011-10-14T10:53:51,0,0.0,500000.0,AprovadoAnalista,De 31 a 50 % - Médio,0.6037735849056604,0.3962264150943396,0.866025403784439,150000.0,,,,,,,,,,0.0,0.0,1.0,0.0,1998.0,Acima de 17 anos,2474545.0,False,False,0.0,178000.0,2020-02-13T19:51:10
326,339,Dean Clayton,Abdul Wood,BZFA06542301998587,6,0.0,,2015-07-07T15:43:00,0,0.0,35000.0,AprovadoAnalista,De 31 a 50 % - Médio,0.6792452830188679,0.320754716981132,0.0,35000.0,,,,,,,,,,17609445.0,0.0,12.0,0.0,2015.0,De 0 a 5 anos,30000.0,False,False,0.0,89000.0,2020-02-17T16:14:31
327,340,Lewis Smith,Leon Cunningham,HSCL01110863335400,1,0.0,,2017-07-07T10:18:30,0,0.0,10000.0,AprovadoAnalista,De 31 a 50 % - Médio,0.5660377358490566,0.4339622641509433,0.0,10000.0,,,,,,,,,,651269.0,0.0,12.0,0.0,2012.0,De 6 a 10 anos,5000.0,False,True,0.0,10800.0,2020-02-17T16:15:15
328,341,Bryan Banks-Brown,Mr. Callum Richards,LVPC56014978676751,30,0.3994591348,0.0,2014-06-13T00:00:00,37,299767.2,200000.0,AprovadoAnalista,De 31 a 50 % - Médio,0.6226415094339622,0.3773584905660377,0.0,200000.0,,2019-03-31T03:00:00,1643374.0,1171046.0,2132379.0,498621.0,146406.0,1160180.0,381064.0,2325641.0,1878669.0,3.0,446972.0,2011.0,De 6 a 10 anos,1500000.0,False,True,0.926123726,649935.0,2020-02-17T16:17:30
329,342,Declan Hall-Phillips,Aimee Cooper,RPIW31490472382571,14,0.5189080828,0.0,2017-09-18T00:00:00,18,4819.37,40000.0,ReprovadoAnalista,De 31 a 50 % - Médio,0.5849056603773584,0.4150943396226415,0.0,,,,,,,,,,,1570281.0,0.0,12.0,0.0,2005.0,De 11 a 16 anos,72400.0,True,True,1.0,720.0,
333,346,Vincent Davies,Amber Jones,LQNT97481584976268,0,0.0,,2017-04-28T17:21:45,0,0.0,20000.0,AprovadoAnalista,De 31 a 50 % - Médio,0.5660377358490566,0.4339622641509433,0.0,15000.0,,,,,,,,,,585105.0,0.0,6.0,0.0,2011.0,De 6 a 10 anos,5000.0,False,True,0.0,5120.0,2020-02-17T16:36:00
335,348,Damien Harris,Ms. Gemma Parker,XGFU01599165399052,6,0.0,,2017-02-03T11:44:42,0,0.0,20000.0,AprovadoAnalista,De 31 a 50 % - Médio,0.490566037735849,0.5094339622641509,0.0,20000.0,,,,,,,,,,827521.0,0.0,12.0,0.0,2017.0,De 0 a 5 anos,10000.0,False,True,0.0,3520.0,2020-02-17T17:11:59
336,349,Zoe Kay,Gerald Roberts,IOLU97290242185314,4,0.0,,2017-08-24T17:24:53,0,0.0,49999.0,AprovadoAnalista,De 31 a 50 % - Médio,0.6792452830188679,0.320754716981132,0.0,25000.0,,,,,,,,,,10980039.0,0.0,12.0,0.0,2013.0,De 6 a 10 anos,80000.0,False,True,0.0,43000.0,2020-02-17T16:38:14
337,350,Diana Barber,Dr. Lauren Kelly,DDHS83059815114099,22,0.6064980237,0.0,2007-08-23T00:00:00,27,8900.0,25000.0,AprovadoAnalista,De 31 a 50 % - Médio,0.660377358490566,0.3396226415094339,0.0,25000.0,,,,,,,,,,1155182.0,0.0,12.0,0.0,1991.0,Acima de 17 anos,6480.0,False,False,1.0,8800.0,2020-02-17T17:21:01
338,351,Annette Thompson,Alison Davidson,GNBU00248056398212,7,0.5324386574,0.0,2017-04-03T00:00:00,0,650774.72,400000.0,AprovadoComite,De 31 a 50 % - Médio,0.5471698113207547,0.4528301886792452,0.974328421048946,400000.0,2020-02-17T17:30:01,2019-09-30T03:00:00,13916574.0,13656054.0,13921380.0,265325.0,0.0,2370981.0,9538940.0,36080889.0,7227812.0,9.0,28853077.0,2016.0,De 0 a 5 anos,350000.0,False,True,0.9861028861,21500.0,
341,354,Marie Khan-Law,Sara Lee,AZSC87069187552433,28,0.3649911668,0.0,2019-03-13T00:00:00,24,11796.6,50000.0,AprovadoAnalista,De 31 a 50 % - Médio,0.5660377358490566,0.4339622641509433,0.0,25000.0,,,,,,,,,,1971118.0,0.0,12.0,0.0,2018.0,De 0 a 5 anos,100000.0,False,True,1.0,5720.0,2020-02-17T16:33:59
345,359,Francesca Martin,Grace Brown,IAVQ10124598897345,0,0.0,,2017-09-18T14:27:04,0,0.0,30000.0,AprovadoAnalista,De 31 a 50 % - Médio,0.6037735849056604,0.3962264150943396,0.0,30000.0,,,,,,,,,,3380293.0,0.0,12.0,0.0,1995.0,Acima de 17 anos,200000.0,False,True,0.0,229693.0,2020-02-17T17:27:19
346,360,Mr. Jake Bell,Mrs. Sally Berry,JMEO07911359226509,27,0.3152502595,0.0,2018-05-30T00:00:00,0,0.0,15000.0,AprovadoAnalista,De 31 a 50 % - Médio,0.5660377358490566,0.4339622641509433,-0.866025403784439,15000.0,,,,,,,,,,1099557.0,0.0,12.0,0.0,2006.0,De 11 a 16 anos,25000.0,False,False,1.0,3700.0,2020-02-17T17:27:53
347,361,Dr. Dale Hughes,Diana Lewis,KYEC30750033896793,3,0.4549867866,0.0,2018-03-05T00:00:00,9,5913.34,35000.0,AprovadoAnalista,De 31 a 50 % - Médio,0.6226415094339622,0.3773584905660377,0.0,35000.0,,,,,,,,,,4795183.0,0.0,12.0,0.0,2017.0,De 0 a 5 anos,150000.0,False,True,1.0,3837.0,2020-02-17T17:33:40
348,362,Dr. Jonathan Marshall,Dr. Patricia Garner,XKYK03095095761466,3,0.0,,2017-01-24T15:21:46,0,0.0,10000.0,AprovadoAnalista,De 31 a 50 % - Médio,0.6226415094339622,0.3773584905660377,0.0,10000.0,,,,,,,,,,670491.0,0.0,12.0,0.0,2003.0,Acima de 17 anos,110000.0,False,True,0.0,63000.0,2020-02-17T17:32:33
350,364,Frederick Barrett,Beth Bell,WQHU51155178920011,89,0.3399164539,0.0,2006-06-06T00:00:00,0,0.0,40000.0,AprovadoAnalista,De 31 a 50 % - Médio,0.660377358490566,0.3396226415094339,0.0,30000.0,,,,,,,,,,2090136.0,0.0,12.0,0.0,1988.0,Acima de 17 anos,93700.0,False,True,1.0,34218.0,2020-02-17T17:47:52
351,366,Malcolm Thomas,Dr. Ian Armstrong,PCEF26648358231204,31,0.3708316101,0.0,2012-10-11T00:00:00,32,11606.4,30000.0,AprovadoAnalista,De 31 a 50 % - Médio,0.660377358490566,0.3396226415094339,0.0,25000.0,,,,,,,,,,1683902.0,0.0,12.0,0.0,1998.0,Acima de 17 anos,100000.0,False,True,1.0,181006.0,2020-02-17T17:47:14
352,367,Miss Elizabeth Simpson,John Connolly-Davey,CMYX66406780479939,111,0.306717889,0.0,2010-05-10T00:00:00,0,0.0,49500.0,AprovadoAnalista,De 31 a 50 % - Médio,0.5094339622641509,0.490566037735849,0.20927026561724,15000.0,,,,,,,,,,2811388.0,0.0,12.0,0.0,1994.0,Acima de 17 anos,100000.0,False,True,0.4233630894,21500.0,2020-02-17T17:53:25
353,368,Dr. Hayley Freeman,Mr. Garry Green,XCGV50737515493791,224,0.3144315725,0.0,2014-02-26T00:00:00,26,31523.31,100000.0,AprovadoComite,De 31 a 50 % - Médio,0.6226415094339622,0.3773584905660377,-0.980388898418926,40000.0,2020-02-17T17:32:45,2018-12-31T02:00:00,0.0,0.0,0.0,0.0,0.0,0.0,0.0,2058865.0,0.0,12.0,0.0,2013.0,De 6 a 10 anos,95400.0,False,True,1.0,4400.0,
358,374,Elizabeth Sutton,Mrs. Hayley Burrows,RYNH95256886398640,34,0.3592020177,0.0,2011-04-07T00:00:00,0,0.0,80000.0,AprovadoAnalista,De 31 a 50 % - Médio,0.5660377358490566,0.4339622641509433,0.866025403784439,80000.0,,2018-12-31T02:00:00,2486009.0,140453.0,2903694.0,2763240.0,0.0,0.0,1005026.0,5342332.0,2457047.0,12.0,2885285.0,2005.0,De 11 a 16 anos,40000.0,True,True,0.9919967597,86000.0,2020-02-17T18:56:41
359,375,Mr. Martyn McKenzie,Billy White-Thomas,DFNR53549069081851,59,0.3521191691,0.0,2013-02-08T00:00:00,0,0.0,10000.0,AprovadoAnalista,De 31 a 50 % - Médio,0.6792452830188679,0.320754716981132,0.0,10000.0,,,,,,,,,,2758764.0,0.0,12.0,0.0,2008.0,De 11 a 16 anos,80000.0,False,False,1.0,2960.0,2020-02-17T19:09:43
360,376,Georgina Thompson,Dr. Henry Smart,MMEM21286090279300,5,0.0,,2019-09-12T13:49:13,0,0.0,30000.0,AprovadoAnalista,De 31 a 50 % - Médio,0.490566037735849,0.5094339622641509,0.0,10000.0,,,,,,,,,,519682.0,0.0,12.0,0.0,2017.0,De 0 a 5 anos,200000.0,False,True,0.0,9504.0,2020-02-17T19:10:15
362,378,Patricia Miles-O'Connor,Steven Morgan,LEKH15898039517032,3,0.5672013598,0.0,2019-02-20T00:00:00,11,1561.98,15000.0,AprovadoAnalista,De 31 a 50 % - Médio,0.5094339622641509,0.490566037735849,0.0,15000.0,,,,,,,,,,1314701.0,0.0,12.0,0.0,2015.0,De 0 a 5 anos,100000.0,False,True,1.0,18900.0,2020-02-17T18:10:52
363,379,Ms. Janice Holmes,Megan Patel-Davis,QANS21546073949429,0,0.0,,2017-01-23T17:21:06,0,0.0,10000.0,AprovadoAnalista,De 31 a 50 % - Médio,0.6037735849056604,0.3962264150943396,0.0,10000.0,,,,,,,,,,298481.0,0.0,12.0,0.0,1984.0,Acima de 17 anos,72400.0,False,True,0.0,99000.0,2020-02-17T19:23:24
366,382,Jamie Thomas,Grace Pearson,YYJT16811008435933,9,0.0,,2016-05-11T17:18:42,0,0.0,15000.0,AprovadoAnalista,De 31 a 50 % - Médio,0.6415094339622641,0.3584905660377358,0.866025403784439,12000.0,,,,,,,,,,27549117.0,0.0,10.0,0.0,1985.0,Acima de 17 anos,10000.0,False,False,0.0,34400.0,2020-02-17T19:45:32
368,384,Tracey Jones,Miss Jodie Gordon,DSDP42915296213541,25,0.3576923077,0.0,2010-04-12T00:00:00,48,183947.84,150000.0,AprovadoAnalista,De 31 a 50 % - Médio,0.6037735849056604,0.3962264150943396,0.914419492608694,140000.0,,2019-12-31T03:00:00,7380376.0,5419688.0,7425106.0,114165.0,0.0,3907517.0,1230056.0,12794141.0,0.0,12.0,0.0,2010.0,De 6 a 10 anos,100000.0,False,True,0.9895970252,892646.0,2020-02-17T19:20:33
369,385,Thomas Allen,Linda Cook,AMTY32020615312575,4,0.4348023596,0.0,2015-09-16T00:00:00,27,20838.54,48900.0,AprovadoAnalista,De 31 a 50 % - Médio,0.6037735849056604,0.3962264150943396,0.0,40000.0,,,,,,,,,,1366296.0,0.0,7.0,0.0,2015.0,De 0 a 5 anos,40000.0,False,True,1.0,13440.0,2020-02-17T19:59:58
372,388,Dr. Benjamin Crawford,Callum Bentley,UVEG17189372628409,3,0.5679427527,0.0,2019-03-07T00:00:00,0,0.0,30000.0,AprovadoAnalista,De 31 a 50 % - Médio,0.6226415094339622,0.3773584905660377,0.0,15000.0,,,,,,,,,,693166.0,0.0,12.0,0.0,2010.0,De 6 a 10 anos,20000.0,False,True,1.0,11200.0,2020-02-17T20:00:48
374,390,Dr. Nigel Scott,Derek Hill,HACJ40097641322816,3,0.0,,2019-03-11T17:28:04,0,0.0,17000.0,ReprovadoAnalista,De 31 a 50 % - Médio,0.5094339622641509,0.490566037735849,0.0,,,2018-09-30T00:00:00,191251.0,4306.0,191251.0,150000.0,0.0,0.0,9887.0,68529.0,43547.0,3.0,24983.0,2018.0,De 0 a 5 anos,150000.0,True,True,0.0,1720.0,
375,392,Clive Harvey,Dr. Brian Bryan,CRBJ02558207289280,23,0.6370290539,0.0,2018-09-11T00:00:00,68,5735.78,20000.0,ReprovadoAnalista,De 31 a 50 % - Médio,0.5849056603773584,0.4150943396226415,0.0,,,,,,,,,,,44678633.0,0.0,12.0,0.0,1984.0,Acima de 17 anos,20000.0,True,False,1.0,418133.0,
376,393,Joyce Ward,Mark Martin,GRTO26476605372312,2,0.2606411612,0.0,2019-03-20T00:00:00,126,158627.16,100000.0,AprovadoComite,De 31 a 50 % - Médio,0.6415094339622641,0.3584905660377358,0.0,30000.0,2020-02-17T20:28:24,2019-12-31T03:00:00,2064090.0,3903043.0,2539062.0,-1363981.0,0.0,741680.0,545225.0,0.0,0.0,1.0,0.0,2013.0,De 6 a 10 anos,0.0,False,True,1.0,15000.0,
378,395,Amber Browne,Natasha Powell,URHT04866185134825,26,0.0,,2017-04-06T08:46:48,0,0.0,10000.0,AprovadoAnalista,De 31 a 50 % - Médio,0.5094339622641509,0.490566037735849,0.0,10000.0,,,,,,,,,,988379.0,0.0,11.0,0.0,2015.0,De 0 a 5 anos,20000.0,False,True,0.0,2200.0,2020-02-17T19:46:57
379,396,Samantha Evans,Andrea Hobbs,DZZP77726440773562,7,0.0,,2018-08-21T16:12:59,0,0.0,30000.0,AprovadoAnalista,De 31 a 50 % - Médio,0.6792452830188679,0.320754716981132,-0.866025403784439,30000.0,,2018-12-31T00:00:00,2337149.0,2345646.0,2345646.0,1029696.0,113052.0,675431.0,36418.0,3160445.0,1402051.0,12.0,1758394.0,2013.0,De 6 a 10 anos,300000.0,False,True,0.0,26400.0,2020-02-17T20:17:57
381,398,Jason Fraser,Jeremy Wright,DRIV56145021015278,4,0.2737072834,0.0,2018-02-05T00:00:00,0,0.0,20000.0,AprovadoAnalista,De 31 a 50 % - Médio,0.490566037735849,0.5094339622641509,0.0,18000.0,,,,,,,,,,751713.0,0.0,12.0,0.0,2017.0,De 0 a 5 anos,200000.0,False,True,1.0,36000.0,2020-02-17T20:03:21
383,400,Dr. Hayley Freeman,Mr. Garry Green,XCGV50737515493791,224,0.3144315725,0.0,2014-02-26T00:00:00,26,31523.31,100000.0,AprovadoAnalista,De 31 a 50 % - Médio,0.6226415094339622,0.3773584905660377,-0.980388898418926,40000.0,,2019-12-31T03:00:00,1468945.0,100267.0,1468945.0,606785.0,15624.0,0.0,1734770.0,1940661.0,0.0,12.0,0.0,2013.0,De 6 a 10 anos,95400.0,False,True,1.0,4400.0,2020-02-17T20:34:51
384,401,Leonard Davies,Kenneth Thomas,HDCP21674482518994,196,0.3645702294,0.0,2015-10-26T00:00:00,11,21067.2,50000.0,AprovadoAnalista,De 31 a 50 % - Médio,0.6037735849056604,0.3962264150943396,-0.999479002701835,35000.0,,2019-06-30T00:00:00,3730912.0,3028509.0,3839849.0,670247.0,863971.0,2409392.0,813758.0,5752872.0,2295022.0,6.0,3457850.0,1994.0,Acima de 17 anos,110000.0,False,True,0.8647141761,76000.0,2020-02-17T20:20:50
393,410,Hazel Ross,Chelsea Singh,CASL82587952232562,16,0.4701973788,0.0,2019-12-27T00:00:00,25,985.0,10000.0,AprovadoAnalista,De 31 a 50 % - Médio,0.5471698113207547,0.4528301886792452,0.0,10000.0,,,,,,,,,,1126985.0,0.0,12.0,0.0,2018.0,De 0 a 5 anos,99800.0,False,True,1.0,35200.0,2020-02-17T20:41:44
397,415,Ms. Charlene Bell,Eleanor Roberts,IZCT65944036425841,8,0.6474171732,0.0,2015-10-14T00:00:00,0,0.0,50000.0,AprovadoAnalista,De 31 a 50 % - Médio,0.6226415094339622,0.3773584905660377,-0.866025403784438,50000.0,,,,,,,,,,4606547.0,0.0,6.0,0.0,1992.0,Acima de 17 anos,849000.0,False,True,1.0,16200.0,2020-02-18T11:47:57
398,416,Mr. Stephen Barnes,Tracy Collins,BZIO58735071460546,0,0.0,,2018-05-18T17:26:11,0,0.0,5000.0,AprovadoAnalista,De 31 a 50 % - Médio,0.5094339622641509,0.490566037735849,0.0,5000.0,,,,,,,,,,438829.0,0.0,12.0,0.0,2016.0,De 0 a 5 anos,120000.0,False,True,0.0,5120.0,2020-02-18T14:01:23
400,418,Martyn Brown-Jackson,Miss Frances Bull,EHDJ94994204173246,779,0.3460075111,0.0,2009-08-14T00:00:00,0,0.0,88500.0,AprovadoAnalista,De 31 a 50 % - Médio,0.6415094339622641,0.3584905660377358,0.645773136509262,75000.0,,2018-12-31T02:00:00,3603743.0,101036.0,3763064.0,3662028.0,0.0,829122.0,2420492.0,3724929.0,0.0,12.0,0.0,2006.0,De 11 a 16 anos,400000.0,False,True,0.9388661319,26000.0,2020-02-18T17:43:38
403,421,Ashleigh Allen-Ahmed,Laura Shaw-Turner,OQTP06350836010371,7,0.0,,2010-04-22T15:18:40,0,0.0,50000.0,AprovadoAnalista,De 31 a 50 % - Médio,0.5471698113207547,0.4528301886792452,-0.970428404275368,50000.0,,2019-11-30T00:00:00,2279433.0,865521.0,2361747.0,1097005.0,18199.0,1124970.0,742774.0,707528.0,0.0,11.0,0.0,2009.0,De 11 a 16 anos,33000.0,False,True,0.0,66000.0,2020-02-18T14:42:48
406,424,Joseph Jenkins,Ms. Jean Watts,PJEM45211853371488,0,0.0,,2019-10-22T17:29:21,0,0.0,5000.0,AprovadoAnalista,De 31 a 50 % - Médio,0.5094339622641509,0.490566037735849,0.0,5000.0,,,,,,,,,,112032.0,0.0,12.0,0.0,2019.0,De 0 a 5 anos,10000.0,False,True,0.0,1350.0,2020-02-18T14:33:52
408,426,Dr. Andrew Wood,Kenneth Thomson,CZEO09131807989562,15,0.5458447443,0.0,2019-03-29T00:00:00,0,0.0,11800.0,ReprovadoAnalista,De 31 a 50 % - Médio,0.5283018867924528,0.4716981132075471,0.0,,,2019-12-31T00:00:00,7063.0,28070.0,7063.0,-27007.0,25000.0,0.0,0.0,37598.0,0.0,11.0,0.0,2019.0,De 0 a 5 anos,10000.0,False,False,1.0,1760.0,
411,429,Dylan Burns,Helen Robson-Jones,PDDM85985106233190,11,0.0,,2017-09-13T17:24:57,0,0.0,30000.0,AprovadoAnalista,De 31 a 50 % - Médio,0.5094339622641509,0.490566037735849,0.0,15000.0,,,,,,,,,,1272993.0,0.0,12.0,0.0,2017.0,De 0 a 5 anos,50000.0,False,True,0.0,2200.0,2020-02-18T15:14:30
413,431,Natalie Allen-Davies,Brandon Davies,BUNK47917149545751,19,0.3628337579,0.0,2017-09-25T00:00:00,82,13646.0,10000.0,AprovadoAnalista,De 31 a 50 % - Médio,0.6037735849056604,0.3962264150943396,-0.999808283449608,10000.0,,,,,,,,,,2234482.0,0.0,12.0,0.0,2000.0,Acima de 17 anos,100000.0,False,True,1.0,2700.0,2020-02-18T17:44:25
415,433,Dr. Gordon Lloyd,Miss Alexandra Graham,VDKM49598190317908,9,0.4690957976,0.0,2018-12-12T00:00:00,0,0.0,35000.0,AprovadoAnalista,De 31 a 50 % - Médio,0.6037735849056604,0.3962264150943396,0.0,35000.0,,,,,,,,,,1410997.0,0.0,12.0,0.0,2005.0,De 11 a 16 anos,20000.0,False,True,1.0,5920.0,2020-02-18T17:03:30
418,436,Clive Harvey,Dr. Brian Bryan,CRBJ02558207289280,23,0.6370290539,0.0,2018-09-11T00:00:00,68,5735.78,20000.0,AprovadoAnalista,De 31 a 50 % - Médio,0.6792452830188679,0.320754716981132,0.0,20000.0,,,,,,,,,,44678633.0,0.0,12.0,0.0,1984.0,Acima de 17 anos,20000.0,False,False,1.0,418133.0,2020-02-18T16:54:59
419,437,Irene Russell,Mrs. Kirsty Collins,INIJ02122017249695,740,0.0,,2008-08-22T09:35:49,0,0.0,40000.0,AprovadoAnalista,De 31 a 50 % - Médio,0.6415094339622641,0.3584905660377358,0.866025403784439,40000.0,,,,,,,,,,24463445.0,0.0,12.0,0.0,2001.0,Acima de 17 anos,700000.0,False,False,0.0,89000.0,2020-02-18T17:41:57
420,438,Dr. Cameron Foster,Mr. Derek Hill,TQQT14305514508565,24,0.4692603175,0.0,2013-05-07T00:00:00,27,25200.0,100000.0,AprovadoComite,De 31 a 50 % - Médio,0.6226415094339622,0.3773584905660377,0.0005763829259497,100000.0,2020-02-18T19:15:25,2019-12-31T03:00:00,49639726.0,33339477.0,51132259.0,13964479.0,3722281.0,22923059.0,16026346.0,110289198.0,31087083.0,12.0,79202115.0,1986.0,Acima de 17 anos,3600000.0,True,False,0.9506621077,0.0,
422,440,Ms. Debra Wade,Rachel Harris-Reynolds,VOXK39980489641860,26,0.4012288618,0.0,2011-05-02T00:00:00,0,0.0,264000.0,ReprovadoAnalista,De 31 a 50 % - Médio,0.5283018867924528,0.4716981132075471,0.796774882444864,,,2019-06-30T03:00:00,1742422.0,2456488.0,2637422.0,180933.0,1551513.0,2395273.0,1585297.0,1342432.0,-197905.0,6.0,1540337.0,2009.0,De 11 a 16 anos,800000.0,False,True,1.0,108800.0,
423,441,Mathew Wood,Dr. Timothy Curtis,ZNFM43477609950867,23,0.5333298869,0.0,2013-09-30T00:00:00,0,0.0,20000.0,AprovadoAnalista,De 31 a 50 % - Médio,0.5660377358490566,0.4339622641509433,0.0,20000.0,,,,,,,,,,3307220.0,0.0,12.0,0.0,1998.0,Acima de 17 anos,300000.0,False,True,1.0,42900.0,2020-02-18T18:16:13
425,443,Sheila Lewis,Leslie Howard,ZAXO82747695275294,7,0.5094196104,0.0,2019-10-02T00:00:00,0,0.0,40000.0,AprovadoAnalista,De 31 a 50 % - Médio,0.5283018867924528,0.4716981132075471,0.0,20000.0,,,,,,,,,,570188.0,0.0,5.0,0.0,2012.0,De 6 a 10 anos,60000.0,True,True,1.0,5720.0,2020-02-18T18:44:17
430,448,Katy Wilkinson-Birch,Jay Rose-Berry,BMPX43449519134005,59,0.0802976033,0.0,2006-11-29T00:00:00,0,0.0,50000.0,AprovadoAnalista,De 31 a 50 % - Médio,0.5849056603773584,0.4150943396226415,-0.62295033992924,20000.0,,2018-12-31T00:00:00,5086312.0,1313118.0,5796956.0,4249181.0,258732.0,4285636.0,505093.0,6524247.0,2258253.0,12.0,4265994.0,2000.0,Acima de 17 anos,3800000.0,True,False,1.0,595675.0,2020-02-19T15:49:21
432,450,Maria Knight,Bradley Lees,UWBR10417726609203,19,0.5707778356,0.0,2015-02-18T00:00:00,47,3844.0,50000.0,AprovadoAnalista,De 31 a 50 % - Médio,0.5660377358490566,0.4339622641509433,-0.905450103958459,40000.0,,,,,,,,,,2630846.0,0.0,12.0,0.0,2001.0,Acima de 17 anos,50000.0,False,True,0.9837317051,27000.0,2020-02-19T12:11:43
434,452,Simon Peacock,Sally Young,NRUC91959983742030,9,0.5365127399,0.0,2010-09-17T00:00:00,9,12018.83,500000.0,AprovadoComite,De 31 a 50 % - Médio,0.6226415094339622,0.3773584905660377,0.866025403784439,300000.0,2020-02-19T12:36:40,2018-12-31T02:00:00,54943893.0,4586331.0,87151590.0,6373159.0,0.0,26999059.0,27044960.0,61035925.0,43173609.0,12.0,17862316.0,2002.0,Acima de 17 anos,500000.0,False,True,1.0,4391931.0,
436,454,Mrs. Frances Ellis,Jemma Wilkinson,OSHA40716010539110,162,0.3798497383,0.0,2012-02-27T00:00:00,17,2645.7,50000.0,AprovadoAnalista,De 31 a 50 % - Médio,0.5471698113207547,0.4528301886792452,0.0,50000.0,,,,,,,,,,4508348.0,0.0,12.0,0.0,2008.0,De 11 a 16 anos,120000.0,False,True,1.0,3520.0,2020-02-19T12:26:53
438,456,Robin Marshall,Paula Jackson-Kent,HZYQ83011294573693,25,0.3599633391,0.0,2013-04-01T00:00:00,0,27856.0,400000.0,AprovadoAnalista,De 31 a 50 % - Médio,0.5849056603773584,0.4150943396226415,0.909603818677237,400000.0,,2019-12-31T03:00:00,949713000.0,334121000.0,1107920000.0,721854000.0,5731000.0,482990000.0,317654000.0,2291466000.0,690589000.0,12.0,1600877.0,1968.0,Acima de 17 anos,3830000.0,True,False,0.9552207695,248312960.0,2020-02-19T13:16:16
439,457,Ms. Jane Connolly,Dr. Bryan Daly,AFWW26144067803129,0,0.0,,2017-06-27T17:22:00,0,0.0,10000.0,AprovadoAnalista,De 31 a 50 % - Médio,0.6226415094339622,0.3773584905660377,0.0,10000.0,,,,,,,,,,113009.0,0.0,3.0,0.0,1999.0,Acima de 17 anos,56000.0,False,True,0.0,16650.0,2020-02-19T12:30:47
442,460,Amelia Wilson,Dr. Cameron Jones,IACT97942891728619,92,0.0,,2006-03-16T17:06:42,0,0.0,10000.0,AprovadoAnalista,De 31 a 50 % - Médio,0.660377358490566,0.3396226415094339,0.0,10000.0,,,,,,,,,,3129044.0,0.0,12.0,0.0,1984.0,Acima de 17 anos,78000.0,False,True,0.0,133000.0,2020-02-19T15:43:15
443,461,Bryan Banks-Brown,Mr. Callum Richards,LVPC56014978676751,30,0.3994591348,0.0,2014-06-13T00:00:00,37,299767.2,300000.0,AprovadoAnalista,De 31 a 50 % - Médio,0.5471698113207547,0.4528301886792452,-0.996603730038325,300000.0,,2019-12-31T03:00:00,1717885.0,1802891.0,2535706.0,502476.0,429574.0,1405932.0,279909.0,11019499.0,3429930.0,3.0,7589569.0,2011.0,De 6 a 10 anos,1500000.0,False,True,0.926123726,649935.0,2020-02-19T15:46:10
447,465,Leanne Bell,Clare Rees-Moss,HUFL97867216799324,2,0.4061224224,0.0,2019-10-09T00:00:00,0,0.0,15000.0,AprovadoAnalista,De 31 a 50 % - Médio,0.5094339622641509,0.490566037735849,0.0,10000.0,,,,,,,,,,1254526.0,0.0,12.0,0.0,2017.0,De 0 a 5 anos,93700.0,False,True,1.0,7400.0,2020-02-19T15:57:55
449,467,Dr. Lee Graham,Ann Jackson,HYUS92892218428439,4,0.5919934649,0.0,2017-07-14T00:00:00,0,0.0,30000.0,AprovadoAnalista,De 31 a 50 % - Médio,0.6226415094339622,0.3773584905660377,0.0,15000.0,,,,,,,,,,624783.0,0.0,12.0,0.0,2007.0,De 11 a 16 anos,96000.0,False,True,1.0,20240.0,2020-02-19T16:02:51
450,468,Melissa Harrison,Dr. Stanley Duncan,OTDI88441466145172,0,0.0,,2019-12-12T17:29:37,0,0.0,3000.0,AprovadoAnalista,De 31 a 50 % - Médio,0.6037735849056604,0.3962264150943396,0.0,3000.0,,,,,,,,,,0.0,0.0,1.0,0.0,2010.0,De 6 a 10 anos,20000.0,False,True,0.0,142400.0,2020-02-19T16:03:30
451,469,Bernard Clark-Marshall,Barry James-King,HVNX28893310492993,57,0.3073040282,0.0,2018-06-11T00:00:00,0,0.0,15000.0,AprovadoAnalista,De 31 a 50 % - Médio,0.6037735849056604,0.3962264150943396,0.0,15000.0,,,,,,,,,,394546.0,0.0,7.0,0.0,2014.0,De 6 a 10 anos,10000.0,False,True,1.0,2700.0,2020-02-19T16:04:38
464,482,Rachael Richardson,Dr. Stuart Johnson,LQXI42131268046994,4,0.4303991881,0.0,2015-07-17T00:00:00,0,0.0,30000.0,AprovadoAnalista,De 31 a 50 % - Médio,0.6037735849056604,0.3962264150943396,-0.866025403784439,30000.0,,,,,,,,,,2918574.0,0.0,12.0,0.0,2012.0,De 6 a 10 anos,80000.0,False,True,0.9091918447,54000.0,2020-02-19T20:29:53
465,483,Dr. Charlie Mahmood,Kevin O'Donnell,CBOR02474212875560,11,0.3468349625,0.0,2017-01-05T00:00:00,0,3428.52,60000.0,AprovadoAnalista,De 31 a 50 % - Médio,0.660377358490566,0.3396226415094339,0.0,60000.0,,2018-12-31T02:00:00,3142244.0,345323.0,3181529.0,2836205.0,0.0,1475050.0,143505.0,2909590.0,1772352.0,12.0,1137238.0,2010.0,De 6 a 10 anos,300000.0,False,True,0.6020376263,16500.0,2020-02-20T14:58:08
466,484,Dr. Catherine Marshall,Beth Jackson,KJLZ02519864515986,4,0.5277353397,0.0,2017-09-29T00:00:00,0,0.0,30000.0,AprovadoAnalista,De 31 a 50 % - Médio,0.6037735849056604,0.3962264150943396,5e-16,30000.0,,,,,,,,,,3453837.0,0.0,12.0,0.0,1999.0,Acima de 17 anos,450000.0,False,True,0.8841378987,55900.0,2020-02-19T20:31:35
468,486,Henry Rees,Alice Welch,WFGN98192449084652,0,0.0,,,0,0.0,48000.0,AprovadoAnalista,De 31 a 50 % - Médio,0.6037735849056604,0.3962264150943396,0.0,25000.0,,,,,,,,,,870005.0,0.0,12.0,0.0,2004.0,De 11 a 16 anos,5000.0,False,True,0.0,17600.0,2020-02-19T20:33:58
472,490,Kelly Henderson,Laura Holden,MNTE58109921623830,5,0.6402396479,0.0,2018-04-05T00:00:00,0,0.0,30000.0,AprovadoAnalista,De 31 a 50 % - Médio,0.6226415094339622,0.3773584905660377,4e-16,30000.0,,,,,,,,,,3039774.0,0.0,12.0,0.0,2005.0,De 11 a 16 anos,35000.0,False,True,1.0,22000.0,2020-02-19T20:37:29
473,491,Mr. Joe Cole,Marilyn Murphy,GTVQ76975945735585,30,0.0981947592,0.0,2014-03-26T00:00:00,17,776.0,75000.0,AprovadoAnalista,De 31 a 50 % - Médio,0.6792452830188679,0.320754716981132,0.0,75000.0,,2019-07-31T03:00:00,58334714.0,31355489.0,60521464.0,28938893.0,0.0,21477388.0,34510852.0,62317466.0,17615667.0,7.0,44701799.0,2001.0,Acima de 17 anos,150000.0,True,True,1.0,7350259.0,2020-02-19T20:44:57
475,493,Dr. Tracy Chandler,Dr. Sarah Turner,FFYN25302864354791,22,0.3526450637,0.0,2015-08-18T00:00:00,15,18185.3,100000.0,AprovadoAnalista,De 31 a 50 % - Médio,0.5660377358490566,0.4339622641509433,0.997894331866043,100000.0,,2018-12-31T02:00:00,2086470.0,1212832.0,2200899.0,972630.0,149971.0,560334.0,1462171.0,11584916.0,0.0,12.0,0.0,2014.0,De 6 a 10 anos,180000.0,False,True,0.9761517295,89000.0,2020-02-19T20:39:21
477,495,Martyn Brown-Jackson,Miss Frances Bull,EHDJ94994204173246,779,0.3460075111,0.0,2009-08-14T00:00:00,0,0.0,88500.0,AprovadoAnalista,De 31 a 50 % - Médio,0.6415094339622641,0.3584905660377358,-0.645773136509262,88500.0,,2018-12-31T02:00:00,3603743.0,101036.0,3763064.0,3662028.0,0.0,829122.0,2420492.0,5047882.0,2856639.0,12.0,2191243.0,2006.0,De 11 a 16 anos,400000.0,False,True,0.9388661319,26000.0,2020-02-19T20:52:34
479,497,Dr. Joel Scott,Trevor Thompson-Graham,WQGR61841788383763,2,0.6063433047,0.0,2015-09-16T00:00:00,0,0.0,10000.0,AprovadoAnalista,De 31 a 50 % - Médio,0.5094339622641509,0.490566037735849,0.0,10000.0,,,,,,,,,,1449183.0,0.0,12.0,0.0,2015.0,De 0 a 5 anos,30000.0,False,True,1.0,5920.0,2020-02-19T20:58:10
483,501,Joanne Roberts,Mrs. Debra Holloway,RBMR45781118595526,20,0.214009057,0.0,2007-04-11T00:00:00,44,6825.0,100000.0,AprovadoComite,De 31 a 50 % - Médio,0.6792452830188679,0.320754716981132,-0.879965431086517,50000.0,2020-02-20T13:56:01,2019-12-31T03:00:00,4443609.0,680927.0,4668405.0,2868815.0,0.0,1894443.0,1354653.0,6395265.0,2351130.0,12.0,4044135.0,2007.0,De 11 a 16 anos,30000.0,False,True,0.9968862534,19980.0,
484,502,Dr. Luke Ahmed,Danielle Jackson,FQSV38617597608237,9,0.3551979679,0.0,2014-04-25T00:00:00,39,452385.76,220000.0,AprovadoAnalista,De 31 a 50 % - Médio,0.660377358490566,0.3396226415094339,-0.891603207183089,220000.0,,2019-12-31T03:00:00,9665267.0,6437752.0,10030754.0,1078382.0,1945840.0,4614169.0,3240141.0,25883625.0,8552541.0,12.0,17331084.0,2003.0,Acima de 17 anos,1010000.0,False,False,0.9960238971,445000.0,2020-02-20T14:59:08
486,504,Aaron Mitchell,Dr. Leon Thomas,UCXM05710193423264,5,0.3263672048,0.0,2018-09-19T00:00:00,22,2244.33,20000.0,AprovadoAnalista,De 31 a 50 % - Médio,0.490566037735849,0.5094339622641509,0.0,20000.0,,,,,,,,,,1378708.0,0.0,12.0,0.0,2013.0,De 6 a 10 anos,93700.0,False,True,1.0,22734.0,2020-02-20T15:01:38
488,506,Melanie Simpson-Turner,Heather Kelly,WDCL89446050579981,119,0.3344044674,0.0,2009-04-22T00:00:00,0,0.0,50000.0,AprovadoAnalista,De 31 a 50 % - Médio,0.660377358490566,0.3396226415094339,-0.8844072525536,50000.0,,2018-12-31T00:00:00,6713566.0,473939.0,6774189.0,6299990.0,0.0,0.0,3739973.0,3719615.0,1682571.0,12.0,2037044.0,1995.0,Acima de 17 anos,100000.0,False,True,0.8420344282,82500.0,2020-02-20T15:02:26
489,507,Scott Ball,Annette Owen-Thomas,GDNV37902171840321,80,0.0,,2016-07-27T11:24:11,0,0.0,80000.0,AprovadoAnalista,De 31 a 50 % - Médio,0.5849056603773584,0.4150943396226415,0.368994814302997,40000.0,,2019-12-31T03:00:00,32104597.0,11199009.0,35814214.0,19750519.0,432929.0,168489869.0,13063689.0,41574896.0,25402709.0,12.0,25402709.0,2003.0,Acima de 17 anos,500000.0,False,True,0.0,0.0,2020-02-20T15:00:48
491,509,Brett Hughes,Joe Robson,CXLU95910927193779,54,0.5519362721,0.0,2018-06-18T00:00:00,44,802200.0,70000.0,AprovadoAnalista,De 31 a 50 % - Médio,0.6037735849056604,0.3962264150943396,-2e-16,70000.0,,2018-12-31T02:00:00,2501867.0,2114858.0,2575185.0,447231.0,13096.0,847479.0,410797.0,5793851.0,2558277.0,12.0,3235574.0,2014.0,De 6 a 10 anos,150000.0,False,True,0.7199811112,38000.0,2020-02-20T17:18:51
492,510,Miss Harriet Tyler,Jade Thomas,EKFW96917765445914,11,0.2655254663,0.0,2019-04-18T00:00:00,8,6400.0,50000.0,AprovadoComite,De 31 a 50 % - Médio,0.6037735849056604,0.3962264150943396,0.0,26000.0,2020-02-20T18:05:27,,,,,,,,,496545.0,0.0,12.0,0.0,1985.0,Acima de 17 anos,70000.0,False,True,1.0,13500.0,
493,511,Antony Howells,Ms. Aimee Marshall,SNFN46221342397506,5,0.5025590654,0.0,2017-05-26T00:00:00,0,0.0,40000.0,AprovadoAnalista,De 31 a 50 % - Médio,0.6226415094339622,0.3773584905660377,0.0,20000.0,,,,,,,,,,1856529.0,0.0,12.0,0.0,2017.0,De 0 a 5 anos,50000.0,False,True,1.0,10800.0,2020-02-20T17:22:18
494,512,Amber Evans,Jennifer Little-Allan,HHDV87070786136116,8,0.5741542772,0.0,2016-04-15T00:00:00,3,40293.08,400000.0,AprovadoComite,De 31 a 50 % - Médio,0.6037735849056604,0.3962264150943396,0.876721752370822,400000.0,2020-02-20T18:07:08,2019-06-30T03:00:00,33529878.0,35671037.0,37398525.0,1000000.0,727488.0,0.0,15113214.0,89803882.0,53233195.0,6.0,36570687.0,1999.0,Acima de 17 anos,1000000.0,False,True,0.9967354229,14399896.0,
499,517,Dylan Patel,Pamela O'Connor-Elliott,UROK12989214376913,6,0.5139604305,0.0,2017-08-04T00:00:00,0,0.0,15000.0,ReprovadoAnalista,De 31 a 50 % - Médio,0.5660377358490566,0.4339622641509433,-0.940223005840747,,,2018-12-31T00:00:00,10647649.0,832513.0,10656649.0,9824135.0,38086.0,33391.0,505050.0,5082480.0,2623634.0,11.0,2458846.0,2000.0,Acima de 17 anos,120000.0,True,True,0.8922904451,2700.0,
500,518,Margaret Morton,Georgina Edwards,FOQD35950552565600,14,0.523043632,0.0,2017-10-16T00:00:00,0,0.0,30000.0,AprovadoAnalista,De 31 a 50 % - Médio,0.5660377358490566,0.4339622641509433,-0.926342045482865,10000.0,,2019-12-31T00:00:00,423544.0,133500.0,423544.0,290043.0,0.0,39107.0,220837.0,300490.0,89373.0,12.0,211117.0,2014.0,De 6 a 10 anos,50000.0,False,True,0.9181579885,33000.0,2020-02-20T18:15:14
502,520,Ms. Jean Barrett,Rachel Gibson,AZIC71676245227613,18,0.0,,2015-10-07T17:18:41,0,0.0,30000.0,AprovadoAnalista,De 31 a 50 % - Médio,0.5471698113207547,0.4528301886792452,0.866025403784439,30000.0,,,,,,,,,,3918007.0,0.0,10.0,0.0,2013.0,De 6 a 10 anos,95400.0,False,True,0.0,405938.0,2020-02-20T18:22:02
508,526,Russell Kirby,Dr. Diane Bird,SQYW10688933765755,43,0.3501461909,0.0,2017-03-23T00:00:00,0,0.0,30000.0,AprovadoComite,De 31 a 50 % - Médio,0.5283018867924528,0.4716981132075471,0.835862323576417,15000.0,2020-02-21T12:44:47,,,,,,,,,2230621.0,1265987.0,12.0,964634.0,2019.0,De 0 a 5 anos,1300.0,False,False,0.9454513316,1120.0,
509,527,Dr. Grace Smith,Billy Bolton,XKXY96762412914186,41,0.5298735164,0.0,2010-09-14T00:00:00,11,6985.33,48500.0,ReprovadoAnalista,De 31 a 50 % - Médio,0.5283018867924528,0.4716981132075471,0.381911741119029,,,,,,,,,,,4824041.0,0.0,12.0,0.0,2008.0,De 11 a 16 anos,100000.0,True,False,0.7458995387,0.0,
513,531,Chelsea Harrison,Margaret Bailey,WIOG49153336375422,6,0.370447995,0.0,2017-08-30T00:00:00,0,0.0,115000.0,AprovadoAnalista,De 31 a 50 % - Médio,0.660377358490566,0.3396226415094339,0.866025403784439,115000.0,,2018-12-31T02:00:00,6624148.0,1313009.0,7335331.0,6022321.0,51226.0,1350334.0,4816479.0,11329453.0,3789951.0,12.0,7539502.0,2012.0,De 6 a 10 anos,400000.0,False,True,1.0,127055.0,2020-02-20T19:39:02
514,532,Shirley Hayward,Mr. Stanley Pearson,ONKS84185431179581,17,0.4728482214,0.0,2015-09-28T00:00:00,16,1512.0,20000.0,AprovadoAnalista,De 31 a 50 % - Médio,0.6415094339622641,0.3584905660377358,0.895971764922672,10000.0,,,,,,,,,,1900306.0,0.0,12.0,0.0,2009.0,De 11 a 16 anos,100000.0,False,False,1.0,30400.0,2020-02-20T20:04:04
518,536,Dr. Luke Ahmed,Danielle Jackson,FQSV38617597608237,9,0.3551979679,0.0,2014-04-25T00:00:00,39,452385.76,300000.0,AprovadoAnalista,De 31 a 50 % - Médio,0.660377358490566,0.3396226415094339,-0.891603207183089,300000.0,,2019-12-31T03:00:00,9665267.0,6437752.0,10030754.0,1078382.0,1945840.0,4614169.0,3240141.0,25883625.0,8552541.0,12.0,17331084.0,2003.0,Acima de 17 anos,1010000.0,False,False,0.9960238971,445000.0,2020-02-20T18:02:25
519,537,Julie Smith,Lynda Yates,DRIX03837324563307,3,0.0,,2015-03-30T15:05:27,0,0.0,26000.0,AprovadoAnalista,De 31 a 50 % - Médio,0.6226415094339622,0.3773584905660377,0.0,20000.0,,,,,,,,,,222851.0,0.0,5.0,0.0,2015.0,De 0 a 5 anos,40000.0,False,False,0.0,63000.0,2020-02-20T20:08:36
520,538,Keith Hamilton,Mr. Raymond Moore,TPSM04638395105750,16,0.0,,2015-05-07T14:57:21,0,0.0,10000.0,AprovadoAnalista,De 31 a 50 % - Médio,0.6226415094339622,0.3773584905660377,0.0,10000.0,,,,,,,,,,589215.0,0.0,12.0,0.0,1997.0,Acima de 17 anos,1000.0,False,True,0.0,1997.0,2020-02-20T20:15:04
521,539,Lynda Pearson,Mr. Stuart Jones,REWP06119465167230,21,0.3720848214,0.0,2012-06-13T00:00:00,0,0.0,22000.0,AprovadoAnalista,De 31 a 50 % - Médio,0.5849056603773584,0.4150943396226415,0.0,22000.0,,,,,,,,,,1025300.0,0.0,6.0,0.0,2010.0,De 6 a 10 anos,94000.0,True,True,1.0,4810.0,2020-02-20T20:16:22
522,540,Bruce Briggs,Miss Diane Hunt,TLNB22226585228206,7,0.3277825985,0.0,2018-08-03T00:00:00,0,0.0,50000.0,AprovadoAnalista,De 31 a 50 % - Médio,0.490566037735849,0.5094339622641509,0.866025403784439,50000.0,,,,,,,,,,2834821.0,0.0,7.0,0.0,2017.0,De 0 a 5 anos,93700.0,False,True,1.0,20771.0,2020-02-20T20:30:36
523,541,Jayne Carroll,Elaine Hughes,MSVS38034716009669,0,0.3434598396,0.0,2009-07-24T00:00:00,0,0.0,15000.0,AprovadoAnalista,De 31 a 50 % - Médio,0.6226415094339622,0.3773584905660377,0.0,8000.0,,,,,,,,,,510220.0,0.0,12.0,0.0,1996.0,Acima de 17 anos,60000.0,False,True,1.0,72344.0,2020-02-20T20:31:28
525,543,Abigail Patel,Mr. Adrian Jones,MDDZ01681644469922,0,0.0,,2019-12-19T17:29:40,0,0.0,4000.0,AprovadoAnalista,De 31 a 50 % - Médio,0.6226415094339622,0.3773584905660377,0.0,4000.0,,,,,,,,,,0.0,0.0,1.0,0.0,2008.0,De 11 a 16 anos,30000.0,False,True,0.0,3700.0,2020-02-20T19:58:50
526,544,Mrs. Amber Ward,Dale Knight,OYVS59562613587408,6,0.5578428231,0.0,2019-04-15T00:00:00,10,73970.0,51800.0,AprovadoAnalista,De 31 a 50 % - Médio,0.5471698113207547,0.4528301886792452,0.0,51800.0,,2017-01-01T02:00:00,0.0,0.0,0.0,0.0,0.0,0.0,0.0,5201591.0,0.0,12.0,0.0,2017.0,De 0 a 5 anos,100000.0,False,True,1.0,0.0,2020-02-20T20:33:01
527,545,Jacob Davies,Jeffrey Knight,DDKM09644704282712,0,0.4251900346,0.0,2019-01-29T00:00:00,0,0.0,40000.0,AprovadoAnalista,De 31 a 50 % - Médio,0.6792452830188679,0.320754716981132,0.0,20000.0,,2018-12-31T00:00:00,1883040.0,2417580.0,2616580.0,199000.0,20000.0,930251.0,486050.0,4959883.0,4034854.0,11.0,925029.0,2018.0,De 0 a 5 anos,800000.0,False,True,1.0,6800.0,2020-02-20T20:34:18
529,547,Robin Morley,Mandy Blake,PHAH89661785417349,15,0.3196524397,0.0,2014-05-08T00:00:00,12,1428.0,25000.0,AprovadoAnalista,De 31 a 50 % - Médio,0.6792452830188679,0.320754716981132,0.0,10000.0,,2018-12-31T00:00:00,70088.0,41968.0,74551.0,74551.0,11867.0,26295.0,30368.0,185078.0,41213.0,12.0,143865.0,2009.0,De 11 a 16 anos,2551000.0,False,False,1.0,5595680.0,2020-02-20T20:38:07
530,548,Leanne Bell,Clare Rees-Moss,HUFL97867216799324,2,0.4061224224,0.0,2019-10-09T00:00:00,0,0.0,12000.0,AprovadoAnalista,De 31 a 50 % - Médio,0.5094339622641509,0.490566037735849,0.0,10000.0,,,,,,,,,,1254526.0,0.0,12.0,0.0,2017.0,De 0 a 5 anos,93700.0,False,True,1.0,7400.0,2020-02-20T20:39:02
531,549,Mrs. Denise Peters,Ms. Joanne Cook,UJBB24141592808776,0,0.5530917739,0.0,2017-05-30T00:00:00,0,0.0,15000.0,AprovadoAnalista,De 31 a 50 % - Médio,0.6226415094339622,0.3773584905660377,0.0,10000.0,,,,,,,,,,282997.0,0.0,6.0,0.0,1995.0,Acima de 17 anos,5000.0,False,True,1.0,5400.0,2020-02-20T20:39:39
534,552,Andrew Wood,Mr. Robin Smith,RPVV45353639813861,18,0.0,,2016-03-08T17:10:13,0,0.0,40000.0,AprovadoAnalista,De 31 a 50 % - Médio,0.660377358490566,0.3396226415094339,-0.866025403784439,40000.0,,,,,,,,,,7372261.0,0.0,8.0,0.0,1998.0,Acima de 17 anos,841150.0,False,True,0.0,209286.0,2020-02-20T20:47:54
535,553,Joshua Quinn,Julian Brown,DSNH35313815523425,0,0.5143869897,0.0,2019-12-10T00:00:00,0,0.0,10000.0,AprovadoAnalista,De 31 a 50 % - Médio,0.6226415094339622,0.3773584905660377,0.0,8000.0,,,,,,,,,,0.0,0.0,1.0,0.0,1991.0,Acima de 17 anos,20000.0,False,True,1.0,45000.0,2020-02-20T20:48:43
536,554,Abbie Thomson,Fiona Bates,XUVE79198411730891,3,0.3656118881,0.0,2018-03-08T00:00:00,0,0.0,25000.0,AprovadoAnalista,De 31 a 50 % - Médio,0.490566037735849,0.5094339622641509,0.0,15000.0,,,,,,,,,,0.0,0.0,1.0,0.0,2017.0,De 0 a 5 anos,152900.0,False,True,1.0,13500.0,2020-02-20T20:50:31
538,556,Harriet Smith,Miss Joan Wood,GMOJ17978101331693,68,0.0,,2019-02-22T17:11:16,0,0.0,30000.0,AprovadoAnalista,De 31 a 50 % - Médio,0.5471698113207547,0.4528301886792452,0.866025403784439,10000.0,,,,,,,,,,289845.0,0.0,12.0,0.0,2000.0,Acima de 17 anos,211727313.0,True,False,0.0,3389400.0,2020-02-20T20:53:32
539,557,Victoria Morgan,Dr. Bernard Taylor,GECS58472958094606,7,0.5308016238,0.0,2018-03-02T00:00:00,0,0.0,15000.0,AprovadoAnalista,De 31 a 50 % - Médio,0.5094339622641509,0.490566037735849,0.0,10000.0,,,,,,,,,,785886.0,0.0,12.0,0.0,2017.0,De 0 a 5 anos,10000.0,False,True,1.0,16200.0,2020-02-20T20:59:07
540,558,Dr. Jade Gardner,Mary Abbott,IBKH23620316601673,0,0.3262492412,0.0,2018-12-13T00:00:00,0,0.0,20000.0,AprovadoAnalista,De 31 a 50 % - Médio,0.6226415094339622,0.3773584905660377,0.0,20000.0,,,,,,,,,,1444282.0,0.0,12.0,0.0,2015.0,De 0 a 5 anos,90000.0,False,False,1.0,55900.0,2020-02-20T20:59:33
542,560,Frank Smith-Sharp,Mrs. Joanne Ward,YLHA25438331358082,0,0.0,,2019-08-14T17:28:58,0,0.0,5000.0,AprovadoAnalista,De 31 a 50 % - Médio,0.6037735849056604,0.3962264150943396,0.0,5000.0,,,,,,,,,,0.0,0.0,1.0,0.0,2014.0,De 6 a 10 anos,10000.0,False,True,0.0,41697.0,2020-02-20T20:55:22
543,561,Marc Thomson,Mrs. Gail Lambert,MVAO69201194397561,7,0.2679234062,0.0,2017-03-31T00:00:00,0,0.0,5000.0,AprovadoAnalista,De 31 a 50 % - Médio,0.6226415094339622,0.3773584905660377,-0.866025403784439,5000.0,,,,,,,,,,0.0,0.0,1.0,0.0,2003.0,Acima de 17 anos,60000.0,False,True,0.8044639271,28800.0,2020-02-20T20:58:05
546,564,Charlene Khan,Dr. Mohamed Phillips,QMBA55941613517601,0,0.5150166153,0.0,2019-02-06T00:00:00,20,5040.0,60000.0,AprovadoAnalista,De 31 a 50 % - Médio,0.6037735849056604,0.3962264150943396,0.0,30000.0,,2019-12-31T03:00:00,955332.0,122626.0,1451165.0,1328538.0,0.0,93030.0,955332.0,1377924.0,413476.0,12.0,964448.0,2016.0,De 0 a 5 anos,30000.0,False,True,1.0,11000.0,2020-02-21T14:35:01
552,570,Lynne Johnson,Julian Charlton,BVLY21867315350082,0,0.3312837555,0.0,2016-10-14T00:00:00,0,0.0,10000.0,AprovadoAnalista,De 31 a 50 % - Médio,0.6226415094339622,0.3773584905660377,-1e-16,10000.0,,,,,,,,,,652844.0,0.0,12.0,0.0,1990.0,Acima de 17 anos,1000.0,False,True,1.0,5120.0,2020-02-21T15:14:44
557,575,Clare Randall,Nicholas Davies,GAWV71560677199029,5,0.447296065,0.0,2017-09-11T00:00:00,0,0.0,50000.0,ReprovadoAnalista,De 31 a 50 % - Médio,0.6037735849056604,0.3962264150943396,0.985792171963772,,,,,,,,,,,8479964.0,0.0,6.0,0.0,2013.0,De 6 a 10 anos,15000.0,True,True,0.9706242738,84000.0,
560,578,Victoria Morgan,Dr. Bernard Taylor,GECS58472958094606,7,0.5308016238,0.0,2018-03-02T00:00:00,0,0.0,15000.0,AprovadoAnalista,De 31 a 50 % - Médio,0.5094339622641509,0.490566037735849,0.0,15000.0,,,,,,,,,,785886.0,0.0,12.0,0.0,2017.0,De 0 a 5 anos,10000.0,False,True,1.0,16200.0,2020-02-21T17:29:06
561,579,Dr. Robin Nelson,Colin Dawson,UZXT70566668633195,8,0.5620862621,0.0,2016-01-26T00:00:00,0,0.0,30000.0,AprovadoAnalista,De 31 a 50 % - Médio,0.6792452830188679,0.320754716981132,0.0,30000.0,,2018-12-31T00:00:00,128912.0,157658.0,580310.0,343248.0,137622.0,140125.0,252222.0,1411468.0,1029131.0,12.0,382337.0,1999.0,Acima de 17 anos,100000.0,False,True,1.0,11000.0,2020-02-21T17:29:47
562,580,Dr. Dennis Patel,Jacqueline Morley,VXXJ91966047186783,7,0.500953551,0.0,2018-07-17T00:00:00,0,0.0,20000.0,AprovadoAnalista,De 31 a 50 % - Médio,0.660377358490566,0.3396226415094339,0.0,20000.0,,,,,,,,,,1253957.0,0.0,12.0,0.0,2018.0,De 0 a 5 anos,20000.0,False,False,1.0,28800.0,2020-02-21T17:31:41
563,581,Gemma Charlton,Lydia Morrison,VSWM57040130755217,21,0.2943141269,15.29810955,2019-08-09T00:00:00,107,0.0,20000.0,AprovadoAnalista,De 31 a 50 % - Médio,0.660377358490566,0.3396226415094339,0.866025403784438,20000.0,,,,,,,,,,229996561.0,0.0,5.0,0.0,1998.0,Acima de 17 anos,100000.0,True,False,1.0,136500.0,2020-02-21T17:53:15
564,582,Miss Nicole Reynolds,Dr. Steven Dobson,SQXN33822273652292,0,0.5745575613,0.0,2017-11-24T00:00:00,0,0.0,44500.0,AprovadoAnalista,De 31 a 50 % - Médio,0.5094339622641509,0.490566037735849,0.0,10000.0,,,,,,,,,,182432.0,0.0,12.0,0.0,2017.0,De 0 a 5 anos,30000.0,False,True,1.0,8000.0,2020-02-21T18:00:13
565,583,Miss Irene Brown,Mr. Trevor Parker,TCIW11600800225263,33,0.3895876665,0.0,2015-08-31T00:00:00,27,35404.95,50000.0,AprovadoAnalista,De 31 a 50 % - Médio,0.6792452830188679,0.320754716981132,0.866025403784439,40000.0,,,,,,,,,,4938926.0,0.0,12.0,0.0,2012.0,De 6 a 10 anos,100000.0,False,True,1.0,19000.0,2020-02-21T18:50:08
567,585,Mrs. Christine Scott,Hollie Gray-Smith,FSSZ60447765314983,6,0.0,,2014-09-05T17:17:28,0,0.0,50000.0,AprovadoAnalista,De 31 a 50 % - Médio,0.6226415094339622,0.3773584905660377,0.0,50000.0,,,,,,,,,,42821685.0,0.0,12.0,0.0,2014.0,De 6 a 10 anos,99800.0,False,True,0.0,443848.0,2020-02-21T18:48:35
571,589,Miss Olivia Charlton,Martin Horton,LAOH78168410122240,10,0.3908721543,0.0,2014-11-06T00:00:00,0,0.0,40000.0,AprovadoAnalista,De 31 a 50 % - Médio,0.5660377358490566,0.4339622641509433,0.802648386804539,20000.0,,,,,,,,,,1326723.0,0.0,12.0,0.0,2000.0,Acima de 17 anos,10000.0,False,True,1.0,5920.0,2020-02-21T19:17:28
573,591,Christian Hooper,Francesca Coles,PYFI17561574373554,24,0.0,,2018-07-31T17:26:41,0,0.0,15000.0,AprovadoAnalista,De 31 a 50 % - Médio,0.5660377358490566,0.4339622641509433,0.0,15000.0,,,,,,,,,,6417739.0,0.0,12.0,0.0,2016.0,De 0 a 5 anos,10000.0,False,True,0.0,5720.0,2020-02-21T19:18:22
575,593,Dr. Carl Johnson,Mrs. Kate Rogers,DSUI39714035682845,3,0.0,,2018-07-10T17:26:23,0,0.0,30000.0,AprovadoAnalista,De 31 a 50 % - Médio,0.6226415094339622,0.3773584905660377,0.0,30000.0,,,,,,,,,,41654448.0,0.0,6.0,0.0,2017.0,De 0 a 5 anos,3000000.0,False,True,0.0,720.0,2020-02-21T19:28:19
580,598,Dr. Douglas Vaughan,Mr. Jason Harding,ACIN83899744948830,2,0.546338481,0.0,2018-02-16T00:00:00,121,4940.62,49999.0,AprovadoAnalista,De 31 a 50 % - Médio,0.5094339622641509,0.490566037735849,0.0,10000.0,,,,,,,,,,1409550.0,0.0,12.0,0.0,2017.0,De 0 a 5 anos,93700.0,False,True,1.0,4810.0,2020-02-21T19:48:58
586,604,Dr. Damian Thompson,Leigh Stone,PRMX83688862273088,10,0.4002238931,0.0,2013-08-06T00:00:00,12,2992.5,10000.0,AprovadoAnalista,De 31 a 50 % - Médio,0.5660377358490566,0.4339622641509433,0.0,10000.0,,,,,,,,,,812209.0,0.0,12.0,0.0,2013.0,De 6 a 10 anos,10000.0,False,True,1.0,3520.0,2020-02-26T14:43:16
587,605,Damien Hart,Josh Bryan-Wilson,VIJS49154641676716,4,0.0,,2018-02-28T16:18:18,0,0.0,50000.0,AprovadoAnalista,De 31 a 50 % - Médio,0.5094339622641509,0.490566037735849,0.0,30000.0,,,,,,,,,,958364.0,0.0,12.0,0.0,2018.0,De 0 a 5 anos,50000.0,False,True,0.0,9600.0,2020-02-26T14:25:16
588,606,Ms. Rosie Payne,Ryan Hall,IBHO92743271074905,0,0.0,,2019-11-19T17:22:02,0,0.0,40000.0,AprovadoAnalista,De 31 a 50 % - Médio,0.490566037735849,0.5094339622641509,0.0,10000.0,,,,,,,,,,613472.0,0.0,12.0,0.0,2017.0,De 0 a 5 anos,100000.0,False,True,0.0,40715.0,2020-02-26T14:45:05
590,608,Ricky Rose,Dr. Anthony Price,DFYQ41151732049496,3,0.0,,2016-01-29T11:24:54,0,0.0,40000.0,AprovadoAnalista,De 31 a 50 % - Médio,0.6226415094339622,0.3773584905660377,0.0,40000.0,,,,,,,,,,6561954.0,0.0,12.0,0.0,2009.0,De 11 a 16 anos,93700.0,True,True,0.0,5400.0,2020-02-26T14:53:26
591,609,Joe Walters,Mr. Lawrence Williams,OXRS91694325479273,4,0.3632907397,0.0,2018-02-15T00:00:00,74,13390.98,30000.0,AprovadoAnalista,De 31 a 50 % - Médio,0.490566037735849,0.5094339622641509,0.0,25000.0,,,,,,,,,,423904.0,0.0,4.0,0.0,2017.0,De 0 a 5 anos,40000.0,False,True,1.0,7040.0,2020-02-26T16:45:01
592,610,Jeremy Wright-Murphy,Lee Gill,WTAU90116885899102,19,0.0,,2018-10-17T17:27:18,0,0.0,20000.0,ReprovadoAnalista,De 31 a 50 % - Médio,0.5471698113207547,0.4528301886792452,0.866025403784439,,,,,,,,,,,4588462.0,0.0,12.0,0.0,2010.0,De 6 a 10 anos,50000.0,True,True,0.0,34400.0,
594,612,Rachel Gill,Mr. Marc Bevan,CEXS04704624432507,89,0.3054820801,0.0,2019-08-22T00:00:00,14,1600.0,30000.0,AprovadoAnalista,De 31 a 50 % - Médio,0.490566037735849,0.5094339622641509,0.0,10000.0,,,,,,,,,,224836.0,0.0,12.0,0.0,2017.0,De 0 a 5 anos,100000.0,False,True,1.0,3200.0,2020-02-26T17:16:49
598,616,Dr. Jake Dale,Mr. Ricky Williams,SPID07567212738639,9,0.4706814281,0.0,2020-06-22T00:00:00,35,529387.04,300000.0,AprovadoAnalista,De 31 a 50 % - Médio,0.660377358490566,0.3396226415094339,0.0,300000.0,,2019-11-30T03:00:00,39572667.0,30303252.0,40212313.0,8446918.0,3320.0,15892402.0,20741217.0,443326000.0,95737000.0,12.0,347589000.0,2018.0,De 0 a 5 anos,100000.0,False,True,1.0,27000.0,2020-02-26T17:22:48
605,623,Katy Wood,Dr. Sean Harvey,ACBW38897749588448,0,0.0,,2018-09-26T17:24:28,0,0.0,5000.0,ReprovadoAnalista,De 31 a 50 % - Médio,0.5283018867924528,0.4716981132075471,0.0,,,,,,,,,,,0.0,0.0,1.0,0.0,2015.0,De 0 a 5 anos,200000.0,True,False,0.0,5400.0,
613,631,Mark Newman,Dr. Iain Kelly,XYTZ90514613364065,19,0.4239220748,0.0,2016-04-30T00:00:00,0,0.0,20000.0,AprovadoAnalista,De 31 a 50 % - Médio,0.660377358490566,0.3396226415094339,-0.866025403784439,20000.0,,,,,,,,,,3219040.0,0.0,12.0,0.0,2007.0,De 11 a 16 anos,20000.0,False,True,1.0,4400.0,2020-02-26T20:33:27
617,635,Dominic Leach,Emma Carey-Richardson,DJQY68299091886555,30,0.0,,2017-10-05T17:24:34,0,0.0,10000.0,ReprovadoAnalista,De 31 a 50 % - Médio,0.6415094339622641,0.3584905660377358,0.806604306568658,,,2018-12-31T00:00:00,1692746.0,908963.0,1997761.0,313202.0,0.0,601187.0,1076792.0,7545846.0,5822104.0,12.0,1723742.0,2001.0,Acima de 17 anos,100000.0,True,False,0.0,212765.0,
622,640,Dr. Mathew Moore,Claire Stevenson,DAZV16794881945936,4,0.0,,2013-05-16T17:15:39,0,0.0,30000.0,AprovadoAnalista,De 31 a 50 % - Médio,0.6792452830188679,0.320754716981132,0.0,20000.0,,2019-06-30T00:00:00,182926.0,265311.0,307121.0,41810.0,0.0,0.0,181329.0,458448.0,0.0,6.0,0.0,2013.0,De 6 a 10 anos,40000.0,False,True,0.0,77000.0,2020-02-26T20:57:20
624,642,Ellie Buckley,Mrs. Louise Morgan,SGBU83039047685321,4,0.0,,2019-02-13T17:27:57,0,0.0,10000.0,AprovadoAnalista,De 31 a 50 % - Médio,0.6226415094339622,0.3773584905660377,0.866025403784439,6000.0,,,,,,,,,,0.0,0.0,1.0,0.0,1995.0,Acima de 17 anos,4000.0,False,True,0.0,9450.0,2020-02-26T20:25:28
625,643,Miss Valerie Connor,Liam Hall,YWSQ51421424207341,66,0.4412997365,0.0,2013-01-07T00:00:00,24,11895.67,50000.0,AprovadoAnalista,De 31 a 50 % - Médio,0.5094339622641509,0.490566037735849,0.386821080133629,15000.0,,,,,,,,,,1313934.0,0.0,12.0,0.0,2011.0,De 6 a 10 anos,20000.0,False,True,0.7270875822,14400.0,2020-02-26T20:10:17
626,644,Dr. Michael Cooper,Trevor Williams,DWVL82874155794458,32,0.3352492347,0.0,2008-08-21T00:00:00,51,168788.91,350000.0,AprovadoAnalista,De 31 a 50 % - Médio,0.6226415094339622,0.3773584905660377,-0.866025403784439,280000.0,,2019-12-31T03:00:00,8952097.0,4033824.0,9393764.0,2091309.0,1943792.0,8348482.0,4510377.0,32143526.0,11420427.0,12.0,20723099.0,2007.0,De 11 a 16 anos,400000.0,True,True,1.0,683652.0,2020-02-26T20:04:06
627,645,Deborah Potter,Mary Richards,ZFWH23423948578401,163,0.4918686219,0.0,2018-11-13T00:00:00,36,111600.0,200000.0,AprovadoComite,De 31 a 50 % - Médio,0.660377358490566,0.3396226415094339,0.361495435341386,160000.0,2020-02-26T20:50:28,0019-02-06T03:06:00,723215.0,271154.0,723215.0,159917.0,0.0,690950.0,0.0,1513117.0,713299.0,6.0,799818.0,2013.0,De 6 a 10 anos,10000.0,False,True,1.0,4320.0,
630,648,Andrea Fitzgerald,Ellie Curtis-Lewis,PWMC43704814269350,238,0.7684077223,0.0,2016-08-24T00:00:00,0,0.0,35000.0,AprovadoAnalista,De 31 a 50 % - Médio,0.6792452830188679,0.320754716981132,-0.866025403784439,35000.0,,,,,,,,,,10268020.0,0.0,12.0,0.0,2014.0,De 6 a 10 anos,150000.0,False,True,1.0,19000.0,2020-02-26T20:48:09
633,651,Dr. Guy Hurst,Dr. Brian Lyons,DTWP93328998164926,0,0.0,,2017-10-06T17:25:08,0,0.0,10000.0,AprovadoAnalista,De 31 a 50 % - Médio,0.5094339622641509,0.490566037735849,0.0,10000.0,,,,,,,,,,248989.0,132804.0,11.0,116185.0,2017.0,De 0 a 5 anos,50000.0,False,True,0.0,12800.0,2020-02-26T20:50:03
636,654,Douglas Parker,Gillian Mason,BWJA72636159902734,9,0.4325313281,0.0,2016-10-07T00:00:00,0,0.0,50000.0,AprovadoAnalista,De 31 a 50 % - Médio,0.6226415094339622,0.3773584905660377,0.866025403784439,50000.0,,2018-12-31T00:00:00,0.0,0.0,0.0,0.0,0.0,0.0,0.0,1508751.0,0.0,5.0,0.0,2009.0,De 11 a 16 anos,30000.0,False,True,1.0,121555.0,2020-03-02T19:17:37
638,656,Dr. Kieran Jones,Dr. Keith Wilson,BUEV96444215022431,52,0.3882764929,0.0,2017-03-21T00:00:00,0,0.0,10000.0,AprovadoAnalista,De 31 a 50 % - Médio,0.5660377358490566,0.4339622641509433,0.439006620677413,7000.0,,,,,,,,,,2320541.0,0.0,12.0,0.0,2017.0,De 0 a 5 anos,20000.0,False,True,1.0,3700.0,2020-02-26T20:50:58
642,660,Samuel Johnson,Mrs. Leanne Henderson,RGFW61717678155779,26,0.6204937249,0.0,2017-03-13T00:00:00,29,5369.16,20000.0,AprovadoAnalista,De 31 a 50 % - Médio,0.6792452830188679,0.320754716981132,-1.1e-15,20000.0,,,,,,,,,,7801146.0,0.0,12.0,0.0,2005.0,De 11 a 16 anos,50000.0,False,True,1.0,2700.0,2020-02-27T14:56:17
643,661,Kieran Crawford-Barker,Ashley Manning,NNZO36223160420470,25,0.4425747526,0.0,2017-09-19T00:00:00,0,9769.12,50000.0,AprovadoAnalista,De 31 a 50 % - Médio,0.6792452830188679,0.320754716981132,-0.231065220641952,50000.0,,2018-12-31T00:00:00,1270586.0,929925.0,1288174.0,124785.0,233333.0,0.0,411799.0,3103673.0,1212274.0,12.0,1891399.0,2012.0,De 6 a 10 anos,120000.0,False,True,0.975464997,19000.0,2020-02-27T14:56:49
645,663,Justin Moore,Elliot Welch,HBBY23279208444554,6,0.0,,2019-11-26T16:03:46,0,0.0,50000.0,AprovadoAnalista,De 31 a 50 % - Médio,0.5471698113207547,0.4528301886792452,0.0,10000.0,,,,,,,,,,20000.0,0.0,1.0,0.0,2019.0,De 0 a 5 anos,20000.0,False,True,0.0,2560.0,2020-02-27T16:41:23
648,666,Christopher Barrett,Stacey Richards,LJRV41266615415095,0,0.0,,2019-06-21T17:28:34,0,0.0,50000.0,AprovadoAnalista,De 31 a 50 % - Médio,0.6226415094339622,0.3773584905660377,0.0,20000.0,,,,,,,,,,2605998.0,0.0,10.0,0.0,2018.0,De 0 a 5 anos,300000.0,False,True,0.0,1443.0,2020-02-27T17:17:58
650,668,Reece Howarth-Bibi,Paige Hill,BPCZ40130757750213,24,0.37732121,0.0,2019-11-18T00:00:00,0,0.0,20000.0,AprovadoAnalista,De 31 a 50 % - Médio,0.490566037735849,0.5094339622641509,0.0,10000.0,,,,,,,,,,853880.0,0.0,8.0,0.0,2018.0,De 0 a 5 anos,100000.0,False,True,1.0,28600.0,2020-02-27T17:29:51
651,669,Deborah Jones-Chapman,Brenda Powell,XDOI61813662894279,96,0.376022528,0.0,2013-03-04T00:00:00,0,0.0,20000.0,AprovadoAnalista,De 31 a 50 % - Médio,0.6226415094339622,0.3773584905660377,0.972774201450724,10000.0,,,,,,,,,,1621309.0,0.0,11.0,0.0,2005.0,De 11 a 16 anos,220000.0,False,True,0.9236243543,8640.0,2020-02-27T17:50:34
659,678,Russell Richards,Justin Kay,WTJY63898924464135,20,0.2972371605,0.0,2012-06-06T00:00:00,8,660.0,40000.0,AprovadoAnalista,De 31 a 50 % - Médio,0.660377358490566,0.3396226415094339,0.0,40000.0,,,,,,,,,,5678354.0,0.0,12.0,0.0,2006.0,De 11 a 16 anos,100000.0,False,True,1.0,145967.0,2020-02-27T18:28:46
660,679,Patricia Fox,Christian Martin,UPIU96285290079992,33,0.0,,2013-09-05T17:16:09,0,0.0,30000.0,AprovadoAnalista,De 31 a 50 % - Médio,0.660377358490566,0.3396226415094339,1.5e-15,30000.0,,,,,,,,,,2999290.0,0.0,12.0,0.0,2000.0,Acima de 17 anos,10000.0,False,True,0.0,17600.0,2020-02-27T20:21:32
663,683,Hazel Roberts-Fisher,Oliver Bennett,SUCY95744026602979,10,0.5705925674,0.0,2007-04-24T00:00:00,130,4600.0,10000.0,AprovadoAnalista,De 31 a 50 % - Médio,0.6226415094339622,0.3773584905660377,0.0,10000.0,,,,,,,,,,593188.0,0.0,12.0,0.0,1994.0,Acima de 17 anos,78800.0,False,True,1.0,60800.0,2020-02-27T20:21:56
664,684,Charlotte Harding,Brian Singh-Simpson,AJVU43222380898226,17,0.0,,2017-10-10T17:24:05,0,0.0,50000.0,ReprovadoAnalista,De 31 a 50 % - Médio,0.5660377358490566,0.4339622641509433,-0.892796110722671,,,,,,,,,,,1002440.0,0.0,6.0,0.0,2005.0,De 11 a 16 anos,40000.0,True,True,0.0,17600.0,
665,685,Malcolm Bryant,Pamela Jones,LHJZ81402434620715,7,0.3356708472,0.0,2013-03-22T00:00:00,0,0.0,50000.0,AprovadoAnalista,De 31 a 50 % - Médio,0.6792452830188679,0.320754716981132,0.866025403784439,15000.0,,,,,,,,,,2992226.0,0.0,11.0,0.0,2009.0,De 11 a 16 anos,100000.0,False,True,1.0,86000.0,2020-02-27T18:40:22
669,689,June Finch-Marshall,Dr. Louise Hancock,WVXA08000929552221,40,0.6686830926,0.0,2013-01-22T00:00:00,35,6201.0,15000.0,AprovadoAnalista,De 31 a 50 % - Médio,0.5471698113207547,0.4528301886792452,0.0,15000.0,,,,,,,,,,652625.0,0.0,12.0,0.0,2007.0,De 11 a 16 anos,40000.0,False,True,0.8089052071,11100.0,2020-02-27T20:22:26
678,698,Patricia Bird-Turner,John Holmes,RANY09752808156745,4,0.0,,2017-04-28T13:58:56,0,0.0,30000.0,AprovadoAnalista,De 31 a 50 % - Médio,0.5094339622641509,0.490566037735849,0.0,15000.0,,,,,,,,,,1404395.0,0.0,12.0,0.0,2017.0,De 0 a 5 anos,50000.0,False,True,0.0,16200.0,2020-02-27T20:37:04
679,699,Alison Warner,Jodie Williams,DRGO46021180427862,0,0.4165934543,0.0,2019-06-24T00:00:00,0,0.0,50000.0,AprovadoAnalista,De 31 a 50 % - Médio,0.5094339622641509,0.490566037735849,0.0,5000.0,,,,,,,,,,185556.0,0.0,8.0,0.0,2016.0,De 0 a 5 anos,30000.0,False,True,1.0,3520.0,2020-02-27T20:38:31
682,702,Mr. Jake Hussain,Jean Potter-Johnson,IATW15693786270082,0,0.0,,2020-01-27T17:29:48,0,0.0,10000.0,AprovadoAnalista,De 31 a 50 % - Médio,0.6226415094339622,0.3773584905660377,0.0,5000.0,,,,,,,,,,713882.0,0.0,12.0,0.0,2013.0,De 6 a 10 anos,180000.0,False,True,0.0,0.0,2020-02-27T20:56:36
684,704,Kerry Craig-Pearce,Leigh Russell,EWTW83255527185330,0,0.0,,2013-12-05T17:16:42,0,0.0,20000.0,AprovadoAnalista,De 31 a 50 % - Médio,0.6226415094339622,0.3773584905660377,0.0,15000.0,,,,,,,,,,651340.0,0.0,11.0,0.0,2013.0,De 6 a 10 anos,25000.0,False,True,0.0,60800.0,2020-02-27T20:56:06
690,710,Dr. Lee Graham,Ann Jackson,HYUS92892218428439,4,0.5919934649,0.0,2017-07-14T00:00:00,0,0.0,20000.0,AprovadoAnalista,De 31 a 50 % - Médio,0.6226415094339622,0.3773584905660377,0.0,15000.0,,,,,,,,,,624783.0,0.0,12.0,0.0,2007.0,De 11 a 16 anos,96000.0,False,True,1.0,20240.0,2020-02-27T21:22:34
691,711,Stanley Baker,Dean Marsh,YCTI21200749851588,2,0.0,,2011-08-10T17:13:07,0,0.0,20000.0,AprovadoAnalista,De 31 a 50 % - Médio,0.6037735849056604,0.3962264150943396,0.0,10000.0,,,,,,,,,,927222.0,0.0,12.0,0.0,2008.0,De 11 a 16 anos,96000.0,False,True,0.0,75600.0,2020-02-27T21:10:25
692,712,Lisa Murphy,Mrs. Anne Morris,TPTS90307594270868,17,0.5170335648,0.0,2010-01-07T00:00:00,32,17280.0,12000.0,AprovadoAnalista,De 31 a 50 % - Médio,0.5094339622641509,0.490566037735849,0.866025403784439,12000.0,,,,,,,,,,998028.0,0.0,12.0,0.0,2000.0,Acima de 17 anos,75000.0,False,True,1.0,720.0,2020-02-27T21:08:37
694,714,Dr. Oliver Payne,Miss Marion Singh,NGLB45781050728145,0,0.0,,2019-07-01T17:28:43,0,0.0,15000.0,AprovadoAnalista,De 31 a 50 % - Médio,0.490566037735849,0.5094339622641509,0.0,7000.0,,,,,,,,,,72426.0,0.0,3.0,0.0,2018.0,De 0 a 5 anos,200000.0,False,True,0.0,4400.0,2020-02-27T21:42:28
696,716,Stanley Brown,Katie Leach-Barnes,VJSA19813299288050,6,0.4713308015,0.0,2019-02-20T00:00:00,0,0.0,20000.0,AprovadoAnalista,De 31 a 50 % - Médio,0.5849056603773584,0.4150943396226415,0.866025403784439,10000.0,,,,,,,,,,815759.0,0.0,11.0,0.0,2008.0,De 11 a 16 anos,10000.0,False,True,1.0,12800.0,2020-02-27T21:48:31
697,717,Katy Mitchell,Bradley Lambert,YETX18404705074756,72,0.694806424,0.0,2007-09-14T00:00:00,99,98944.35,100000.0,AprovadoAnalista,De 31 a 50 % - Médio,0.6226415094339622,0.3773584905660377,-0.984021866408566,100000.0,,2018-12-31T02:00:00,115309062.0,82093124.0,160446690.0,77686365.0,10276319.0,39514548.0,66764827.0,464781076.0,149272777.0,12.0,315508299.0,2007.0,De 11 a 16 anos,500000.0,False,True,0.8722997035,47082862.0,2020-02-27T21:30:34
700,720,Mr. Jamie Taylor,Clare Barker-Parker,MKWO87353973931297,47,0.0,,2011-08-08T08:20:08,0,0.0,150000.0,AprovadoAnalista,De 31 a 50 % - Médio,0.6226415094339622,0.3773584905660377,0.866025403784439,110000.0,,2019-10-31T03:00:00,1754004.0,1633998.0,2230537.0,324961.0,640033.0,724030.0,777106.0,6438809.0,2785039.0,10.0,3653770.0,1969.0,Acima de 17 anos,100000.0,False,True,0.0,841669.0,2020-02-27T21:37:05
702,722,Brett Horton-Davey,Ms. Lynn Thomas,QPJX12071347335105,32,0.0,,2011-05-10T11:43:11,0,0.0,50000.0,AprovadoAnalista,De 31 a 50 % - Médio,0.5471698113207547,0.4528301886792452,-0.975501173795724,30000.0,,,,,,,,,,289845000.0,0.0,12.0,0.0,2007.0,De 11 a 16 anos,29144456.0,True,False,0.0,10249024.0,2020-02-28T16:48:22
705,725,Kieran Owen,Owen Yates,XVVG77049335300312,0,0.0,,2019-10-25T13:30:17,0,0.0,5000.0,ReprovadoAnalista,De 31 a 50 % - Médio,0.5471698113207547,0.4528301886792452,0.0,,,,,,,,,,,63228.0,0.0,7.0,0.0,2019.0,De 0 a 5 anos,10000.0,False,True,0.0,14400.0,
707,728,Sylvia Whitehead,Katherine Morgan,WSIN43359063365661,0,0.0,,2020-03-05T17:30:01,0,0.0,10000.0,AprovadoAnalista,De 31 a 50 % - Médio,0.490566037735849,0.5094339622641509,0.0,8500.0,,,,,,,,,,460055.0,0.0,12.0,0.0,2017.0,De 0 a 5 anos,100000.0,False,True,0.0,24000.0,2020-02-28T16:56:56
709,730,Mrs. Teresa Hunt,Geraldine Phillips,GGHQ64934976330271,0,0.0,,2016-10-10T17:20:41,0,0.0,30000.0,AprovadoAnalista,De 31 a 50 % - Médio,0.6037735849056604,0.3962264150943396,0.0,30000.0,,,,,,,,,,7444246.0,0.0,12.0,0.0,2016.0,De 0 a 5 anos,100000.0,False,True,0.0,4320.0,2020-02-28T18:23:43
710,731,Aaron Page-Wright,Declan Wood,BLTC33069147176152,0,0.3945491657,0.0,2019-05-28T00:00:00,0,0.0,6200.0,AprovadoAnalista,De 31 a 50 % - Médio,0.5094339622641509,0.490566037735849,0.0,6200.0,,,,,,,,,,0.0,0.0,1.0,0.0,2018.0,De 0 a 5 anos,96000.0,False,True,1.0,3200.0,2020-02-28T18:24:20
712,733,Clive Abbott,Dr. Clive Thompson,BYCF71818278396862,4,0.0,,2019-05-06T17:28:24,0,0.0,10000.0,ReprovadoAnalista,De 31 a 50 % - Médio,0.5094339622641509,0.490566037735849,0.866025403784439,,,,,,,,,,,572626.0,0.0,8.0,0.0,2019.0,De 0 a 5 anos,50000.0,False,True,0.0,2200.0,
715,736,Laura Miller,Matthew Jones,QSNS22901171503732,31,0.0,,2015-10-29T16:55:59,0,0.0,10000.0,AprovadoAnalista,De 31 a 50 % - Médio,0.6415094339622641,0.3584905660377358,-0.737389849978146,8000.0,,,,,,,,,,2295271.0,0.0,12.0,0.0,2012.0,De 6 a 10 anos,50000.0,False,False,0.0,48000.0,2020-02-28T19:20:44
717,738,Bernard Bradshaw,Dr. Jeffrey Giles,YALU84296861519346,41,0.531556155,0.0,2016-02-26T00:00:00,0,0.0,50000.0,AprovadoAnalista,De 31 a 50 % - Médio,0.5094339622641509,0.490566037735849,-0.929425950564417,50000.0,,,,,,,,,,5809303.0,0.0,12.0,0.0,2012.0,De 6 a 10 anos,20000.0,False,True,0.8856161763,38400.0,2020-02-28T19:53:45
719,740,Dr. Derek Turner,Graham Doyle,YWNM06832932047104,14,0.0,,2019-03-14T09:44:22,0,0.0,10000.0,AprovadoAnalista,De 31 a 50 % - Médio,0.490566037735849,0.5094339622641509,0.0,10000.0,,,,,,,,,,809323.0,0.0,12.0,0.0,2016.0,De 0 a 5 anos,20000.0,False,True,0.0,3520.0,2020-02-28T19:23:38
721,743,Mr. Jordan Stevens,Miss Ellie Kelly,UCBM91111020900951,23,0.3297961267,0.0,2016-08-03T00:00:00,0,0.0,194000.0,AprovadoAnalista,De 31 a 50 % - Médio,0.6037735849056604,0.3962264150943396,-0.927590165600965,150000.0,,2018-12-31T02:00:00,4774054.0,2670454.0,4853181.0,2182726.0,1195641.0,3174644.0,1501864.0,13244477.0,3168659.0,12.0,10075818.0,2014.0,De 6 a 10 anos,1500000.0,False,True,0.9588687939,17800.0,2020-02-28T19:19:24
727,750,Carly Moss,Nicole Rogers-Palmer,LMPS21167024808534,456,0.0,,2013-06-17T17:14:58,0,0.0,20000.0,AprovadoAnalista,De 31 a 50 % - Médio,0.5849056603773584,0.4150943396226415,-0.272189401442416,20000.0,,,,,,,,,,739719.0,0.0,12.0,0.0,2009.0,De 11 a 16 anos,80000.0,False,True,0.0,720.0,2020-02-28T19:49:47
730,753,Dr. Philip Gray,Victor McLean,UXJB22985036786466,4,0.2998586684,0.0,2015-09-16T00:00:00,0,0.0,200000.0,AprovadoComite,De 31 a 50 % - Médio,0.660377358490566,0.3396226415094339,0.0,80000.0,2020-02-28T19:52:22,2018-12-31T02:00:00,1661959.0,993754.0,1741073.0,747319.0,420001.0,431532.0,929008.0,4373053.0,1774100.0,12.0,2598953.0,2013.0,De 6 a 10 anos,100000.0,False,True,1.0,343489.0,
734,757,Julian Wells,Mrs. Judith Brown,HBVI29319994791229,3,0.4953709943,0.0,2017-01-31T00:00:00,0,0.0,20000.0,AprovadoAnalista,De 31 a 50 % - Médio,0.6037735849056604,0.3962264150943396,0.0,20000.0,,,,,,,,,,611600.0,0.0,12.0,0.0,1999.0,Acima de 17 anos,71224.0,False,True,1.0,11100.0,2020-02-28T19:54:19
738,761,Mrs. Rosie Watkins,Jasmine Ashton-Daniels,SNVA72373709693442,21,0.0,,2014-03-31T17:14:27,0,0.0,20000.0,AprovadoAnalista,De 31 a 50 % - Médio,0.6792452830188679,0.320754716981132,0.951675319369407,20000.0,,,,,,,,,,2296739.0,0.0,12.0,0.0,1975.0,Acima de 17 anos,100000.0,False,True,0.0,68800.0,2020-02-28T19:51:40
740,763,Ashley Knight,Judith Patel,FYHI02813517423422,5,0.4065550583,0.0,2019-10-31T00:00:00,0,20700.0,50000.0,AprovadoAnalista,De 31 a 50 % - Médio,0.490566037735849,0.5094339622641509,0.0,20000.0,,,,,,,,,,1188238.0,0.0,12.0,0.0,2015.0,De 0 a 5 anos,80000.0,False,True,1.0,0.0,2020-02-28T20:31:16
741,764,Garry Smith,Hugh Spencer-Williamson,LTJW90028302081434,0,0.0,,2018-04-16T17:26:04,0,0.0,10000.0,AprovadoAnalista,De 31 a 50 % - Médio,0.6037735849056604,0.3962264150943396,0.0,10000.0,,,,,,,,,,532504.0,0.0,12.0,0.0,1994.0,Acima de 17 anos,12000.0,False,True,0.0,58800.0,2020-02-28T20:07:15
743,766,Lawrence Davidson,Melanie Smith,XBVC41336588350584,5,0.0,,2015-08-21T17:18:27,0,0.0,20000.0,AprovadoAnalista,De 31 a 50 % - Médio,0.6226415094339622,0.3773584905660377,-0.866025403784439,20000.0,,,,,,,,,,914690.0,0.0,12.0,0.0,2000.0,Acima de 17 anos,78800.0,False,True,0.0,13200.0,2020-02-28T20:07:58
747,770,Arthur White,Mathew Pickering,LEGH25414113334223,0,0.5411710418,0.0,2020-02-18T00:00:00,0,0.0,15000.0,ReprovadoAnalista,De 31 a 50 % - Médio,0.5471698113207547,0.4528301886792452,0.0,,,,,,,,,,,12600.0,0.0,2.0,0.0,2019.0,De 0 a 5 anos,2000.0,False,True,1.0,720.0,
750,774,Julian Jones,Dr. Christine Hilton,HOXM94262756399831,2,0.0,,2017-03-31T17:21:35,0,0.0,30000.0,AprovadoAnalista,De 31 a 50 % - Médio,0.490566037735849,0.5094339622641509,0.0,15000.0,,2019-10-31T00:00:00,53465.0,54808.0,141453.0,66986.0,53127.0,0.0,19369.0,125572.0,63888.0,10.0,61684.0,2015.0,De 0 a 5 anos,10000.0,False,True,0.0,9240.0,2020-03-02T20:17:36
756,780,Frank Sullivan,Natalie King,NMFH55661019134279,17,0.368013309,0.0,2016-02-02T00:00:00,13,5450.0,50000.0,AprovadoAnalista,De 31 a 50 % - Médio,0.5471698113207547,0.4528301886792452,0.0369729544760378,30000.0,,,,,,,,,,5363903.0,0.0,12.0,0.0,2015.0,De 0 a 5 anos,150000.0,False,True,0.9639938015,42280.0,2020-03-02T20:28:39
757,781,Martyn James,Diane Moore,CPDV38132357851268,32,0.0,,2015-07-24T11:39:09,0,0.0,15000.0,AprovadoAnalista,De 31 a 50 % - Médio,0.6792452830188679,0.320754716981132,0.0,15000.0,,,,,,,,,,1585357.0,0.0,12.0,0.0,2011.0,De 6 a 10 anos,5000.0,False,True,0.0,12150.0,2020-03-02T20:36:55
760,784,Norman Cole,Teresa Curtis,CTNO64554679805148,23,0.3632365669,0.0,2012-11-22T00:00:00,25,2266.67,50000.0,AprovadoAnalista,De 31 a 50 % - Médio,0.6415094339622641,0.3584905660377358,0.64997738771389,10000.0,,,,,,,,,,1438973.0,0.0,6.0,0.0,1989.0,Acima de 17 anos,250000.0,False,True,1.0,75322.0,2020-03-02T20:33:56
761,785,Jacob Allen-Lloyd,Mrs. Tracy Jones,LJZX74617891787301,37,0.1908707071,0.0,2013-01-16T00:00:00,0,0.0,50000.0,AprovadoAnalista,De 31 a 50 % - Médio,0.660377358490566,0.3396226415094339,0.0,45000.0,,,,,,,,,,2887751.0,0.0,12.0,0.0,1997.0,Acima de 17 anos,50000.0,False,True,1.0,158400.0,2020-03-02T20:40:15
762,786,Janet Hobbs,Dr. Bernard Holland,ATGS92759954072982,0,0.5250487728,0.0,2016-11-21T00:00:00,37,123333.34,50000.0,AprovadoAnalista,De 31 a 50 % - Médio,0.6226415094339622,0.3773584905660377,0.0,50000.0,,,,,,,,,,14742470.0,0.0,12.0,0.0,2015.0,De 0 a 5 anos,100000.0,False,True,1.0,422600.0,2020-03-02T20:40:51
763,787,Georgina Smith,Geraldine Davies,CYOP55808220038371,0,0.0,,2016-08-25T17:20:28,0,0.0,10000.0,AprovadoAnalista,De 31 a 50 % - Médio,0.6226415094339622,0.3773584905660377,0.0,10000.0,,,,,,,,,,636434.0,0.0,11.0,0.0,2006.0,De 11 a 16 anos,5000.0,False,True,0.0,14800.0,2020-03-02T21:00:32
766,790,Charlotte Harding,Brian Singh-Simpson,AJVU43222380898226,17,0.0,,2017-10-10T17:24:05,0,0.0,40000.0,AprovadoAnalista,De 31 a 50 % - Médio,0.5660377358490566,0.4339622641509433,-0.892796110722671,30000.0,,,,,,,,,,1002440.0,0.0,6.0,0.0,2005.0,De 11 a 16 anos,40000.0,True,True,0.0,17600.0,2020-03-02T21:06:54
769,793,Charles Stanley,Julie Welch,KIQD44382774047348,3,0.3224337626,0.0,2019-12-04T00:00:00,26,2972.38,20000.0,AprovadoAnalista,De 31 a 50 % - Médio,0.6037735849056604,0.3962264150943396,0.0,10000.0,,,,,,,,,,1045825.0,0.0,8.0,0.0,2019.0,De 0 a 5 anos,350000.0,False,True,1.0,1800.0,2020-03-02T21:11:32
772,796,Denise Goodwin,Reece Kelly,EEBY78918190442335,93,0.5236921561,0.0,2006-06-26T00:00:00,22,1333.95,20000.0,AprovadoAnalista,De 31 a 50 % - Médio,0.5660377358490566,0.4339622641509433,-0.227202090670001,20000.0,,,,,,,,,,869962.0,0.0,11.0,0.0,1991.0,Acima de 17 anos,70000.0,False,True,0.9568718479,70000.0,2020-03-02T21:36:43
773,797,Ian Todd,Tracy Andrews,PRVS65727858855592,5,0.3927410843,0.0,2013-11-21T00:00:00,0,0.0,20000.0,AprovadoAnalista,De 31 a 50 % - Médio,0.6037735849056604,0.3962264150943396,-2.1e-15,10000.0,,,,,,,,,,525337.0,0.0,12.0,0.0,2009.0,De 11 a 16 anos,50000.0,False,True,1.0,4400.0,2020-03-02T21:38:08
774,798,Marie Fox,Ian Baker,OKFK11813743879606,3,0.3808040168,0.0,2017-10-23T00:00:00,0,0.0,36000.0,AprovadoAnalista,De 31 a 50 % - Médio,0.5471698113207547,0.4528301886792452,0.0,10000.0,,2017-12-31T00:00:00,0.0,0.0,0.0,0.0,0.0,0.0,0.0,977793.0,0.0,12.0,0.0,2017.0,De 0 a 5 anos,100000.0,False,True,1.0,2960.0,2020-03-02T21:22:20
775,799,Julia Smith,Mr. Howard Chapman,PDVM42675544367770,5,0.0,,2016-11-17T11:30:32,0,0.0,100000.0,AprovadoAnalista,De 31 a 50 % - Médio,0.6037735849056604,0.3962264150943396,0.0,50000.0,,,,,,,,,,3563036.0,0.0,12.0,0.0,2016.0,De 0 a 5 anos,60000.0,False,True,0.0,720.0,2020-03-02T21:09:23
777,801,Dr. Denise Lowe,Benjamin King-Alexander,BRYT23830367781891,3,0.0,,2018-06-26T17:26:28,0,0.0,15000.0,AprovadoAnalista,De 31 a 50 % - Médio,0.6226415094339622,0.3773584905660377,0.0,10000.0,,,,,,,,,,2701099.0,0.0,12.0,0.0,2018.0,De 0 a 5 anos,200000.0,False,True,0.0,35100.0,2020-03-03T16:03:00
778,802,Shaun Miah,Dr. Martin Davies,CMIH33075792949386,0,0.0,,2018-06-26T17:26:28,0,0.0,12000.0,AprovadoAnalista,De 31 a 50 % - Médio,0.5094339622641509,0.490566037735849,0.0,8000.0,,,,,,,,,,1333155.0,0.0,11.0,0.0,2018.0,De 0 a 5 anos,100000.0,False,True,0.0,35200.0,2020-03-03T16:04:20
781,805,Dr. Leigh Atkinson,Martyn Griffiths,UXHD11888818880313,0,0.4411045178,0.0,2019-04-26T00:00:00,0,0.0,20000.0,AprovadoAnalista,De 31 a 50 % - Médio,0.5283018867924528,0.4716981132075471,0.0,10000.0,,,,,,,,,,1080420.0,0.0,12.0,0.0,2004.0,De 11 a 16 anos,150000.0,True,True,1.0,8640.0,2020-03-02T21:46:42
782,806,Mrs. Clare Smith,Hugh Turner,NPBT71122652365200,0,0.4103858025,0.0,2017-10-11T00:00:00,0,0.0,20000.0,AprovadoAnalista,De 31 a 50 % - Médio,0.6226415094339622,0.3773584905660377,0.0,20000.0,,,,,,,,,,1227152.0,0.0,12.0,0.0,2003.0,Acima de 17 anos,200000.0,False,True,1.0,4400.0,2020-03-02T21:41:11
788,812,Rita Webb,Dr. Cameron Savage,OESQ40226732815159,19,0.4700791329,0.0,2017-10-13T00:00:00,0,0.0,5000.0,AprovadoAnalista,De 31 a 50 % - Médio,0.5283018867924528,0.4716981132075471,0.390259682734039,5000.0,,,,,,,,,,0.0,0.0,1.0,0.0,2009.0,De 11 a 16 anos,15000.0,False,True,0.6666666667,3520.0,2020-03-03T16:06:30
791,815,Dr. Andrew Wood,Kenneth Thomson,CZEO09131807989562,15,0.5458447443,0.0,2019-03-29T00:00:00,0,0.0,6000.0,ReprovadoAnalista,De 31 a 50 % - Médio,0.490566037735849,0.5094339622641509,0.0,,,,,,,,,,,39147.0,0.0,12.0,0.0,2019.0,De 0 a 5 anos,10000.0,False,True,1.0,2860.0,
793,817,Joanne Anderson,Miss Sophie Ferguson,BIRQ04196029262098,9,0.4888538769,0.0,2017-09-26T00:00:00,0,0.0,45000.0,ReprovadoAnalista,De 31 a 50 % - Médio,0.5849056603773584,0.4150943396226415,-0.86602540378444,,,,,,,,,,,4437526.0,0.0,12.0,0.0,2013.0,De 6 a 10 anos,30000.0,True,True,0.9833313387,0.0,
794,818,Keith Jones,Steven Kennedy-Jones,BRJP37453437154592,11,0.4240991321,0.0,2011-08-10T00:00:00,31,559679.98,350000.0,AprovadoComite,De 31 a 50 % - Médio,0.6226415094339622,0.3773584905660377,0.704535657259457,300000.0,2020-03-04T17:15:19,2019-12-31T03:00:00,286103378.0,249608297.0,351771624.0,-57879850.0,24633119.0,243889091.0,36182702.0,584549566.0,308221898.0,12.0,276327668.0,2008.0,De 11 a 16 anos,1500000.0,False,False,0.9947858507,0.0,
795,820,William Simmons-Matthews,Dr. Marian Smith,UVYL53105358785066,20,0.5167641478,0.0,2010-06-22T00:00:00,12,14578.2,70000.0,AprovadoAnalista,De 31 a 50 % - Médio,0.660377358490566,0.3396226415094339,-0.949739123780773,60000.0,,,,,,,,,,10202065.0,0.0,12.0,0.0,2007.0,De 11 a 16 anos,250000.0,False,False,0.7515371717,89000.0,2020-03-03T16:57:22
797,822,Marilyn Young,Danielle Sharp,GJGV84396365199531,36,0.4331483051,0.0,2006-12-08T00:00:00,31,11800.0,50000.0,AprovadoAnalista,De 31 a 50 % - Médio,0.6792452830188679,0.320754716981132,0.0,50000.0,,,,,,,,,,59829251.0,0.0,12.0,0.0,1995.0,Acima de 17 anos,2600000.0,False,False,1.0,4452934.0,2020-03-03T17:32:57
799,824,Ross Griffin-Richardson,Edward Griffiths-Naylor,MJZB11937651272690,0,0.5611879619,0.0,2019-05-06T00:00:00,13,1220.0,20000.0,AprovadoAnalista,De 31 a 50 % - Médio,0.5283018867924528,0.4716981132075471,0.0,10000.0,,2019-08-31T00:00:00,887585.0,504584.0,892311.0,-10042.0,0.0,0.0,72024.0,532926.0,0.0,8.0,0.0,2017.0,De 0 a 5 anos,100000.0,False,True,1.0,33000.0,2020-03-03T17:42:41
802,827,Mr. Jamie Taylor,Clare Barker-Parker,MKWO87353973931297,47,0.0,,2011-08-08T08:20:08,0,0.0,150000.0,AprovadoAnalista,De 31 a 50 % - Médio,0.6226415094339622,0.3773584905660377,0.866025403784439,150000.0,,2019-10-31T03:00:00,1754004.0,1633998.0,2230537.0,324961.0,640033.0,724030.0,777106.0,6438809.0,2785039.0,10.0,3653770.0,1969.0,Acima de 17 anos,100000.0,False,True,0.0,841669.0,2020-03-03T18:04:51
803,828,Paul Lee,Marcus Thomas-Marshall,SCPV92825370176132,17,0.2171587646,0.0,2019-02-12T00:00:00,0,0.0,10000.0,AprovadoAnalista,De 31 a 50 % - Médio,0.5094339622641509,0.490566037735849,0.866025403784439,10000.0,,,,,,,,,,4197179.0,0.0,12.0,0.0,2018.0,De 0 a 5 anos,500000.0,False,True,1.0,2700.0,2020-03-03T18:01:02
805,830,Ms. Bethan O'Neill,Denis Johnson,KSSG48475766183871,0,0.3407679016,0.0,2019-02-15T00:00:00,0,0.0,10000.0,AprovadoAnalista,De 31 a 50 % - Médio,0.5094339622641509,0.490566037735849,0.0,5000.0,,,,,,,,,,510973.0,0.0,11.0,0.0,2018.0,De 0 a 5 anos,20000.0,False,True,1.0,3510.0,2020-03-03T18:40:04
813,838,Jacqueline Wall,Olivia Gibbons,IESQ27539837937956,2,0.4192947324,0.0,2017-02-09T00:00:00,46,4995.69,49900.0,AprovadoAnalista,De 31 a 50 % - Médio,0.6226415094339622,0.3773584905660377,0.0,45000.0,,,,,,,,,,3172054.0,0.0,12.0,0.0,2016.0,De 0 a 5 anos,300000.0,False,True,1.0,9600.0,2020-03-04T16:37:33
816,841,Ms. Janice Hewitt,Kathleen Turner,WXGP05968206409100,58,0.4239918686,0.0,2009-02-02T00:00:00,0,0.0,30000.0,AprovadoAnalista,De 31 a 50 % - Médio,0.6415094339622641,0.3584905660377358,0.0,30000.0,,2019-11-30T00:00:00,286622.0,623988.0,492506.0,-189585.0,250303.0,592293.0,0.0,6900413.0,3238516.0,11.0,3661897.0,1993.0,Acima de 17 anos,290000.0,False,True,1.0,76000.0,2020-03-04T16:57:19
818,843,Christine Harper,Dr. Donna Price,LAFU58156709395908,3,0.4774755464,0.0,2018-06-20T00:00:00,0,0.0,30000.0,AprovadoAnalista,De 31 a 50 % - Médio,0.6226415094339622,0.3773584905660377,0.0,30000.0,,,,,,,,,,4194046.0,0.0,12.0,0.0,2016.0,De 0 a 5 anos,200000.0,False,True,1.0,7665.0,2020-03-04T17:03:52
819,844,Kathryn Lynch,Mr. Lee Reynolds,IFZS36279558153912,2,0.4159864378,0.0,2018-08-21T00:00:00,27,1315.0,15000.0,AprovadoAnalista,De 31 a 50 % - Médio,0.5094339622641509,0.490566037735849,0.0,3000.0,,,,,,,,,,133594.0,0.0,12.0,0.0,2018.0,De 0 a 5 anos,100000.0,False,True,1.0,8000.0,2020-03-04T17:06:54
822,847,William Simmons-Matthews,Dr. Marian Smith,UVYL53105358785066,20,0.5167641478,0.0,2010-06-22T00:00:00,12,14578.2,76000.0,AprovadoAnalista,De 31 a 50 % - Médio,0.5849056603773584,0.4150943396226415,-0.949739123780773,60000.0,,2019-09-30T03:00:00,1295892.0,2326535.0,2776167.0,-399327.0,885023.0,4224307.0,1076953.0,6875327.0,2874967.0,9.0,4000360.0,2007.0,De 11 a 16 anos,250000.0,False,False,0.7515371717,89000.0,2020-03-04T17:21:22
823,848,Elliot Smith,Dr. Antony Clark,SBTO02806906107421,14,0.5201578649,0.0,2013-11-05T00:00:00,0,0.0,15000.0,AprovadoAnalista,De 31 a 50 % - Médio,0.6226415094339622,0.3773584905660377,0.0,15000.0,,,,,,,,,,1005057.0,0.0,12.0,0.0,2013.0,De 6 a 10 anos,72400.0,False,True,1.0,8800.0,2020-03-04T17:24:25
824,849,Ross Dixon,Jenna Hamilton,BURR08716804692293,3,0.4267279522,0.0,2014-04-30T00:00:00,0,0.0,50000.0,AprovadoAnalista,De 31 a 50 % - Médio,0.6226415094339622,0.3773584905660377,0.0,20000.0,,,,,,,,,,756168.0,0.0,12.0,0.0,2013.0,De 6 a 10 anos,180000.0,False,True,1.0,52800.0,2020-03-04T17:30:05
832,857,Dominic Leach,Emma Carey-Richardson,DJQY68299091886555,30,0.0,,2017-10-05T17:24:34,0,0.0,40000.0,ReprovadoAnalista,De 31 a 50 % - Médio,0.5849056603773584,0.4150943396226415,0.806604306568658,,,2018-12-31T00:00:00,1692746.0,908963.0,1997761.0,313202.0,261519.0,601187.0,1076792.0,7545846.0,5822104.0,12.0,1723742.0,2001.0,Acima de 17 anos,100000.0,True,False,0.0,141843.0,
833,858,Abdul Williams,Francis Morgan,GYQP38468749883275,4,0.0,,2019-11-28T17:29:34,0,0.0,20000.0,AprovadoAnalista,De 31 a 50 % - Médio,0.5471698113207547,0.4528301886792452,0.0,10000.0,,2019-06-30T00:00:00,6599282.0,6977339.0,8062821.0,245614.0,2433937.0,2117779.0,4035155.0,7234002.0,2633740.0,6.0,4600262.0,2018.0,De 0 a 5 anos,500000.0,False,True,0.0,5400.0,2020-03-04T20:39:01
837,862,Dr. Kevin Walker,Mrs. Francesca Barber,OLPX36384027826329,5,0.6400887702,1.7025763,2013-04-25T00:00:00,0,6900.0,30000.0,AprovadoAnalista,De 31 a 50 % - Médio,0.6226415094339622,0.3773584905660377,2.9e-15,30000.0,,,,,,,,,,0.0,0.0,11.0,0.0,2012.0,De 6 a 10 anos,150000.0,False,True,0.9793239289,5400.0,2020-03-04T20:42:58
842,867,Holly Hill-Brooks,Dr. Alison Gray,WQJY98715316700425,117,0.4926608424,0.0,2006-09-01T00:00:00,0,0.0,50000.0,AprovadoAnalista,De 31 a 50 % - Médio,0.5660377358490566,0.4339622641509433,0.0,40000.0,,,,,,,,,,3017106.0,0.0,12.0,0.0,1957.0,Acima de 17 anos,130000.0,False,True,1.0,86000.0,2020-03-04T21:01:32
847,872,Miss Jayne Norman,Alison Stone,QFET26712913581856,6,0.463519157,0.0,2017-02-09T00:00:00,52,24965.4,50000.0,AprovadoAnalista,De 31 a 50 % - Médio,0.6226415094339622,0.3773584905660377,0.0,50000.0,,,,,,,,,,1462120.0,0.0,12.0,0.0,2004.0,De 11 a 16 anos,500000.0,False,True,1.0,4400.0,2020-03-04T21:40:38
849,875,Maria Page,Kayleigh Brown-Miles,YBWS47219833271323,24,0.4194070316,0.0,2009-05-30T00:00:00,0,0.0,30000.0,AprovadoAnalista,De 31 a 50 % - Médio,0.6792452830188679,0.320754716981132,-0.938084675051696,30000.0,,,,,,,,,,4035623.0,0.0,12.0,0.0,1995.0,Acima de 17 anos,120000.0,False,True,0.9227030356,33000.0,2020-03-04T21:49:55
850,876,Cameron Curtis,Sian Higgins,IJJA49291147465187,10,0.3224962753,0.0,2013-02-14T00:00:00,0,0.0,15000.0,AprovadoAnalista,De 31 a 50 % - Médio,0.6792452830188679,0.320754716981132,-0.866025403784439,15000.0,,,,,,,,,,5516648.0,0.0,12.0,0.0,1999.0,Acima de 17 anos,15000.0,False,True,0.7797709171,8000.0,2020-03-04T21:42:21
851,877,Jacqueline Martin,Hollie Oliver-Davidson,YSJP38326812232548,95,0.4444063266,0.0,2006-05-15T00:00:00,0,0.0,20000.0,AprovadoAnalista,De 31 a 50 % - Médio,0.6792452830188679,0.320754716981132,0.0,15000.0,,,,,,,,,,1505466.0,0.0,12.0,0.0,1997.0,Acima de 17 anos,1000.0,False,True,1.0,63000.0,2020-03-05T15:06:19
858,884,Ms. Nicole Webb,Jay Russell,RNVV51983315806829,62,0.6189278945,0.0,2017-11-30T00:00:00,80,34503.01,15000.0,AprovadoAnalista,De 31 a 50 % - Médio,0.660377358490566,0.3396226415094339,0.991428482966664,10000.0,,,,,,,,,,4477873.0,0.0,12.0,0.0,2012.0,De 6 a 10 anos,300.0,False,True,0.8464687728,720.0,2020-03-05T16:56:41
861,887,Jemma Sims,Sarah Hughes-Wright,WDBT13256898478269,27,0.4623759002,0.0,2015-01-19T00:00:00,37,10726.87,20000.0,AprovadoAnalista,De 31 a 50 % - Médio,0.5471698113207547,0.4528301886792452,0.0,20000.0,,,,,,,,,,634274.0,0.0,12.0,0.0,1996.0,Acima de 17 anos,70000.0,False,True,1.0,13200.0,2020-03-05T17:13:57
862,888,Naomi Griffiths,Dr. Steven Dobson,QIXD98860215907578,21,0.3718273562,0.0,2016-08-22T00:00:00,66,44163.5,40000.0,AprovadoAnalista,De 31 a 50 % - Médio,0.6415094339622641,0.3584905660377358,-0.868009298901679,25000.0,,,,,,,,,,10806751.0,0.0,12.0,0.0,2014.0,De 6 a 10 anos,200000.0,False,True,0.4606563502,110920.0,2020-03-05T17:17:10
864,890,Simon Perry,Mr. Bernard Cooper,XXKN68171995852950,0,0.3948925501,0.0,2017-09-29T00:00:00,33,29316.0,20000.0,AprovadoAnalista,De 31 a 50 % - Médio,0.6037735849056604,0.3962264150943396,0.0,20000.0,,,,,,,,,,2564504.0,0.0,12.0,0.0,2016.0,De 0 a 5 anos,90000.0,False,True,1.0,96000.0,2020-03-05T17:03:14
866,892,Eileen Collins,Carl Begum,PLCA84617922265313,0,0.398259293,0.0,2010-07-06T00:00:00,0,0.0,45000.0,AprovadoAnalista,De 31 a 50 % - Médio,0.6792452830188679,0.320754716981132,0.0,10000.0,,2019-06-30T00:00:00,498602.0,130436.0,500484.0,192954.0,63868.0,0.0,303251.0,398430.0,0.0,6.0,0.0,2009.0,De 11 a 16 anos,21000.0,False,True,1.0,17760.0,2020-03-05T17:23:49
867,893,Peter Brooks,Cheryl Jones,MJIJ49795112123038,28,0.298193854,0.0,2018-07-30T00:00:00,0,0.0,10000.0,AprovadoAnalista,De 31 a 50 % - Médio,0.5283018867924528,0.4716981132075471,0.866025403784439,6000.0,,,,,,,,,,281334.0,0.0,12.0,0.0,2011.0,De 6 a 10 anos,93700.0,False,True,1.0,4400.0,2020-03-05T17:26:59
870,896,Peter Barlow,Mrs. Sally Walker,FOZQ39728582407424,103,0.4744776638,0.0,2016-08-02T00:00:00,0,0.0,20000.0,AprovadoAnalista,De 31 a 50 % - Médio,0.5283018867924528,0.4716981132075471,0.96927554762106,10000.0,,,,,,,,,,3808903.0,0.0,10.0,0.0,2001.0,Acima de 17 anos,99800.0,False,True,0.8943651265,3800.0,2020-03-05T17:35:46
872,898,Timothy Collins,Margaret Hall-Chapman,FCLX37617129438849,4,0.4498057331,0.0,2019-09-02T00:00:00,0,0.0,15000.0,AprovadoAnalista,De 31 a 50 % - Médio,0.6226415094339622,0.3773584905660377,0.0,15000.0,,,,,,,,,,1233534.0,0.0,12.0,0.0,2011.0,De 6 a 10 anos,300000.0,False,True,1.0,18000.0,2020-03-05T17:47:11
874,900,Dr. Clive Smith,Annette Dunn,LDOD39923732051248,3,0.0,,2016-07-12T17:20:13,0,0.0,5000.0,AprovadoAnalista,De 31 a 50 % - Médio,0.5094339622641509,0.490566037735849,0.0,5000.0,,,,,,,,,,0.0,0.0,1.0,0.0,2016.0,De 0 a 5 anos,60000.0,False,True,0.0,12800.0,2020-03-05T19:23:36
876,902,Vanessa Lewis,Graeme Storey,GIGH19668946585573,3,0.4534146011,0.0,2016-08-25T00:00:00,53,840.0,5000.0,AprovadoAnalista,De 31 a 50 % - Médio,0.5094339622641509,0.490566037735849,0.0,5000.0,,,,,,,,,,0.0,0.0,1.0,0.0,2015.0,De 0 a 5 anos,50000.0,False,True,1.0,38379.0,2020-03-05T20:03:44
880,906,Dr. Susan Hutchinson,Neil Dale,CHLM54763649835415,7,0.5012921889,0.0,2019-02-20T00:00:00,13,2456.0,12000.0,AprovadoAnalista,De 31 a 50 % - Médio,0.490566037735849,0.5094339622641509,0.0,12000.0,,,,,,,,,,211505.0,0.0,12.0,0.0,2018.0,De 0 a 5 anos,10000.0,False,True,1.0,6750.0,2020-03-05T20:08:46
881,907,Ben Barlow-Mason,Bethany Thomas-Roberts,KHUS24914493083021,18,0.4236297224,0.0,2011-08-26T00:00:00,0,0.0,10000.0,ReprovadoAnalista,De 31 a 50 % - Médio,0.6415094339622641,0.3584905660377358,0.979531059123857,,,,,,,,,,,1890555.0,0.0,11.0,0.0,2010.0,De 6 a 10 anos,50000.0,False,True,1.0,4320.0,
883,909,Cheryl Harrison,Liam Martin,GRON24411181404485,4,0.0,,2017-06-16T17:21:57,0,0.0,5000.0,AprovadoAnalista,De 31 a 50 % - Médio,0.6226415094339622,0.3773584905660377,0.0,5000.0,,,,,,,,,,0.0,0.0,1.0,0.0,2005.0,De 11 a 16 anos,270000.0,False,True,0.0,21500.0,2020-03-09T13:04:59
884,910,Katherine Wilson,Alison Oliver,BPDY55475253017164,6,0.0,,2017-07-19T17:22:05,0,0.0,5000.0,AprovadoAnalista,De 31 a 50 % - Médio,0.5660377358490566,0.4339622641509433,0.866025403784439,5000.0,,,,,,,,,,0.0,0.0,1.0,0.0,2013.0,De 6 a 10 anos,40000.0,False,True,0.0,5920.0,2020-03-09T13:05:55
885,911,Dr. Terence Thomas,Oliver Roberts,AWGW86865379688019,17,0.4423544484,0.0,2017-07-25T00:00:00,0,0.0,5000.0,ReprovadoAnalista,De 31 a 50 % - Médio,0.5283018867924528,0.4716981132075471,0.99055738705514,,,,,,,,,,,0.0,0.0,1.0,0.0,1997.0,Acima de 17 anos,95400.0,False,True,0.831578389,4320.0,
886,912,Mr. Robert Hart,Ben Cole,QAWN97500806384157,0,0.0,,2019-07-26T17:24:21,0,0.0,5000.0,ReprovadoAnalista,De 31 a 50 % - Médio,0.5283018867924528,0.4716981132075471,0.0,,,,,,,,,,,0.0,0.0,1.0,0.0,2003.0,Acima de 17 anos,70000.0,True,True,0.0,43000.0,
888,914,Hilary Ball,Graeme Jordan,LQDK66845017177853,2,0.3087129058,0.0,2018-08-30T00:00:00,0,0.0,5000.0,AprovadoAnalista,De 31 a 50 % - Médio,0.6226415094339622,0.3773584905660377,0.0,5000.0,,,,,,,,,,0.0,0.0,1.0,0.0,2008.0,De 11 a 16 anos,400000.0,False,True,1.0,37448.0,2020-03-09T13:57:53
891,917,Aimee Khan,Ashley Brown,VOYQ01149685761454,6,0.0,,2018-08-31T17:24:30,0,0.0,8000.0,ReprovadoAnalista,De 31 a 50 % - Médio,0.5283018867924528,0.4716981132075471,0.0,,,,,,,,,,,0.0,0.0,1.0,0.0,1991.0,Acima de 17 anos,100000.0,True,True,0.0,0.0,
893,919,Russell Smith,Suzanne Gordon,CAXM42659592528743,29,0.6508275983,0.0,2017-10-10T00:00:00,33,28480.0,50000.0,AprovadoComite,De 31 a 50 % - Médio,0.5094339622641509,0.490566037735849,0.854930241005908,50000.0,2020-03-06T17:16:47,,,,,,,,,12049801.0,0.0,12.0,0.0,2015.0,De 0 a 5 anos,200000.0,False,True,0.7928195017,636961.0,
896,922,Katie Rose,Benjamin Clark-Webb,YFOQ93485351289100,22,0.3769695607,0.0,2016-05-24T00:00:00,47,5749.25,14000.0,AprovadoAnalista,De 31 a 50 % - Médio,0.6415094339622641,0.3584905660377358,0.866025403784439,5000.0,,,,,,,,,,2845860.0,0.0,12.0,0.0,1999.0,Acima de 17 anos,100000.0,False,True,1.0,38000.0,2020-03-09T13:11:02
897,923,Miss Kayleigh Morris,Oliver Atkinson,BQIH43713531030119,0,0.4566185632,0.0,2017-08-30T00:00:00,26,1240.25,40000.0,AprovadoComite,De 31 a 50 % - Médio,0.6226415094339622,0.3773584905660377,0.0,15000.0,2020-03-06T19:23:22,,,,,,,,,626727.0,0.0,12.0,0.0,2002.0,Acima de 17 anos,10000.0,False,True,1.0,13440.0,
899,925,Gavin White,Dr. Lynne Taylor,DNXK39821229844746,206,0.0,,2007-01-23T16:19:35,0,0.0,20000.0,AprovadoComite,De 31 a 50 % - Médio,0.6792452830188679,0.320754716981132,-0.0117051953166883,20000.0,2020-03-09T12:29:20,,,,,,,,,3110893.0,0.0,12.0,0.0,1999.0,Acima de 17 anos,200000.0,False,True,0.0,55814.0,
900,926,Mr. Ronald Morton,Paige Bennett-Robinson,YSBL23149306746286,22,0.0,,2016-07-06T17:20:12,0,0.0,35000.0,AprovadoComite,De 31 a 50 % - Médio,0.5283018867924528,0.4716981132075471,0.845610720580999,35000.0,2020-03-06T19:21:52,,,,,,,,,4956458.0,0.0,12.0,0.0,2015.0,De 0 a 5 anos,60000.0,False,True,0.0,33000.0,
901,927,Gavin Porter-Hewitt,Adrian Ross-Leach,NOHR51342528573360,216,0.3492279463,3.03599482,2007-07-02T00:00:00,240,0.0,20000.0,AprovadoComite,De 31 a 50 % - Médio,0.660377358490566,0.3396226415094339,0.990796626751615,20000.0,2020-03-09T12:33:06,,,,,,,,,83144457.0,0.0,12.0,0.0,2005.0,De 11 a 16 anos,4600000.0,True,False,1.0,1797438.0,
902,928,Mr. Jason Sharp,Gillian Taylor,ENFH69599894169136,4,0.3010234455,0.0,2018-08-16T00:00:00,0,0.0,10000.0,AprovadoAnalista,De 31 a 50 % - Médio,0.6037735849056604,0.3962264150943396,0.0,10000.0,,,,,,,,,,743592.0,0.0,12.0,0.0,2010.0,De 6 a 10 anos,10000.0,False,True,1.0,4400.0,2020-03-09T13:14:37
903,929,Claire Wilkins,Jayne Bentley,CUYJ10575494379897,15,0.0,,2016-02-25T17:19:33,0,0.0,20000.0,AprovadoComite,De 31 a 50 % - Médio,0.5660377358490566,0.4339622641509433,0.866025403784439,15000.0,2020-03-09T12:34:56,,,,,,,,,753075.0,0.0,12.0,0.0,1998.0,Acima de 17 anos,16000.0,False,True,0.0,18480.0,
904,930,Louise Waters,Matthew Gordon,KRWV71711055006422,12,0.6203146502,0.0,2015-04-30T00:00:00,0,0.0,10000.0,AprovadoComite,De 31 a 50 % - Médio,0.5660377358490566,0.4339622641509433,0.0,10000.0,2020-03-09T12:36:11,,,,,,,,,445760.0,0.0,6.0,0.0,2014.0,De 6 a 10 anos,95400.0,False,True,1.0,7040.0,
905,931,Mr. Marc Turner,Dr. Graham Brown,TVLW38315503560929,21,0.0,,2019-04-03T17:28:13,0,0.0,10000.0,ReprovadoAnalista,De 31 a 50 % - Médio,0.5094339622641509,0.490566037735849,0.866025403784439,,,,,,,,,,,0.0,0.0,1.0,0.0,2006.0,De 11 a 16 anos,99800.0,False,True,0.0,4320.0,
910,936,Adam Davies,Carly Ahmed,IPJM88170832110468,27,0.0,,2017-01-17T10:02:48,0,0.0,20000.0,AprovadoComite,De 31 a 50 % - Médio,0.5471698113207547,0.4528301886792452,0.191926825304373,20000.0,2020-03-09T12:38:16,,,,,,,,,0.0,0.0,1.0,0.0,2012.0,De 6 a 10 anos,200000.0,False,True,0.0,33000.0,
912,938,Anne Farrell,Duncan Charlton,SHWK76513287332193,17,0.5559133889,0.0,2018-07-02T00:00:00,68,17933.33,30000.0,AprovadoComite,De 31 a 50 % - Médio,0.5849056603773584,0.4150943396226415,0.866025403784439,20000.0,2020-03-09T12:39:26,,,,,,,,,2438102.0,0.0,6.0,0.0,2008.0,De 11 a 16 anos,10000.0,False,True,1.0,8800.0,
915,941,Bryan Banks-Brown,Mr. Callum Richards,LVPC56014978676751,30,0.3994591348,0.0,2014-06-13T00:00:00,37,299767.2,400000.0,AprovadoComite,De 31 a 50 % - Médio,0.660377358490566,0.3396226415094339,-0.996603730038325,300000.0,2020-03-06T11:50:19,2019-12-31T03:00:00,1717885.0,1802891.0,2535706.0,502476.0,429574.0,1405932.0,279909.0,11019499.0,3429930.0,3.0,7589569.0,2011.0,De 6 a 10 anos,1500000.0,False,True,0.926123726,649935.0,
916,942,Naomi Griffiths,Dr. Steven Dobson,QIXD98860215907578,21,0.3718273562,0.0,2016-08-22T00:00:00,66,44163.5,35000.0,AprovadoComite,De 31 a 50 % - Médio,0.6415094339622641,0.3584905660377358,-0.868009298901679,25000.0,2020-03-06T20:03:45,,,,,,,,,10806751.0,0.0,12.0,0.0,2014.0,De 6 a 10 anos,200000.0,False,True,0.4606563502,110920.0,
918,944,Roy Hale,Carole Wood,HCFY33927289398371,52,0.4629706238,0.0,2014-02-12T00:00:00,0,0.0,15000.0,AprovadoAnalista,De 31 a 50 % - Médio,0.6792452830188679,0.320754716981132,0.0,15000.0,,,,,,,,,,1867892.0,0.0,12.0,0.0,2013.0,De 6 a 10 anos,150000.0,False,True,1.0,5400.0,2020-03-09T13:21:08
922,948,Dr. Brett Weston,Marian Richards,NINT55337660214231,20,0.4844514792,0.0,2016-09-13T00:00:00,30,75342.02,49950.0,AprovadoComite,De 31 a 50 % - Médio,0.6415094339622641,0.3584905660377358,0.40207002311753,49950.0,2020-03-06T19:59:45,,,,,,,,,27114894.0,0.0,12.0,0.0,2014.0,De 6 a 10 anos,1500000.0,False,True,0.9945021689,5200.0,
924,950,Miss Stephanie Clements,Dr. Melanie O'Neill,OTSY03777965464139,35,0.0,,2017-07-24T11:33:04,0,0.0,10000.0,AprovadoAnalista,De 31 a 50 % - Médio,0.6415094339622641,0.3584905660377358,0.866025403784439,5000.0,,,,,,,,,,131754006.0,0.0,6.0,0.0,2017.0,De 0 a 5 anos,500000.0,False,False,0.0,89000.0,2020-03-09T13:59:21
925,951,Dr. Craig Ward,Elliott Morris,DRRD47656732254599,7,0.5596954651,0.0,2012-10-04T00:00:00,0,0.0,25000.0,AprovadoComite,De 31 a 50 % - Médio,0.6037735849056604,0.3962264150943396,0.0,25000.0,2020-03-09T12:43:42,,,,,,,,,6188089.0,0.0,8.0,0.0,1999.0,Acima de 17 anos,100000.0,False,True,1.0,233634.0,
927,953,James Gardner,Jemma Higgins,OMBO17193756311453,20,0.0,,2016-03-23T11:07:06,0,0.0,5000.0,AprovadoAnalista,De 31 a 50 % - Médio,0.5283018867924528,0.4716981132075471,0.866025403784439,5000.0,,,,,,,,,,0.0,0.0,1.0,0.0,2009.0,De 11 a 16 anos,15000.0,False,True,0.0,53760.0,2020-03-09T14:07:57
928,954,Dr. Glenn Mason,Mr. Julian Baker,ELQC98329357604536,3,0.4609162101,0.0,2019-09-25T00:00:00,0,0.0,20000.0,AprovadoComite,De 31 a 50 % - Médio,0.660377358490566,0.3396226415094339,0.0,10000.0,2020-03-09T12:47:22,,,,,,,,,3789911.0,0.0,12.0,0.0,2016.0,De 0 a 5 anos,50000.0,False,True,1.0,0.0,
931,957,Wayne Turner-Adams,Mr. Paul Chapman,QICR43039981816187,0,0.4237278403,0.0,2019-04-10T00:00:00,0,0.0,20000.0,ReprovadoComite,De 31 a 50 % - Médio,0.660377358490566,0.3396226415094339,0.0,,,,,,,,,,,918630.0,0.0,12.0,0.0,2012.0,De 6 a 10 anos,20000.0,False,True,1.0,2700.0,
934,961,Paige Johnson,Clifford Thompson,LVPF83085868884291,11,0.340627943,0.0,2017-09-19T00:00:00,0,0.0,10000.0,AprovadoAnalista,De 31 a 50 % - Médio,0.5660377358490566,0.4339622641509433,2e-16,10000.0,,,,,,,,,,1228471.0,0.0,12.0,0.0,1998.0,Acima de 17 anos,90000.0,False,True,1.0,77000.0,2020-03-09T13:57:30
935,963,Claire Duncan,Shaun Fuller,EDNU54768140145746,56,0.0,,2015-01-02T16:30:56,0,0.0,50000.0,AprovadoComite,De 31 a 50 % - Médio,0.6226415094339622,0.3773584905660377,0.376990758865583,10000.0,2020-03-06T20:02:10,,,,,,,,,2751856.0,0.0,12.0,0.0,2011.0,De 6 a 10 anos,70000.0,False,True,0.0,30400.0,
936,964,Mary Davis,Jay Hurst,XPVZ80447104399027,3,0.5261150209,0.0,2019-04-26T00:00:00,23,20471.75,15000.0,AprovadoComite,De 31 a 50 % - Médio,0.6037735849056604,0.3962264150943396,0.0,17000.0,2020-03-09T14:40:20,,,,,,,,,528099.0,0.0,12.0,0.0,2018.0,De 0 a 5 anos,100000.0,False,False,1.0,18000.0,
937,965,Jamie Gregory-Rees,Joel Evans,SXQL48789557445419,16,0.6387542857,0.0,2018-07-25T00:00:00,23,7000.0,20000.0,AprovadoComite,De 31 a 50 % - Médio,0.5283018867924528,0.4716981132075471,0.866025403784439,20000.0,2020-03-09T12:55:52,,,,,,,,,1652710.0,0.0,12.0,0.0,1987.0,Acima de 17 anos,300000.0,True,False,1.0,136000.0,
938,966,Mitchell Phillips-Nelson,Andrew Noble,PJSK30199375301200,21,0.4109533787,0.0,2008-06-09T00:00:00,54,15272.0,50000.0,AprovadoComite,De 31 a 50 % - Médio,0.660377358490566,0.3396226415094339,0.0,50000.0,2020-03-06T19:57:51,,,,,,,,,4923038.0,0.0,12.0,0.0,2002.0,Acima de 17 anos,50000.0,False,True,0.9962616846,16200.0,
939,967,Bradley Hobbs,Amelia Baker,EFYZ76914267397054,0,0.3417766787,0.0,2018-05-23T00:00:00,0,0.0,20000.0,AprovadoComite,De 31 a 50 % - Médio,0.6226415094339622,0.3773584905660377,0.0,10000.0,2020-03-09T12:56:51,2019-12-31T00:00:00,221076.0,92785.0,321418.0,103579.0,0.0,0.0,85250.0,724781.0,366502.0,12.0,358279.0,2018.0,De 0 a 5 anos,100000.0,False,True,1.0,29245.0,
941,969,Alexandra Smith-White,Matthew Jones,EGZJ67693939947945,21,0.0,,2018-08-15T16:55:09,0,0.0,30000.0,AprovadoComite,De 31 a 50 % - Médio,0.6415094339622641,0.3584905660377358,0.265870556921671,18000.0,2020-03-09T12:58:10,,,,,,,,,2295271.0,0.0,12.0,0.0,2014.0,De 6 a 10 anos,100000.0,False,True,0.0,2200.0,
942,970,Darren Carter,Dr. Annette Pugh,QWLQ59879545469164,0,0.4187599956,0.0,2019-07-05T00:00:00,0,0.0,25000.0,AprovadoComite,De 31 a 50 % - Médio,0.6226415094339622,0.3773584905660377,0.0,25000.0,2020-03-09T12:59:18,,,,,,,,,3605699.0,0.0,12.0,0.0,2018.0,De 0 a 5 anos,50000.0,False,True,1.0,7040.0,
943,971,Joanne Anderson,Miss Sophie Ferguson,BIRQ04196029262098,9,0.4888538769,0.0,2017-09-26T00:00:00,0,0.0,15000.0,AprovadoComite,De 31 a 50 % - Médio,0.5849056603773584,0.4150943396226415,-0.86602540378444,10000.0,2020-03-09T13:00:32,,,,,,,,,4437526.0,0.0,12.0,0.0,2013.0,De 6 a 10 anos,30000.0,True,True,0.9833313387,0.0,
945,973,Russell Smith,Ms. Amelia Bibi,RQAO03022310793069,14,0.0,,2017-09-26T17:25:05,0,0.0,40000.0,AprovadoComite,De 31 a 50 % - Médio,0.5094339622641509,0.490566037735849,0.866025403784439,40000.0,2020-03-06T19:56:33,,,,,,,,,3701077.0,0.0,12.0,0.0,2016.0,De 0 a 5 anos,88000.0,False,True,0.0,12150.0,
947,975,Dr. Bruce Franklin,Shaun Walters-Hall,OADY40356610466016,0,0.0216777718,0.0,2017-09-14T00:00:00,8,10000.0,30000.0,AprovadoComite,De 31 a 50 % - Médio,0.6037735849056604,0.3962264150943396,0.0,20000.0,2020-03-09T13:05:06,,,,,,,,,3323123.0,0.0,12.0,0.0,2017.0,De 0 a 5 anos,100000.0,False,True,1.0,36000.0,
948,976,Yvonne Parkin,Tina Jones,FSEX59648020524907,0,0.3960438441,0.0,2019-06-19T00:00:00,0,0.0,10000.0,AprovadoComite,De 31 a 50 % - Médio,0.5094339622641509,0.490566037735849,0.0,10000.0,2020-03-09T19:44:35,,,,,,,,,581391.0,0.0,12.0,0.0,2018.0,De 0 a 5 anos,10000.0,False,True,1.0,4160.0,
949,977,Teresa Smith,Toby Chambers,ADUP83414500874428,18,0.471510625,0.0,2018-07-06T00:00:00,29,35833.49,100000.0,AprovadoComite,De 31 a 50 % - Médio,0.5849056603773584,0.4150943396226415,0.866025403784439,60000.0,2020-03-09T13:07:42,2019-06-30T03:00:00,3147040.0,1313504.0,3340580.0,1452507.0,1109564.0,2379793.0,440105.0,7672551.0,0.0,6.0,0.0,2014.0,De 6 a 10 anos,103900.0,False,True,1.0,41600.0,
950,978,Bryan Banks-Brown,Mr. Callum Richards,LVPC56014978676751,30,0.3994591348,0.0,2014-06-13T00:00:00,37,299767.2,400000.0,AprovadoComite,De 31 a 50 % - Médio,0.660377358490566,0.3396226415094339,-0.996603730038325,400000.0,2020-03-06T18:57:49,2019-12-31T03:00:00,1717885.0,1802891.0,2535706.0,502476.0,429574.0,1405932.0,279909.0,11019499.0,3429930.0,3.0,7589569.0,2011.0,De 6 a 10 anos,1500000.0,False,True,0.926123726,649935.0,
951,979,Mrs. Joyce Barker,Mr. Shaun Gough,GWNN57298476866847,16,0.4530231611,0.0,2009-01-13T00:00:00,13,23446.08,50000.0,AprovadoComite,De 31 a 50 % - Médio,0.5660377358490566,0.4339622641509433,-0.995596413444138,45000.0,2020-03-06T19:16:57,,,,,,,,,1012022.0,0.0,12.0,0.0,1985.0,Acima de 17 anos,30000.0,False,True,0.9179747758,8800.0,
952,980,Dr. Stewart Griffiths,Mrs. Sharon Scott,BIRV61867047834185,16,0.3467496867,0.0,2013-01-28T00:00:00,167,6649.14,30000.0,AprovadoComite,De 31 a 50 % - Médio,0.5471698113207547,0.4528301886792452,0.0,20000.0,2020-03-06T20:02:59,,,,,,,,,719949.0,0.0,12.0,0.0,2011.0,De 6 a 10 anos,15000.0,False,True,1.0,36013.0,
953,981,Nigel Norton,Raymond Riley,VQOG99021606807473,6,0.0,,2017-10-31T17:24:57,0,0.0,20000.0,ReprovadoComite,De 31 a 50 % - Médio,0.5660377358490566,0.4339622641509433,0.99171151118274,,,,,,,,,,,6143222.0,0.0,12.0,0.0,2015.0,De 0 a 5 anos,80000.0,False,True,0.0,2700.0,
956,984,Ms. Jane Bentley,Louis Stevens,YWIC65107694216011,3,0.3570699771,0.0,2018-03-13T00:00:00,0,0.0,30000.0,AprovadoAnalista,De 31 a 50 % - Médio,0.6037735849056604,0.3962264150943396,0.0,30000.0,,,,,,,,,,2105361.0,0.0,12.0,0.0,2017.0,De 0 a 5 anos,1500.0,False,True,1.0,9250.0,2020-03-09T20:35:58
960,988,Bethany Hayward,Jack Brennan,ZCEW80546726689093,3,0.0,,2013-06-19T17:15:51,0,0.0,20000.0,AprovadoAnalista,De 31 a 50 % - Médio,0.6037735849056604,0.3962264150943396,0.0,5000.0,,,,,,,,,,659315.0,0.0,12.0,0.0,1993.0,Acima de 17 anos,20000.0,False,True,0.0,28800.0,2020-03-09T20:59:20
961,989,Ms. Eleanor Gough,Terence Oliver,JNVM09238949843484,3,0.0,,2015-02-27T17:17:52,0,0.0,20000.0,ReprovadoAnalista,De 31 a 50 % - Médio,0.5283018867924528,0.4716981132075471,0.0,,,,,,,,,,,351086.0,0.0,12.0,0.0,2006.0,De 11 a 16 anos,150000.0,True,True,0.0,9250.0,
965,993,Dr. Jacob Walsh,Dr. Joyce Atkins,MXRY81483989898276,6,0.4603992173,0.0,2018-05-22T00:00:00,0,0.0,7500.0,AprovadoAnalista,De 31 a 50 % - Médio,0.5660377358490566,0.4339622641509433,0.0,7500.0,,,,,,,,,,2819866.0,0.0,8.0,0.0,2017.0,De 0 a 5 anos,100000.0,False,True,1.0,3300.0,2020-03-10T13:51:48
967,995,Dr. Dominic Burton,Caroline Walters,RRIN06557133451675,4,0.0,,2014-08-19T17:14:10,0,0.0,30000.0,AprovadoAnalista,De 31 a 50 % - Médio,0.6792452830188679,0.320754716981132,0.0,30000.0,,,,,,,,,,10513032.0,0.0,11.0,0.0,2006.0,De 11 a 16 anos,88000.0,False,True,0.0,5400.0,2020-03-10T12:00:23
969,997,Claire Duncan,Shaun Fuller,EDNU54768140145746,56,0.0,,2015-01-02T16:30:56,0,0.0,50000.0,AprovadoAnalista,De 31 a 50 % - Médio,0.6226415094339622,0.3773584905660377,0.0,10000.0,,,,,,,,,,2751856.0,0.0,12.0,0.0,2011.0,De 6 a 10 anos,70000.0,False,True,0.0,30400.0,2020-03-10T12:04:41
970,998,Naomi Griffiths,Dr. Steven Dobson,QIXD98860215907578,21,0.3718273562,0.0,2016-08-22T00:00:00,66,44163.5,35000.0,AprovadoAnalista,De 31 a 50 % - Médio,0.6415094339622641,0.3584905660377358,-0.868009298901679,20000.0,,,,,,,,,,10806751.0,0.0,12.0,0.0,2014.0,De 6 a 10 anos,200000.0,False,True,0.4606563502,110920.0,2020-03-10T12:02:14
971,999,Joe Burke,Lucy Whitehead,AANH69260102434077,47,0.3437652174,0.0,2012-04-17T00:00:00,0,0.0,30000.0,AprovadoAnalista,De 31 a 50 % - Médio,0.6226415094339622,0.3773584905660377,0.0,15000.0,,,,,,,,,,2296767.0,0.0,12.0,0.0,2007.0,De 11 a 16 anos,30000.0,False,True,0.8536801132,10800.0,2020-03-10T13:49:24
974,1002,Kerry Humphries,Ms. Jodie Ward,YLVP72972521992420,0,0.0,,2019-07-29T18:13:06,0,0.0,50000.0,AprovadoComite,De 31 a 50 % - Médio,0.660377358490566,0.3396226415094339,0.0,20000.0,2020-03-09T19:35:58,2018-12-31T00:00:00,661620.0,649650.0,729805.0,664839.0,37224.0,212879.0,38516.0,1384839.0,892162.0,12.0,1384839.0,2011.0,De 6 a 10 anos,25000.0,False,True,0.0,2700.0,
975,1003,Dr. Andrea Dickinson,Dale Smith,TUVV06426001903952,3,0.3532315286,0.0,2019-01-31T00:00:00,0,0.0,10000.0,AprovadoAnalista,De 31 a 50 % - Médio,0.5660377358490566,0.4339622641509433,0.0,10000.0,,,,,,,,,,1443441.0,466805.0,12.0,976636.0,2004.0,De 11 a 16 anos,40000.0,False,True,1.0,9600.0,2020-03-10T14:26:00
978,1006,John Harris,Danielle Baker,TOLX82941985553979,8,0.23149085,0.0,2017-10-31T00:00:00,224,60869.95,110000.0,AprovadoComite,De 31 a 50 % - Médio,0.660377358490566,0.3396226415094339,0.573142995783798,110000.0,2020-03-09T19:37:01,2018-12-31T02:00:00,2929763.0,57503.0,3027306.0,2759009.0,92188.0,0.0,909492.0,7824993.0,4117398.0,12.0,3707595.0,2014.0,De 6 a 10 anos,100000.0,False,True,1.0,220373.0,
980,1008,Mrs. Emily Mahmood,Mrs. Eleanor Dunn,SQDH15572831503882,11,0.3952039906,0.0,2018-05-24T00:00:00,0,0.0,10000.0,AprovadoAnalista,De 31 a 50 % - Médio,0.5660377358490566,0.4339622641509433,0.0,10000.0,,,,,,,,,,389668.0,0.0,6.0,0.0,2011.0,De 6 a 10 anos,125000.0,False,True,1.0,16280.0,2020-03-10T14:34:25
981,1009,Georgina Hughes,Andrew Clarke,NBPU45852140681127,5,0.4464438548,0.0,2017-07-07T00:00:00,0,0.0,30000.0,AprovadoAnalista,De 31 a 50 % - Médio,0.5660377358490566,0.4339622641509433,0.0,10000.0,,,,,,,,,,273881.0,0.0,12.0,0.0,2013.0,De 6 a 10 anos,100000.0,False,True,1.0,5400.0,2020-03-10T18:14:32
982,1010,Ms. Margaret Skinner,Connor Barker-Taylor,AWJU62480001134871,13,0.4471301007,0.0,2018-11-27T00:00:00,0,0.0,30000.0,AprovadoAnalista,De 31 a 50 % - Médio,0.5094339622641509,0.490566037735849,0.0,20000.0,,,,,,,,,,950683.0,0.0,4.0,0.0,2018.0,De 0 a 5 anos,300000.0,False,True,0.2089595166,4400.0,2020-03-10T18:12:55
984,1012,Ms. Diana Rose,Christian Hawkins-Bentley,IMCM05865046111486,5,0.4141159308,0.0,2017-09-04T00:00:00,0,0.0,20000.0,AprovadoComite,De 31 a 50 % - Médio,0.6792452830188679,0.320754716981132,0.0,10000.0,2020-03-10T17:42:34,,,,,,,,,1737481.0,0.0,12.0,0.0,1996.0,Acima de 17 anos,100000.0,False,True,0.9996596424,8640.0,
986,1014,Danny Collins,Malcolm Wells,VQVH44683457697256,4,0.4998650872,0.0,2010-12-07T00:00:00,18,16500.0,50000.0,AprovadoAnalista,De 31 a 50 % - Médio,0.6792452830188679,0.320754716981132,0.0,50000.0,,,,,,,,,,7126159.0,0.0,12.0,0.0,2003.0,Acima de 17 anos,1000000.0,False,True,1.0,428239.0,2020-03-10T18:46:14
989,1017,Albert Hill,Linda Thomas,VSLM66418617734433,28,0.0,,2018-10-16T09:01:47,0,0.0,15000.0,ReprovadoAnalista,De 31 a 50 % - Médio,0.5283018867924528,0.4716981132075471,0.0,,,,,,,,,,,8172228.0,0.0,11.0,0.0,2013.0,De 6 a 10 anos,100000.0,True,True,0.0,16500.0,
991,1019,Ruth Lynch,Nicola King,QHMT73691016221845,44,0.5314145405,0.0,2006-06-05T00:00:00,18,3906.09,40000.0,AprovadoAnalista,De 31 a 50 % - Médio,0.6226415094339622,0.3773584905660377,0.0,40000.0,,,,,,,,,,3871567.0,0.0,12.0,0.0,1998.0,Acima de 17 anos,30000.0,False,True,1.0,86400.0,2020-03-10T18:44:13
992,1020,Brett Hughes,Joe Robson,CXLU95910927193779,54,0.5519362721,0.0,2018-06-18T00:00:00,44,802200.0,160000.0,AprovadoComite,De 31 a 50 % - Médio,0.6792452830188679,0.320754716981132,0.0,110000.0,2020-03-10T17:44:35,2019-12-31T03:00:00,4132245.0,3212892.0,4314977.0,664210.0,468705.0,1508370.0,829693.0,1537128.0,785028.0,12.0,752100.0,2014.0,De 6 a 10 anos,150000.0,False,True,0.7199811112,38000.0,
993,1021,Fiona Weston,Aimee Marshall,LIYU34722071053277,11,0.5357123203,0.0,2018-06-26T00:00:00,0,0.0,10000.0,AprovadoAnalista,De 31 a 50 % - Médio,0.5094339622641509,0.490566037735849,0.0,10000.0,,,,,,,,,,297283.0,0.0,12.0,0.0,2013.0,De 6 a 10 anos,100000.0,False,True,1.0,6400.0,2020-03-10T14:36:42
995,1023,Jacob Stevens,Dr. Sally Armstrong,BCZF53441107186270,3,0.3931472245,0.0,2019-02-19T00:00:00,0,0.0,50000.0,AprovadoAnalista,De 31 a 50 % - Médio,0.5660377358490566,0.4339622641509433,0.0,50000.0,,,,,,,,,,5984420.0,0.0,12.0,0.0,2016.0,De 0 a 5 anos,100000.0,False,True,1.0,92000.0,2020-03-10T18:48:13
997,1025,Miss Janice Black,Leanne Smith,GXNH69364472657862,6,0.4825983939,0.0,2017-01-23T00:00:00,0,0.0,35000.0,AprovadoAnalista,De 31 a 50 % - Médio,0.6792452830188679,0.320754716981132,0.0,35000.0,,,,,,,,,,2440819.0,0.0,6.0,0.0,1981.0,Acima de 17 anos,10000.0,False,True,1.0,88000.0,2020-03-10T18:33:09
998,1026,Stanley Walker,Mary Harrison,TKER72373391424695,107,0.6087450151,0.0,2016-06-15T00:00:00,35,29100.0,30000.0,AprovadoAnalista,De 31 a 50 % - Médio,0.6226415094339622,0.3773584905660377,0.0,30000.0,,,,,,,,,,6235064.0,0.0,12.0,0.0,2009.0,De 11 a 16 anos,250000.0,False,True,0.6949513444,144236.0,2020-03-10T18:34:21
1001,1029,Miss Kelly Robinson,Donald Bailey-Owens,OQTI08035416147947,18,0.536226416,0.0,2009-12-15T00:00:00,0,0.0,15000.0,AprovadoAnalista,De 31 a 50 % - Médio,0.5094339622641509,0.490566037735849,0.0,10000.0,,,,,,,,,,486188.0,0.0,12.0,0.0,2008.0,De 11 a 16 anos,5000000.0,False,True,1.0,155872.0,2020-03-10T15:05:21
1002,1030,Lydia Ford,Martyn Lloyd,VJBN45403706069972,21,0.6434266637,0.0,2011-01-11T00:00:00,0,0.0,40000.0,AprovadoAnalista,De 31 a 50 % - Médio,0.6226415094339622,0.3773584905660377,0.0,40000.0,,,,,,,,,,3544537.0,0.0,6.0,0.0,1999.0,Acima de 17 anos,400000.0,False,True,0.899285089,89299.0,2020-03-10T18:50:17
1005,1033,Jason Graham,Mr. Elliot Powell,ZJQY19089714670406,57,0.5325135056,0.0,2006-08-01T00:00:00,0,0.0,20000.0,AprovadoAnalista,De 31 a 50 % - Médio,0.6226415094339622,0.3773584905660377,0.0,20000.0,,,,,,,,,,1839026.0,0.0,12.0,0.0,1994.0,Acima de 17 anos,30000.0,False,True,1.0,180600.0,2020-03-10T15:07:05
1006,1034,Ms. Eleanor Begum,Mr. Arthur Thompson,GVKA06401152298589,16,0.3267563746,0.0,2012-03-15T00:00:00,27,3021.9,20000.0,AprovadoAnalista,De 31 a 50 % - Médio,0.5094339622641509,0.490566037735849,0.0,20000.0,,,,,,,,,,1437781.0,0.0,12.0,0.0,1991.0,Acima de 17 anos,50000.0,False,True,0.4731975523,3700.0,2020-03-10T17:49:42
1009,1037,Ben Barlow-Mason,Bethany Thomas-Roberts,KHUS24914493083021,18,0.4236297224,0.0,2011-08-26T00:00:00,0,0.0,5000.0,ReprovadoAnalista,De 31 a 50 % - Médio,0.6226415094339622,0.3773584905660377,0.0,,,,,,,,,,,1890555.0,0.0,11.0,0.0,2010.0,De 6 a 10 anos,50000.0,False,True,1.0,4320.0,
1012,1040,Miss Sandra Gray,Dr. Bradley Hartley,PWRQ58351485648260,2,0.0,,2019-11-21T17:27:45,0,0.0,10000.0,AprovadoAnalista,De 31 a 50 % - Médio,0.5660377358490566,0.4339622641509433,0.0,10000.0,,,,,,,,,,1212939.0,0.0,12.0,0.0,2007.0,De 11 a 16 anos,30000.0,False,True,0.0,16280.0,2020-03-10T14:41:04
1013,1041,Alan Cook,Dennis Saunders,MAVD74142590001725,2,0.0,,2017-10-09T17:25:00,0,0.0,50000.0,AprovadoAnalista,De 31 a 50 % - Médio,0.6792452830188679,0.320754716981132,0.0,50000.0,,,,,,,,,,2854788.0,0.0,12.0,0.0,1994.0,Acima de 17 anos,60000.0,False,True,0.0,60800.0,2020-03-11T14:19:25
1016,1045,Dr. Georgina Carpenter,Cheryl Kent,QZVR56016894332795,3,0.3740439274,0.0,2018-05-24T00:00:00,0,0.0,20000.0,AprovadoAnalista,De 31 a 50 % - Médio,0.5094339622641509,0.490566037735849,0.0,20000.0,,,,,,,,,,686663.0,0.0,12.0,0.0,2017.0,De 0 a 5 anos,5000.0,False,True,1.0,5920.0,2020-03-10T17:56:00
1017,1046,Ms. Debra Wade,Rachel Harris-Reynolds,VOXK39980489641860,26,0.4012288618,0.0,2011-05-02T00:00:00,0,0.0,250000.0,AprovadoComite,De 31 a 50 % - Médio,0.6415094339622641,0.3584905660377358,0.796774882444864,250000.0,2020-03-11T20:01:19,2019-06-30T03:00:00,1742422.0,2456488.0,2637422.0,180933.0,1551513.0,2395273.0,0.0,1342432.0,-197905.0,6.0,1540337.0,2009.0,De 11 a 16 anos,800000.0,False,True,1.0,108800.0,
1019,1048,Dr. Beverley Wilkinson,Dr. Lindsey Evans,LDMF27027173426163,3,0.3666348311,0.0,2018-10-23T00:00:00,0,0.0,15000.0,AprovadoAnalista,De 31 a 50 % - Médio,0.490566037735849,0.5094339622641509,0.0,15000.0,,,,,,,,,,0.0,0.0,1.0,0.0,2017.0,De 0 a 5 anos,5000.0,False,True,1.0,3200.0,2020-03-10T14:53:54
1020,1049,Dr. Geoffrey Smith,Abdul Edwards,XPSZ84049655414524,0,0.1721415813,0.0,2014-09-22T00:00:00,0,0.0,11000.0,AprovadoAnalista,De 31 a 50 % - Médio,0.6037735849056604,0.3962264150943396,0.0,11000.0,,,,,,,,,,104740.0,0.0,6.0,0.0,2008.0,De 11 a 16 anos,3000.0,False,True,1.0,9900.0,2020-03-10T14:42:18
1022,1051,Maria Dodd,Stewart Robinson,XMKU54502851595177,3,0.5490163061,0.0,2011-09-15T00:00:00,0,0.0,30000.0,AprovadoAnalista,De 31 a 50 % - Médio,0.6226415094339622,0.3773584905660377,0.0,30000.0,,,,,,,,,,0.0,0.0,1.0,0.0,1996.0,Acima de 17 anos,300000.0,False,True,1.0,160850.0,2020-03-11T14:45:11
1023,1052,Philip Parker,Victoria White,AFBC26520308021503,24,0.4849939948,0.0,2006-06-08T00:00:00,0,0.0,10000.0,AprovadoAnalista,De 31 a 50 % - Médio,0.6226415094339622,0.3773584905660377,0.866025403784439,10000.0,,2018-12-31T00:00:00,2154221.0,4033751.0,6618174.0,917542.0,0.0,1445070.0,676792.0,0.0,0.0,12.0,0.0,2000.0,Acima de 17 anos,50000.0,True,False,1.0,223060.0,2020-03-10T15:08:56
1024,1053,Russell Hughes-Jackson,Victoria White,FVNC08160000412862,20,0.4599776349,0.0,2008-10-17T00:00:00,0,0.0,10000.0,ReprovadoAnalista,De 31 a 50 % - Médio,0.5660377358490566,0.4339622641509433,0.981449098390041,,,2018-12-31T00:00:00,6145131.0,7449366.0,14704726.0,642448.0,407391.0,4814488.0,1167617.0,0.0,0.0,1.0,0.0,2008.0,De 11 a 16 anos,1000000.0,True,False,0.8371059978,247712.0,
1025,1054,Sally Peters,Mitchell Williams,LUHP53996818321790,24,0.5058176919,0.0,2012-02-10T00:00:00,0,0.0,10000.0,AprovadoAnalista,De 31 a 50 % - Médio,0.5660377358490566,0.4339622641509433,0.736736756396832,10000.0,,2018-12-31T00:00:00,1764589.0,6471015.0,9766335.0,667555.0,605552.0,828696.0,890725.0,0.0,0.0,1.0,0.0,2011.0,De 6 a 10 anos,100000.0,True,False,0.6347931967,833262.0,2020-03-10T15:09:21
1027,1056,Katy Clayton,Hilary Mitchell-Allen,RMVC86087114809695,17,0.5610987019,0.0,2012-12-21T00:00:00,139,19105.15,20000.0,AprovadoAnalista,De 31 a 50 % - Médio,0.6792452830188679,0.320754716981132,0.866025403784439,20000.0,,,,,,,,,,2863403.0,0.0,12.0,0.0,1998.0,Acima de 17 anos,13000.0,False,True,1.0,5720.0,2020-03-10T19:03:58
1028,1057,Kieran Crawford-Barker,Ashley Manning,NNZO36223160420470,25,0.4425747526,0.0,2017-09-19T00:00:00,0,9769.12,70000.0,AprovadoAnalista,De 31 a 50 % - Médio,0.6792452830188679,0.320754716981132,-0.231065220641952,70000.0,,2018-12-31T00:00:00,1270586.0,929925.0,1288174.0,124785.0,233333.0,0.0,411799.0,3103673.0,1212274.0,12.0,1891399.0,2012.0,De 6 a 10 anos,120000.0,False,True,0.975464997,19000.0,2020-03-10T17:46:18
1032,1061,Russell Hughes-Jackson,Victoria White,FVNC08160000412862,20,0.4599776349,0.0,2008-10-17T00:00:00,0,0.0,5000.0,AprovadoAnalista,De 31 a 50 % - Médio,0.5660377358490566,0.4339622641509433,0.981449098390041,5000.0,,2018-12-31T00:00:00,6145131.0,7449366.0,14704726.0,642448.0,407391.0,4814488.0,1167617.0,0.0,0.0,1.0,0.0,2008.0,De 11 a 16 anos,1000000.0,True,False,0.8371059978,247712.0,2020-03-10T15:09:39
1033,1062,Naomi Griffiths,Dr. Steven Dobson,QIXD98860215907578,21,0.3718273562,0.0,2016-08-22T00:00:00,66,44163.5,50000.0,AprovadoComite,De 31 a 50 % - Médio,0.6415094339622641,0.3584905660377358,-0.868009298901679,20000.0,2020-03-10T19:06:01,,,,,,,,,10806751.0,0.0,12.0,0.0,2014.0,De 6 a 10 anos,200000.0,False,True,0.4606563502,110920.0,
1034,1063,Claire Duncan,Shaun Fuller,EDNU54768140145746,56,0.0,,2015-01-02T16:30:56,0,0.0,50000.0,AprovadoComite,De 31 a 50 % - Médio,0.6226415094339622,0.3773584905660377,0.376990758865583,15000.0,2020-03-10T19:06:44,,,,,,,,,2751856.0,0.0,12.0,0.0,2011.0,De 6 a 10 anos,70000.0,False,True,0.0,30400.0,
1035,1064,Ben Barlow-Mason,Bethany Thomas-Roberts,KHUS24914493083021,18,0.4236297224,0.0,2011-08-26T00:00:00,0,0.0,5000.0,AprovadoAnalista,De 31 a 50 % - Médio,0.6415094339622641,0.3584905660377358,0.979531059123857,5000.0,,,,,,,,,,1890555.0,0.0,11.0,0.0,2010.0,De 6 a 10 anos,50000.0,False,True,1.0,4320.0,2020-03-11T14:47:47
1036,1065,Marilyn Williams,Marie Harding,TXTO74383490945715,13,0.3040172091,0.0,2018-07-31T00:00:00,0,0.0,13000.0,ReprovadoAnalista,De 31 a 50 % - Médio,0.5471698113207547,0.4528301886792452,0.277380822159406,,,,,,,,,,,2566580.0,0.0,12.0,0.0,2000.0,Acima de 17 anos,60000.0,True,False,1.0,607783.0,
1038,1067,Dr. Mandy Curtis,Stacey Holden,HNJY11151368189856,1,0.0,,2019-02-04T15:06:38,0,0.0,5000.0,AprovadoAnalista,De 31 a 50 % - Médio,0.5094339622641509,0.490566037735849,0.0,5000.0,,,,,,,,,,105542.0,0.0,12.0,0.0,2017.0,De 0 a 5 anos,30000.0,False,True,0.0,9600.0,2020-03-11T14:52:49
1041,1070,Susan Stevens,Jemma Nolan,FWSN85895789930087,3,0.3706775251,0.0,2018-04-06T00:00:00,0,0.0,30000.0,AprovadoAnalista,De 31 a 50 % - Médio,0.6226415094339622,0.3773584905660377,0.0,30000.0,,,,,,,,,,2769994.0,0.0,12.0,0.0,2016.0,De 0 a 5 anos,50000.0,False,True,1.0,94500.0,2020-03-11T14:54:45
1043,1072,Mr. Ashley Peters,Paige Mitchell-Davis,GWIJ59030969384813,16,0.2694895791,0.0,2018-04-03T00:00:00,0,0.0,35000.0,AprovadoAnalista,De 31 a 50 % - Médio,0.5094339622641509,0.490566037735849,0.914106249880613,11200.0,,,,,,,,,,2364807.0,0.0,12.0,0.0,2005.0,De 11 a 16 anos,60000.0,False,True,1.0,22000.0,2020-03-11T14:57:09
1045,1074,Russell Hughes,Declan Smith,KIYS12187875910115,39,0.2982710558,0.0,2012-12-27T00:00:00,0,0.0,20000.0,AprovadoAnalista,De 31 a 50 % - Médio,0.5660377358490566,0.4339622641509433,0.0,15000.0,,,,,,,,,,456143.0,0.0,6.0,0.0,2007.0,De 11 a 16 anos,1000.0,False,True,1.0,5120.0,2020-03-10T17:48:24
1046,1075,Gail Turner,Rachael Moore-Williams,VNTK70372109170854,2,0.3079391339,0.0,2007-10-01T00:00:00,0,0.0,15000.0,AprovadoAnalista,De 31 a 50 % - Médio,0.6226415094339622,0.3773584905660377,0.0,15000.0,,,,,,,,,,515017.0,0.0,12.0,0.0,1993.0,Acima de 17 anos,5000.0,False,True,1.0,8000.0,2020-03-11T14:58:31
1048,1077,Dr. Jeffrey Riley,Andrew Rhodes,LVSP73316539709194,23,0.5232782286,0.0,2019-07-16T00:00:00,0,0.0,20000.0,AprovadoAnalista,De 31 a 50 % - Médio,0.6226415094339622,0.3773584905660377,0.0,15000.0,,,,,,,,,,521635.0,0.0,12.0,0.0,2013.0,De 6 a 10 anos,100000.0,False,True,1.0,3520.0,2020-03-11T14:59:08
1049,1078,Mrs. Sheila Morris,Dr. Callum Stevens,GGUN14250793034191,3,0.4364427119,0.0,2013-12-11T00:00:00,0,0.0,40000.0,AprovadoAnalista,De 31 a 50 % - Médio,0.6792452830188679,0.320754716981132,0.0,25000.0,,2019-12-31T00:00:00,1533528.0,269228.0,1631990.0,1362762.0,1013112.0,116391.0,78124.0,1108088.0,614951.0,12.0,493137.0,2000.0,Acima de 17 anos,10000.0,False,True,1.0,12420.0,2020-03-11T15:03:38
1051,1080,Marcus Hale,Amanda Thomas,YHMX38406630146130,34,0.4538031294,0.0,2018-01-22T00:00:00,0,0.0,15000.0,AprovadoAnalista,De 31 a 50 % - Médio,0.6415094339622641,0.3584905660377358,0.925529409005582,15000.0,,,,,,,,,,2741688.0,0.0,6.0,0.0,1997.0,Acima de 17 anos,146574.0,False,True,1.0,43000.0,2020-03-11T15:08:45
1053,1082,Martyn Jones-Smart,Marion Cook,UPWH52587199791036,4,0.4185281385,0.0,2019-03-22T00:00:00,42,3465.0,13000.0,AprovadoAnalista,De 31 a 50 % - Médio,0.5094339622641509,0.490566037735849,0.0,13000.0,,,,,,,,,,778932.0,0.0,12.0,0.0,2018.0,De 0 a 5 anos,50000.0,False,True,1.0,3520.0,2020-03-11T15:10:08
1055,1084,Rebecca Read,Dorothy Brown,SOWE19019998848591,90,0.4446534503,0.0,2006-06-29T00:00:00,0,10876.3,20000.0,AprovadoAnalista,De 31 a 50 % - Médio,0.5660377358490566,0.4339622641509433,0.0,20000.0,,,,,,,,,,1489740.0,0.0,12.0,0.0,1990.0,Acima de 17 anos,100000.0,False,True,1.0,94500.0,2020-03-11T15:11:45
1057,1086,Georgina Hughes,Andrew Clarke,NBPU45852140681127,5,0.4464438548,0.0,2017-07-07T00:00:00,0,0.0,14000.0,AprovadoAnalista,De 31 a 50 % - Médio,0.5849056603773584,0.4150943396226415,0.866025403784439,14000.0,,,,,,,,,,273881.0,0.0,12.0,0.0,2013.0,De 6 a 10 anos,100000.0,False,True,1.0,5400.0,2020-03-11T15:14:40
1059,1088,Scott Ball,Annette Owen-Thomas,GDNV37902171840321,80,0.0,,2016-07-27T11:24:11,0,0.0,45000.0,AprovadoAnalista,De 31 a 50 % - Médio,0.5849056603773584,0.4150943396226415,0.368994814302997,40000.0,,2019-12-31T03:00:00,32104597.0,11199009.0,35814214.0,19750519.0,432929.0,168489869.0,13063689.0,41574896.0,25402709.0,12.0,25402709.0,2003.0,Acima de 17 anos,500000.0,False,True,0.0,0.0,2020-03-11T15:15:13
1062,1091,Claire Duncan,Shaun Fuller,EDNU54768140145746,56,0.0,,2015-01-02T16:30:56,0,0.0,50000.0,AprovadoAnalista,De 31 a 50 % - Médio,0.6226415094339622,0.3773584905660377,0.376990758865583,35000.0,,,,,,,,,,2751856.0,0.0,12.0,0.0,2011.0,De 6 a 10 anos,70000.0,False,True,0.0,30400.0,2020-03-11T15:27:38
1063,1092,Naomi Griffiths,Dr. Steven Dobson,QIXD98860215907578,21,0.3718273562,0.0,2016-08-22T00:00:00,66,44163.5,50000.0,AprovadoComite,De 31 a 50 % - Médio,0.6415094339622641,0.3584905660377358,-0.868009298901679,50000.0,2020-03-11T19:36:54,,,,,,,,,10806751.0,0.0,12.0,0.0,2014.0,De 6 a 10 anos,200000.0,False,True,0.4606563502,110920.0,
1065,1095,Kelly Hamilton,Dr. Denis Patel,FNAF00512448484801,6,0.5123859649,0.0,2018-05-16T00:00:00,0,0.0,10000.0,AprovadoAnalista,De 31 a 50 % - Médio,0.6226415094339622,0.3773584905660377,-2e-16,10000.0,,,,,,,,,,2985746.0,0.0,12.0,0.0,2017.0,De 0 a 5 anos,30000.0,False,True,1.0,4320.0,2020-03-11T15:29:16
1070,1100,Alexander Edwards,Heather Yates,JLZG54601550727377,0,0.0,,2018-09-26T10:40:15,0,0.0,49999.0,AprovadoAnalista,De 31 a 50 % - Médio,0.6037735849056604,0.3962264150943396,0.0,49900.0,,,,,,,,,,7574195.0,2101839.0,12.0,5472356.0,2015.0,De 0 a 5 anos,100000.0,False,True,0.0,4320.0,2020-03-11T15:32:27
1071,1101,Katie Rose,Benjamin Clark-Webb,YFOQ93485351289100,22,0.3769695607,0.0,2016-05-24T00:00:00,47,5749.25,11000.0,AprovadoAnalista,De 31 a 50 % - Médio,0.6415094339622641,0.3584905660377358,0.866025403784439,11000.0,,,,,,,,,,2845860.0,0.0,12.0,0.0,1999.0,Acima de 17 anos,100000.0,False,True,1.0,38000.0,2020-03-11T15:33:05
1072,1102,Hollie Day,Lawrence Nicholson,FGWD68561179713100,16,0.442882396,0.0,2018-09-13T00:00:00,0,0.0,32000.0,AprovadoAnalista,De 31 a 50 % - Médio,0.5283018867924528,0.4716981132075471,0.866025403784439,32000.0,,,,,,,,,,1842517.0,0.0,12.0,0.0,2017.0,De 0 a 5 anos,100000.0,False,True,1.0,3300.0,2020-03-11T15:34:09
1073,1103,Dr. Aaron Bell,Alison Green,FNCP69959639206132,3,0.3257212021,0.0,2017-08-23T00:00:00,0,0.0,15000.0,AprovadoAnalista,De 31 a 50 % - Médio,0.6226415094339622,0.3773584905660377,0.0,15000.0,,,,,,,,,,3226890.0,0.0,11.0,0.0,2016.0,De 0 a 5 anos,50000.0,False,True,1.0,43200.0,2020-03-11T16:27:34
1074,1104,Dr. Samantha Stephens,Jane Norris,HVPW10874954241689,0,0.2933133433,0.0,2020-01-20T00:00:00,0,0.0,50000.0,ReprovadoAnalista,De 31 a 50 % - Médio,0.5094339622641509,0.490566037735849,0.0,,,,,,,,,,,0.0,0.0,1.0,0.0,2019.0,De 0 a 5 anos,150000.0,False,True,1.0,18000.0,
1078,1110,Alexandra Smith-White,Matthew Jones,EGZJ67693939947945,21,0.0,,2018-08-15T16:55:09,0,0.0,50000.0,AprovadoComite,De 31 a 50 % - Médio,0.6415094339622641,0.3584905660377358,0.265870556921671,25000.0,2020-03-11T19:05:58,,,,,,,,,2295271.0,0.0,12.0,0.0,2014.0,De 6 a 10 anos,100000.0,False,True,0.0,2200.0,
1079,1111,Laura Miller,Matthew Jones,QSNS22901171503732,31,0.0,,2015-10-29T16:55:59,0,0.0,30000.0,AprovadoComite,De 31 a 50 % - Médio,0.6415094339622641,0.3584905660377358,-0.737389849978146,15000.0,2020-03-11T19:08:42,,,,,,,,,2295271.0,0.0,12.0,0.0,2012.0,De 6 a 10 anos,50000.0,False,False,0.0,48000.0,
1082,1114,Dr. Vincent Waters,Danielle Gordon,NPPF04187613832211,20,0.2474515282,0.0,2015-05-25T00:00:00,0,0.0,20000.0,AprovadoAnalista,De 31 a 50 % - Médio,0.660377358490566,0.3396226415094339,0.866025403784439,20000.0,,,,,,,,,,2537992.0,0.0,12.0,0.0,2013.0,De 6 a 10 anos,10000.0,False,True,1.0,15540.0,2020-03-11T18:51:13
1083,1115,Kayleigh Jones-Akhtar,Danielle Gordon,KCOZ51360838527042,3,0.2829942677,0.0,2015-05-26T00:00:00,0,0.0,20000.0,AprovadoAnalista,De 31 a 50 % - Médio,0.6226415094339622,0.3773584905660377,0.0,20000.0,,,,,,,,,,1367234.0,0.0,12.0,0.0,2010.0,De 6 a 10 anos,15000.0,False,True,1.0,14400.0,2020-03-11T18:51:54
1084,1116,Ben Newman,Mrs. Anne Taylor,MLMI04693402902226,0,0.284286878,0.0,2015-09-30T00:00:00,0,0.0,25000.0,AprovadoAnalista,De 31 a 50 % - Médio,0.6226415094339622,0.3773584905660377,0.0,25000.0,,,,,,,,,,1866778.0,0.0,12.0,0.0,2015.0,De 0 a 5 anos,100000.0,False,True,1.0,81000.0,2020-03-11T18:52:46
1085,1117,Jane Cooper-Edwards,Nigel Smith,PQBR36866471060746,74,0.5140115049,0.0,2013-06-12T00:00:00,0,0.0,15000.0,AprovadoAnalista,De 31 a 50 % - Médio,0.6415094339622641,0.3584905660377358,0.866025403784439,15000.0,,,,,,,,,,2327331.0,0.0,12.0,0.0,2012.0,De 6 a 10 anos,40000.0,False,True,1.0,35200.0,2020-03-11T19:00:26
1087,1119,Eric Hill-Higgins,Chloe Chapman,AWLB59487092897674,46,0.467796779,0.0,2010-12-09T00:00:00,0,0.0,50000.0,AprovadoAnalista,De 31 a 50 % - Médio,0.5471698113207547,0.4528301886792452,0.509558912586152,15000.0,,,,,,,,,,6450850.0,0.0,10.0,0.0,2009.0,De 11 a 16 anos,700000.0,True,False,0.5180531,462052.0,2020-03-11T19:13:10
1088,1121,Heather Smart,Jayne Kaur,YEAY83878257818069,4,0.6338403756,0.0,2019-07-29T00:00:00,18,6390.0,10000.0,AprovadoAnalista,De 31 a 50 % - Médio,0.490566037735849,0.5094339622641509,0.0,5000.0,,,,,,,,,,371870.0,0.0,12.0,0.0,2019.0,De 0 a 5 anos,200000.0,False,True,1.0,2200.0,2020-03-11T18:55:19
1090,1123,Douglas Ball,Mrs. Barbara Shah,ESPB41803564600697,100,0.4250065569,0.0,2011-10-14T00:00:00,0,0.0,20000.0,ReprovadoAnalista,De 31 a 50 % - Médio,0.6226415094339622,0.3773584905660377,-0.705772448245074,,,,,,,,,,,1501858.0,0.0,12.0,0.0,2004.0,De 11 a 16 anos,40000.0,True,True,0.2397897065,0.0,
1092,1125,Liam Jackson,Gerard Gordon,KAYS53232027306925,0,0.0,,2019-06-28T10:25:57,0,0.0,30000.0,AprovadoAnalista,De 31 a 50 % - Médio,0.6226415094339622,0.3773584905660377,0.0,20000.0,,,,,,,,,,918476.0,0.0,12.0,0.0,2011.0,De 6 a 10 anos,15000.0,False,True,0.0,38400.0,2020-03-11T19:32:05
1094,1127,Mr. Ashley Peters,Paige Mitchell-Davis,GWIJ59030969384813,16,0.2694895791,0.0,2018-04-03T00:00:00,0,0.0,15000.0,AprovadoAnalista,De 31 a 50 % - Médio,0.5094339622641509,0.490566037735849,0.914106249880613,11200.0,,,,,,,,,,2364807.0,0.0,12.0,0.0,2005.0,De 11 a 16 anos,60000.0,False,True,1.0,22000.0,2020-03-11T19:33:15
1095,1128,Dr. Samantha Stephens,Jane Norris,HVPW10874954241689,0,0.2933133433,0.0,2020-01-20T00:00:00,0,0.0,49999.0,AprovadoAnalista,De 31 a 50 % - Médio,0.5471698113207547,0.4528301886792452,0.0,5000.0,,,,,,,,,,581875.0,0.0,12.0,0.0,2019.0,De 0 a 5 anos,150000.0,False,True,1.0,18000.0,2020-03-11T19:34:35
1096,1129,Liam Jackson,Gerard Gordon,KAYS53232027306925,0,0.0,,2019-06-28T10:25:57,0,0.0,25000.0,AprovadoAnalista,De 31 a 50 % - Médio,0.6226415094339622,0.3773584905660377,0.0,20000.0,,,,,,,,,,918476.0,0.0,12.0,0.0,2011.0,De 6 a 10 anos,15000.0,False,True,0.0,38400.0,2020-03-11T19:47:31
1097,1130,Kyle Bird,Sylvia Andrews,MHUJ99594907069484,28,0.5420715764,0.0,2014-11-12T00:00:00,0,0.0,49000.0,AprovadoAnalista,De 31 a 50 % - Médio,0.5471698113207547,0.4528301886792452,-0.866025403784439,20000.0,,,,,,,,,,1086246.0,251976.0,12.0,834270.0,2014.0,De 6 a 10 anos,60000.0,False,True,1.0,159600.0,2020-03-12T13:32:07
1098,1131,Richard Atkinson,Mr. Tony Kelly,HOJE17241095282848,42,0.5460134718,0.0,2006-04-24T00:00:00,126,18620.2,50000.0,AprovadoAnalista,De 31 a 50 % - Médio,0.6792452830188679,0.320754716981132,0.999356669969683,35000.0,,2019-09-30T00:00:00,33724936.0,6801705.0,62982982.0,2961378.0,1383000.0,33348972.0,268786.0,9685214.0,3740273.0,9.0,5944941.0,1993.0,Acima de 17 anos,3000000.0,False,True,1.0,1445928.0,2020-03-12T17:21:57
1101,1134,Julia Smith,Mr. Howard Chapman,PDVM42675544367770,5,0.0,,2016-11-17T11:30:32,0,0.0,120000.0,AprovadoAnalista,De 31 a 50 % - Médio,0.660377358490566,0.3396226415094339,0.0,100000.0,,2019-12-31T03:00:00,1307023.0,934267.0,1380952.0,446685.0,163155.0,1016299.0,282127.0,3563036.0,0.0,12.0,0.0,2016.0,De 0 a 5 anos,60000.0,False,True,0.0,720.0,2020-03-11T20:28:23
1106,1139,Joel Barker,Alexandra Booth,NDQY08382482766970,0,0.2992215314,0.0,2019-09-24T00:00:00,0,0.0,49000.0,ReprovadoAnalista,De 31 a 50 % - Médio,0.490566037735849,0.5094339622641509,0.0,,,,,,,,,,,75362.0,0.0,10.0,0.0,2018.0,De 0 a 5 anos,96000.0,False,True,1.0,5120.0,
1107,1140,Stewart Phillips,Christian Ross,YVKR53781578159792,20,0.1895995467,0.0,2018-04-12T00:00:00,0,0.0,68000.0,AprovadoComite,De 31 a 50 % - Médio,0.5471698113207547,0.4528301886792452,0.0,50000.0,2020-03-13T15:09:38,2019-12-31T03:00:00,3658605.0,1972850.0,3962868.0,612053.0,0.0,1533422.0,1306344.0,0.0,0.0,12.0,0.0,2017.0,De 0 a 5 anos,50000.0,False,True,1.0,4320.0,
1108,1141,Dr. Richard Jones,Mrs. Jenna Joyce,UCNC98263238095494,5,0.3826533846,0.0,2017-12-05T00:00:00,0,0.0,20000.0,AprovadoAnalista,De 31 a 50 % - Médio,0.5094339622641509,0.490566037735849,0.0,20000.0,,,,,,,,,,977987.0,0.0,12.0,0.0,2017.0,De 0 a 5 anos,50000.0,False,True,1.0,7040.0,2020-03-12T18:21:05
1109,1142,Gareth Bradley-Thornton,Dr. Terence Clark,QUJR03976264087012,3,0.1635010321,0.0,2017-08-04T00:00:00,0,0.0,10000.0,AprovadoAnalista,De 31 a 50 % - Médio,0.6037735849056604,0.3962264150943396,0.0,10000.0,,,,,,,,,,1124558.0,0.0,12.0,0.0,2008.0,De 11 a 16 anos,35000.0,False,True,1.0,9250.0,2020-03-12T18:17:34
1112,1145,Ms. Natalie Poole,John Hunt,SHOX44334712342509,0,0.4264288106,0.0,2019-09-12T00:00:00,0,0.0,49999.0,AprovadoAnalista,De 31 a 50 % - Médio,0.6226415094339622,0.3773584905660377,0.0,30000.0,,,,,,,,,,1766755.0,0.0,12.0,0.0,2018.0,De 0 a 5 anos,95400.0,False,True,1.0,4400.0,2020-03-12T21:00:59
1113,1146,Liam Jackson,Gerard Gordon,KAYS53232027306925,0,0.0,,2019-06-28T10:25:57,0,0.0,25000.0,AprovadoAnalista,De 31 a 50 % - Médio,0.6226415094339622,0.3773584905660377,0.0,25000.0,,,,,,,,,,918476.0,0.0,12.0,0.0,2011.0,De 6 a 10 anos,15000.0,False,True,0.0,38400.0,2020-03-12T17:13:35
1114,1147,Ms. Jasmine Clark,Dr. Josephine Scott,KRLB88823407026041,0,0.4806610685,0.0,2019-07-16T00:00:00,0,0.0,15000.0,AprovadoAnalista,De 31 a 50 % - Médio,0.6226415094339622,0.3773584905660377,0.0,10000.0,,,,,,,,,,8587972.0,0.0,12.0,0.0,2010.0,De 6 a 10 anos,93700.0,True,True,1.0,196653.0,2020-03-12T18:18:36
1116,1149,Alison Smith-Cooke,Irene Taylor,DGIY45773990092755,7,0.4039698807,0.0,2017-01-20T00:00:00,0,0.0,30000.0,AprovadoAnalista,De 31 a 50 % - Médio,0.5849056603773584,0.4150943396226415,0.994137200961978,8000.0,,,,,,,,,,849981.0,0.0,12.0,0.0,2008.0,De 11 a 16 anos,20000.0,False,True,1.0,2700.0,2020-03-12T19:20:16
1118,1151,Nicole Adams,Bruce Morgan,FIXX62185133473858,0,0.6436423155,0.0,2019-07-08T00:00:00,24,12924.0,20000.0,ReprovadoAnalista,De 31 a 50 % - Médio,0.5471698113207547,0.4528301886792452,0.0,,,,,,,,,,,33147.0,0.0,12.0,0.0,2016.0,De 0 a 5 anos,70000.0,False,True,1.0,0.0,
1120,1153,Kimberley Barton,Karen Reynolds,BFRW45357875791361,27,0.5185961055,0.0,2015-11-04T00:00:00,29,8534.0,30000.0,AprovadoAnalista,De 31 a 50 % - Médio,0.6415094339622641,0.3584905660377358,0.866025403784439,30000.0,,,,,,,,,,1549367.0,0.0,10.0,0.0,2013.0,De 6 a 10 anos,120000.0,False,True,1.0,2700.0,2020-03-12T21:04:09
1121,1154,Dr. Donald White,Timothy Shaw,TRAD39089840050862,22,0.3210338255,0.0,2016-07-05T00:00:00,31,15476.5,50000.0,AprovadoAnalista,De 31 a 50 % - Médio,0.5660377358490566,0.4339622641509433,-0.988387577802556,50000.0,,,,,,,,,,3456404.0,0.0,12.0,0.0,2000.0,Acima de 17 anos,120000.0,False,True,0.9258780876,33000.0,2020-03-12T21:06:52
1123,1156,Michael Rowley,Mr. Connor Ball,VAPU55042133714715,0,0.0,,2006-08-21T17:06:34,0,0.0,50000.0,ReprovadoAnalista,De 31 a 50 % - Médio,0.5849056603773584,0.4150943396226415,0.0,,,,,,,,,,,3601813.0,0.0,12.0,0.0,1997.0,Acima de 17 anos,12000.0,True,True,0.0,35200.0,
1132,1165,Kathleen Brown,Dr. Nigel Hartley,EFPF72211586597037,29,0.0,,2014-12-12T10:21:24,0,0.0,30000.0,AprovadoAnalista,De 31 a 50 % - Médio,0.5849056603773584,0.4150943396226415,0.0,20000.0,,,,,,,,,,1782672.0,0.0,12.0,0.0,2014.0,De 6 a 10 anos,20000.0,True,True,0.0,3700.0,2020-03-12T18:59:40
1133,1166,Claire Murphy,Martin Price,EMNQ02028964168567,3,0.4477745004,0.0,2018-07-23T00:00:00,0,0.0,10000.0,AprovadoAnalista,De 31 a 50 % - Médio,0.490566037735849,0.5094339622641509,0.0,10000.0,,,,,,,,,,1171140.0,0.0,12.0,0.0,2017.0,De 0 a 5 anos,84500.0,False,True,1.0,1642.0,2020-03-12T18:22:43
1134,1167,Jean Law,Ms. Valerie Saunders,KRNT14345753523861,4,0.4699794062,0.0,2019-06-07T00:00:00,27,3283.72,20000.0,AprovadoAnalista,De 31 a 50 % - Médio,0.5849056603773584,0.4150943396226415,0.866025403784439,5000.0,,,,,,,,,,413272.0,0.0,12.0,0.0,2003.0,Acima de 17 anos,100000.0,False,True,1.0,60800.0,2020-03-12T19:00:22
1137,1170,Sheila Holmes-Williams,Iain Brown-Taylor,YJKL12567970829015,62,0.0,,2011-07-28T10:45:04,0,0.0,76000.0,AprovadoComite,De 31 a 50 % - Médio,0.5660377358490566,0.4339622641509433,-0.875954892594492,40000.0,2020-03-13T15:06:17,2019-12-31T03:00:00,1007659.0,386767.0,1198807.0,253649.0,62910.0,752062.0,64800.0,4217666.0,1899182.0,12.0,2318484.0,2009.0,De 11 a 16 anos,100000.0,False,True,0.0,34400.0,
1138,1171,Wayne Turner-Adams,Mr. Paul Chapman,QICR43039981816187,0,0.4237278403,0.0,2019-04-10T00:00:00,0,0.0,10000.0,AprovadoAnalista,De 31 a 50 % - Médio,0.660377358490566,0.3396226415094339,0.0,10000.0,,,,,,,,,,918630.0,0.0,12.0,0.0,2012.0,De 6 a 10 anos,20000.0,False,True,1.0,2700.0,2020-03-12T19:00:49
1140,1173,Dr. Carly Middleton,Carl Hawkins,TKVU55122805413304,0,0.3699334855,0.0,2019-04-15T00:00:00,0,0.0,20000.0,AprovadoAnalista,De 31 a 50 % - Médio,0.6226415094339622,0.3773584905660377,0.0,20000.0,,,,,,,,,,2466791.0,0.0,12.0,0.0,2016.0,De 0 a 5 anos,90000.0,False,True,1.0,73069.0,2020-03-12T19:02:04
1141,1174,Miss Ann Kaur,Matthew Howe-Freeman,TJJC78015775179437,150,0.3364379343,0.0,2010-07-09T00:00:00,0,0.0,50000.0,AprovadoAnalista,De 31 a 50 % - Médio,0.6792452830188679,0.320754716981132,0.44163436494393,10000.0,,2019-12-31T00:00:00,14045797.0,1437718.0,14302029.0,11968706.0,77577.0,6480172.0,7563266.0,9498373.0,4706073.0,12.0,4792300.0,2007.0,De 11 a 16 anos,500000.0,False,True,0.8874787362,190225.0,2020-03-12T21:52:12
1142,1175,Dr. Melissa Cooper,Dr. Lesley Thompson,RSIJ55570876883861,3,0.0,,2009-11-13T13:46:34,0,0.0,20000.0,AprovadoAnalista,De 31 a 50 % - Médio,0.6037735849056604,0.3962264150943396,0.0,20000.0,,,,,,,,,,677524.0,0.0,12.0,0.0,2003.0,Acima de 17 anos,20000.0,False,True,0.0,5920.0,2020-03-12T19:04:06
1143,1176,Adam Allen,Clifford Jones-Gill,DATV77275374664842,33,0.4637211329,0.0,2020-01-21T00:00:00,0,0.0,20000.0,AprovadoAnalista,De 31 a 50 % - Médio,0.5471698113207547,0.4528301886792452,0.0,5000.0,,,,,,,,,,590245.0,0.0,12.0,0.0,2018.0,De 0 a 5 anos,50000.0,False,True,1.0,18000.0,2020-03-12T21:54:56
1144,1177,Mrs. Nicole Evans,Dr. Eric Turner,GRSF38309103412538,23,0.0,,2019-02-14T15:43:55,0,0.0,20000.0,AprovadoAnalista,De 31 a 50 % - Médio,0.6415094339622641,0.3584905660377358,0.866025403784439,20000.0,,,,,,,,,,3561186.0,0.0,12.0,0.0,1999.0,Acima de 17 anos,200000.0,False,True,0.0,58190.0,2020-03-12T21:55:26
1151,1184,Robert Miller,Hilary Lynch,RUGA45803699804793,6,0.2540632248,0.0,2018-09-27T00:00:00,0,0.0,10000.0,AprovadoAnalista,De 31 a 50 % - Médio,0.5660377358490566,0.4339622641509433,0.866025403784439,10000.0,,,,,,,,,,345947.0,0.0,12.0,0.0,2013.0,De 6 a 10 anos,95400.0,False,True,1.0,35200.0,2020-03-12T21:57:32
1155,1188,Nicholas Smith,Sian Edwards,JJES66351752080675,18,0.3578667961,0.0,2018-02-16T00:00:00,0,0.0,900000.0,AprovadoComite,De 31 a 50 % - Médio,0.6226415094339622,0.3773584905660377,0.0,250000.0,2020-03-13T15:00:16,2019-12-31T03:00:00,8757950.0,5081670.0,12948852.0,-569822.0,7430367.0,3478942.0,4456204.0,29314041.0,8041439.0,12.0,21272602.0,2003.0,Acima de 17 anos,3000000.0,False,False,1.0,2042372.0,
1156,1189,Joel Barker,Alexandra Booth,NDQY08382482766970,0,0.2992215314,0.0,2019-09-24T00:00:00,0,0.0,45000.0,AprovadoAnalista,De 31 a 50 % - Médio,0.490566037735849,0.5094339622641509,0.0,10000.0,,,,,,,,,,75362.0,0.0,10.0,0.0,2018.0,De 0 a 5 anos,96000.0,False,True,1.0,5120.0,2020-03-12T20:06:05
1157,1190,Ms. Debra Wade,Rachel Harris-Reynolds,VOXK39980489641860,26,0.4012288618,0.0,2011-05-02T00:00:00,0,0.0,350000.0,AprovadoAnalista,De 31 a 50 % - Médio,0.6415094339622641,0.3584905660377358,0.796774882444864,250000.0,,2019-06-30T03:00:00,1742422.0,2456488.0,2637422.0,180933.0,1551513.0,2395273.0,0.0,1342432.0,-197905.0,6.0,1540337.0,2009.0,De 11 a 16 anos,800000.0,False,True,1.0,108800.0,2020-03-12T20:33:11
1158,1191,Martyn Foster,Francesca Nolan,WSUA65872402892522,7,0.3418628183,0.0,2017-03-22T00:00:00,0,0.0,30000.0,AprovadoAnalista,De 31 a 50 % - Médio,0.5660377358490566,0.4339622641509433,0.866025403784439,15000.0,,,,,,,,,,0.0,0.0,1.0,0.0,2010.0,De 6 a 10 anos,200000.0,False,True,1.0,8640.0,2020-03-13T12:54:58
1159,1192,Terence Newton,Dr. Bruce Gould,PQAJ38876945537060,6,0.391773279,0.0,2016-05-18T00:00:00,30,8419.82,50000.0,AprovadoAnalista,De 31 a 50 % - Médio,0.5094339622641509,0.490566037735849,-0.764783473484328,45000.0,,,,,,,,,,4289847.0,0.0,12.0,0.0,2015.0,De 0 a 5 anos,150000.0,True,True,0.9235577488,119020.0,2020-03-13T12:57:01
1161,1194,Mrs. Catherine Khan,Holly Carroll,QMXI88311841323503,5,0.5760158692,0.0,2020-02-26T00:00:00,40,4990.8,15000.0,AprovadoAnalista,De 31 a 50 % - Médio,0.6415094339622641,0.3584905660377358,0.0,5000.0,,,,,,,,,,318648.0,0.0,12.0,0.0,2012.0,De 6 a 10 anos,10000.0,False,True,1.0,5400.0,2020-03-13T12:57:47
1162,1195,Dr. Robin Cooper,Dr. Katy Kirk,HABK58548312920723,0,0.3379951046,0.0,2015-05-20T00:00:00,0,0.0,30000.0,AprovadoAnalista,De 31 a 50 % - Médio,0.6226415094339622,0.3773584905660377,0.0,20000.0,,,,,,,,,,1139687.0,0.0,12.0,0.0,2014.0,De 6 a 10 anos,130000.0,False,True,1.0,13200.0,2020-03-13T12:58:43
1164,1198,Sian Hill,Bradley Brooks,GDMN60702597998041,3,0.3673794787,0.0,2016-11-30T00:00:00,14,894.4,15000.0,AprovadoAnalista,De 31 a 50 % - Médio,0.5094339622641509,0.490566037735849,0.0,10000.0,,,,,,,,,,125543.0,0.0,12.0,0.0,2015.0,De 0 a 5 anos,1000.0,False,True,1.0,2700.0,2020-03-13T12:59:27
1166,1200,Jeremy Jones-Wallis,Cheryl Lee,EVIS64339646315210,27,0.4292453492,0.0,2016-03-03T00:00:00,25,18700.68,20000.0,AprovadoAnalista,De 31 a 50 % - Médio,0.5660377358490566,0.4339622641509433,0.0,20000.0,,,,,,,,,,0.0,0.0,1.0,0.0,2010.0,De 6 a 10 anos,2000.0,False,True,0.9818639502,7400.0,2020-03-13T13:01:04
1167,1201,Samantha Roberts,Colin Rice,ABJC27126687767382,38,0.3299805663,0.0,2006-08-01T00:00:00,34,15995.67,40000.0,AprovadoComite,De 31 a 50 % - Médio,0.660377358490566,0.3396226415094339,0.0,40000.0,2020-03-13T15:12:27,,,,,,,,,3349362.0,0.0,12.0,0.0,2003.0,Acima de 17 anos,20000.0,False,True,1.0,7040.0,
1169,1203,Mr. George Khan,Ms. Kirsty Powell,OEVH87729110003036,18,0.5940987451,0.0,2017-09-13T00:00:00,0,0.0,25000.0,AprovadoComite,De 31 a 50 % - Médio,0.5283018867924528,0.4716981132075471,0.866025403784439,10000.0,2020-03-13T17:55:54,,,,,,,,,692541.0,0.0,10.0,0.0,2013.0,De 6 a 10 anos,110000.0,False,True,1.0,2200.0,
1170,1204,Adam Allen,Clifford Jones-Gill,DATV77275374664842,33,0.4637211329,0.0,2020-01-21T00:00:00,0,0.0,15000.0,AprovadoComite,De 31 a 50 % - Médio,0.5094339622641509,0.490566037735849,0.0,5000.0,2020-03-13T18:02:59,,,,,,,,,590245.0,0.0,12.0,0.0,2018.0,De 0 a 5 anos,50000.0,False,True,1.0,18000.0,
1173,1207,Alexandra Griffin,Ms. Charlotte Reeves,YNMU78274376451133,111,0.3322039905,0.0,2017-10-31T00:00:00,0,0.0,7000.0,ReprovadoComite,De 31 a 50 % - Médio,0.5283018867924528,0.4716981132075471,0.774979831826727,,,,,,,,,,,62502.0,0.0,6.0,0.0,2013.0,De 6 a 10 anos,10000.0,False,True,1.0,1820.0,
1174,1208,Rosie Hooper-Russell,Jade Gould-Abbott,IQUN69915233080955,0,0.4031769513,0.0,2019-06-17T00:00:00,0,0.0,30000.0,AprovadoComite,De 31 a 50 % - Médio,0.6226415094339622,0.3773584905660377,0.0,15000.0,2020-03-13T17:40:08,,,,,,,,,4201934.0,0.0,12.0,0.0,2017.0,De 0 a 5 anos,93700.0,False,True,1.0,38000.0,
1175,1209,Sean Allen-Cox,Jade Gould-Abbott,BDSB47671418303300,4,0.4076626954,0.0,2018-04-30T00:00:00,0,0.0,30000.0,AprovadoComite,De 31 a 50 % - Médio,0.6226415094339622,0.3773584905660377,-1.1e-15,15000.0,2020-03-13T17:40:48,,,,,,,,,3413209.0,0.0,12.0,0.0,2017.0,De 0 a 5 anos,93700.0,False,True,1.0,38000.0,
1177,1211,Reece Davies-Stevenson,Tina Barker,MSKE69721332710956,16,0.3077777649,0.0,2016-08-18T00:00:00,0,0.0,50000.0,AprovadoComite,De 31 a 50 % - Médio,0.6792452830188679,0.320754716981132,-0.866025403784439,40000.0,2020-03-13T15:11:36,2019-12-31T00:00:00,2735209.0,849082.0,2854106.0,1996410.0,0.0,2642352.0,1873944.0,7204047.0,3701825.0,12.0,3502222.0,1997.0,Acima de 17 anos,20000.0,False,True,0.8061777608,66000.0,
1181,1215,Shaun Barlow-Owen,Dr. Peter Bryan,NTPP27145676483888,2,0.1719910304,0.0,2019-07-29T00:00:00,60,57600.0,60000.0,AprovadoAnalista,De 31 a 50 % - Médio,0.6415094339622641,0.3584905660377358,0.0,60000.0,,2016-12-31T02:00:00,0.0,0.0,0.0,0.0,0.0,0.0,0.0,1806612.0,0.0,6.0,0.0,2017.0,De 0 a 5 anos,350000.0,False,True,1.0,33000.0,2020-03-16T13:36:50
1183,1217,Mr. Vincent Short,Miss Annette Begum,YEXL30538408251224,0,0.3869073556,0.0,2019-10-17T00:00:00,15,1960.01,25000.0,ReprovadoComite,De 31 a 50 % - Médio,0.5094339622641509,0.490566037735849,0.0,,,,,,,,,,,0.0,0.0,1.0,0.0,2019.0,De 0 a 5 anos,10000.0,False,True,1.0,1760.0,
1184,1218,Leigh Bailey,Colin Evans,TLUZ01264776107138,16,0.5204969471,0.0,2018-01-22T00:00:00,33,8254.4,30000.0,AprovadoComite,De 31 a 50 % - Médio,0.5283018867924528,0.4716981132075471,0.866025403784439,20000.0,2020-03-13T17:46:39,,,,,,,,,2823361.0,0.0,12.0,0.0,2015.0,De 0 a 5 anos,100000.0,False,True,1.0,28315.0,
1185,1219,Bradley Baxter-Holland,Robin Thompson,TTWR49548920600691,107,0.4692825797,0.0,2010-03-09T00:00:00,0,0.0,50000.0,AprovadoComite,De 31 a 50 % - Médio,0.5660377358490566,0.4339622641509433,0.0,15000.0,2020-03-13T15:10:50,2019-12-31T00:00:00,888904.0,2804150.0,930812.0,1943337.0,2391121.0,0.0,820416.0,230953.0,67076.0,12.0,163887.0,2008.0,De 11 a 16 anos,100000.0,True,True,1.0,0.0,
1192,1227,Frank Sullivan,Natalie King,NMFH55661019134279,17,0.368013309,0.0,2016-02-02T00:00:00,13,5450.0,50000.0,AprovadoAnalista,De 31 a 50 % - Médio,0.5471698113207547,0.4528301886792452,0.0369729544760378,45000.0,,,,,,,,,,5363903.0,0.0,12.0,0.0,2015.0,De 0 a 5 anos,150000.0,False,True,0.9639938015,42280.0,2020-03-16T13:28:32
1195,1230,Lynn Moore,Mrs. Ruth Miles,HTUZ60482708308964,9,0.3871397415,0.0,2011-05-20T00:00:00,0,0.0,20000.0,AprovadoAnalista,De 31 a 50 % - Médio,0.6792452830188679,0.320754716981132,0.0,20000.0,,,,,,,,,,1411975.0,0.0,6.0,0.0,2011.0,De 6 a 10 anos,5000.0,False,True,1.0,35200.0,2020-03-16T13:33:50
1202,1237,Dr. Sean Adams,Tracy Collins,TNLN84241632543111,33,0.0,,2018-10-31T10:41:59,0,0.0,5000.0,AprovadoAnalista,De 31 a 50 % - Médio,0.5283018867924528,0.4716981132075471,0.866025403784439,3000.0,,,,,,,,,,0.0,0.0,1.0,0.0,2006.0,De 11 a 16 anos,300000.0,False,True,0.0,63000.0,2020-03-16T13:53:59
1203,1238,Geoffrey Johnson,Tracy Collins,CLUV86507137794361,33,0.2777430629,0.0,2018-10-30T00:00:00,0,0.0,5000.0,AprovadoAnalista,De 31 a 50 % - Médio,0.5283018867924528,0.4716981132075471,0.866025403784439,4000.0,,,,,,,,,,0.0,0.0,1.0,0.0,2012.0,De 6 a 10 anos,300000.0,False,True,1.0,36000.0,2020-03-16T13:54:49
1204,1239,Gary Jenkins,Tracy Collins,VNIN30519701991786,0,0.0,,2019-01-09T10:49:30,0,0.0,5000.0,AprovadoAnalista,De 31 a 50 % - Médio,0.5094339622641509,0.490566037735849,0.0,4000.0,,,,,,,,,,1.0,0.0,1.0,0.0,2016.0,De 0 a 5 anos,100000.0,False,True,0.0,52500.0,2020-03-16T13:57:10
1205,1240,Harry Martin,Gordon Edwards,PJNF06736417541303,13,0.3587263812,0.0,2007-04-13T00:00:00,23,1510.81,30000.0,AprovadoAnalista,De 31 a 50 % - Médio,0.6792452830188679,0.320754716981132,0.0,30000.0,,,,,,,,,,2837830.0,0.0,12.0,0.0,2001.0,Acima de 17 anos,99800.0,False,True,1.0,55900.0,2020-03-16T13:58:16
1206,1241,Mrs. Sylvia Lawrence,Ronald Wood,UGFP92296176590176,2,0.5861232635,0.0,2018-07-25T00:00:00,0,0.0,15000.0,AprovadoAnalista,De 31 a 50 % - Médio,0.6226415094339622,0.3773584905660377,0.0,15000.0,,,,,,,,,,1323806.0,0.0,12.0,0.0,2012.0,De 6 a 10 anos,100000.0,False,True,1.0,3700.0,2020-03-16T13:41:56
1210,1245,Gerard Dale,Dr. Russell Lewis,AYQU44925752240502,2,0.4763216708,0.0,2019-07-10T00:00:00,0,0.0,25000.0,AprovadoAnalista,De 31 a 50 % - Médio,0.6037735849056604,0.3962264150943396,0.0,12000.0,,,,,,,,,,829611.0,0.0,12.0,0.0,1999.0,Acima de 17 anos,300000.0,False,True,1.0,0.0,2020-03-16T13:59:21
1217,1252,Dr. Lucy Hutchinson,Sylvia Holloway,OQEY96212730604200,11,0.0,,2017-11-30T13:54:37,0,0.0,10000.0,AprovadoAnalista,De 31 a 50 % - Médio,0.5660377358490566,0.4339622641509433,0.0,10000.0,,,,,,,,,,1512936.0,0.0,12.0,0.0,2016.0,De 0 a 5 anos,20000.0,False,True,0.0,4400.0,2020-03-16T20:06:55
1220,1255,James Gardner,Jemma Higgins,OMBO17193756311453,20,0.0,,2016-03-23T11:07:06,0,0.0,10000.0,AprovadoAnalista,De 31 a 50 % - Médio,0.5283018867924528,0.4716981132075471,0.866025403784439,5000.0,,,,,,,,,,0.0,0.0,1.0,0.0,2009.0,De 11 a 16 anos,15000.0,False,True,0.0,53760.0,2020-03-16T20:08:15
1223,1259,Andrea Peacock,Duncan Patel,MJIJ35078764020385,0,0.3865250965,0.0,2019-04-10T00:00:00,0,0.0,5000.0,AprovadoAnalista,De 31 a 50 % - Médio,0.6226415094339622,0.3773584905660377,0.0,5000.0,,,,,,,,,,0.0,0.0,1.0,0.0,2007.0,De 11 a 16 anos,100000.0,False,True,1.0,12420.0,2020-03-16T20:14:18
1224,1260,Catherine Marshall-Thompson,Maria Dyer,JKAF93512474786620,5,0.5440276558,0.0,2018-07-26T00:00:00,8,4800.0,36000.0,AprovadoAnalista,De 31 a 50 % - Médio,0.5094339622641509,0.490566037735849,0.0,20000.0,,,,,,,,,,1714093.0,0.0,12.0,0.0,2018.0,De 0 a 5 anos,30000.0,False,True,1.0,1400.0,2020-03-16T20:18:43
1225,1261,Kathryn Lynch,Mr. Lee Reynolds,IFZS36279558153912,2,0.4159864378,0.0,2018-08-21T00:00:00,27,1315.0,5000.0,AprovadoAnalista,De 31 a 50 % - Médio,0.6226415094339622,0.3773584905660377,0.0,5000.0,,2018-04-03T00:00:00,151839.0,55259.0,151839.0,96580.0,0.0,0.0,127439.0,133594.0,0.0,12.0,0.0,2018.0,De 0 a 5 anos,100000.0,False,True,1.0,8000.0,2020-03-16T20:19:07
1227,1263,Mr. Keith Smith,Dr. Sean Warner,ONHE63394493242929,0,0.3605343504,0.0,2019-09-30T00:00:00,0,0.0,40000.0,ReprovadoAnalista,De 31 a 50 % - Médio,0.5283018867924528,0.4716981132075471,0.0,,,,,,,,,,,0.0,0.0,1.0,0.0,2013.0,De 6 a 10 anos,100000.0,True,True,1.0,0.0,
1228,1264,Rebecca Read,Dorothy Brown,SOWE19019998848591,90,0.4446534503,0.0,2006-06-29T00:00:00,0,10876.3,30000.0,AprovadoAnalista,De 31 a 50 % - Médio,0.5660377358490566,0.4339622641509433,0.0,30000.0,,,,,,,,,,1489740.0,0.0,12.0,0.0,1990.0,Acima de 17 anos,100000.0,False,True,1.0,94500.0,2020-03-16T20:22:10
1233,1269,John Howard,Martin Price-Collins,DGFA43623485232793,8,0.4766808982,0.0,2006-08-18T00:00:00,0,0.0,20000.0,ReprovadoAnalista,De 31 a 50 % - Médio,0.5283018867924528,0.4716981132075471,-0.866025403784439,,,,,,,,,,,701455.0,0.0,12.0,0.0,2001.0,Acima de 17 anos,50000.0,True,True,0.981281418,86000.0,
1234,1270,Dr. Abbie Jordan,Clare Patel,NDMR55519197496303,95,0.4198422358,0.0,2016-09-23T00:00:00,0,0.0,20000.0,AprovadoAnalista,De 31 a 50 % - Médio,0.660377358490566,0.3396226415094339,0.116294006182094,5000.0,,,,,,,,,,5477817.0,0.0,12.0,0.0,2007.0,De 11 a 16 anos,1000000.0,False,True,0.9093815132,5200.0,2020-03-16T20:34:23
1238,1274,Lucy O'Neill,Dennis West,GGJU66061727510768,61,0.0,,2019-06-17T10:39:11,0,0.0,50000.0,ReprovadoAnalista,De 31 a 50 % - Médio,0.5283018867924528,0.4716981132075471,0.866025403784439,,,2019-12-31T00:00:00,227802.0,92868.0,1624630.0,263734.0,1268028.0,53698.0,167487.0,795073.0,228276.0,12.0,566797.0,2011.0,De 6 a 10 anos,200000.0,True,True,0.0,0.0,
1240,1276,Mr. Craig Freeman,Frances Doyle,BQJH86081894426292,22,0.2992422674,0.0,2009-02-25T00:00:00,0,0.0,40000.0,AprovadoAnalista,De 31 a 50 % - Médio,0.660377358490566,0.3396226415094339,-0.866025403784439,40000.0,,,,,,,,,,9079705.0,0.0,12.0,0.0,1998.0,Acima de 17 anos,600000.0,False,True,1.0,0.0,2020-03-16T20:40:47
1242,1278,Olivia Brown,Maureen Roberts,ZQZQ63822896328205,63,0.5350265072,0.0,2014-04-02T00:00:00,37,24315.0,50000.0,AprovadoAnalista,De 31 a 50 % - Médio,0.6792452830188679,0.320754716981132,-0.999985401916426,20000.0,,2018-12-31T00:00:00,1067374.0,225971.0,1631359.0,1405388.0,0.0,845826.0,111377.0,1698722.0,366668.0,12.0,1332054.0,2008.0,De 11 a 16 anos,400000.0,False,True,0.8736637432,182229.0,2020-03-17T13:07:50
1246,1282,Lynda Richards-Bull,Jack Hall,SROG54095165973386,63,0.5408209312,0.0,2013-08-28T00:00:00,0,85039.47,30000.0,AprovadoAnalista,De 31 a 50 % - Médio,0.5849056603773584,0.4150943396226415,0.0,30000.0,,,,,,,,,,0.0,0.0,1.0,0.0,1990.0,Acima de 17 anos,10000.0,True,False,0.9663711948,2905000.0,2020-03-16T20:43:22
1247,1283,Antony Clements-Dawson,Alexandra Bailey,CHTH65483856477293,0,0.6107355504,0.0,2015-11-27T00:00:00,357,1761.81,30000.0,AprovadoAnalista,De 31 a 50 % - Médio,0.6226415094339622,0.3773584905660377,0.0,15000.0,,,,,,,,,,861974.0,0.0,12.0,0.0,2012.0,De 6 a 10 anos,30000.0,False,True,1.0,11340.0,2020-03-16T20:44:01
1248,1284,Mr. Dylan Fisher,Miss June Morris,XKUT24745710795780,4,0.272233658,0.0,2017-09-29T00:00:00,0,0.0,35000.0,AprovadoAnalista,De 31 a 50 % - Médio,0.490566037735849,0.5094339622641509,0.0,25000.0,,,,,,,,,,790284.0,257941.0,12.0,532343.0,2017.0,De 0 a 5 anos,200000.0,False,True,1.0,5400.0,2020-03-17T13:15:41
1249,1285,Mohammed Wood,Miss Yvonne Peters,FCXH86800898671050,6,0.3179461769,0.0,2016-07-29T00:00:00,46,12820.66,49990.0,AprovadoAnalista,De 31 a 50 % - Médio,0.6226415094339622,0.3773584905660377,-0.866025403784439,40000.0,,,,,,,,,,3051901.0,0.0,12.0,0.0,2016.0,De 0 a 5 anos,30000.0,False,True,0.956883647,8800.0,2020-03-16T20:47:51
1251,1287,Kirsty Davis,Tina Day-Walker,HSNK71372249063813,109,0.440212599,0.0,2018-05-24T00:00:00,0,4200.0,45000.0,AprovadoAnalista,De 31 a 50 % - Médio,0.5094339622641509,0.490566037735849,0.998792068093506,15000.0,,,,,,,,,,3778165.0,0.0,12.0,0.0,2011.0,De 6 a 10 anos,100000.0,False,True,0.8575271739,19000.0,2020-03-16T20:49:59
1252,1289,Sarah Hopkins,Mr. Conor Jones,AZFO81709966547489,57,0.3158088191,0.0,2019-06-27T00:00:00,0,0.0,420000.0,AprovadoComite,De 31 a 50 % - Médio,0.660377358490566,0.3396226415094339,0.866025403784439,300000.0,2020-03-17T14:54:00,2019-12-31T03:00:00,0.0,0.0,0.0,0.0,0.0,0.0,0.0,229996561.0,0.0,5.0,0.0,2017.0,De 0 a 5 anos,0.0,True,False,1.0,0.0,
1254,1291,Sarah Harvey,Raymond Hill,CFOO85597670333653,5,0.3385694321,0.0,2017-10-23T00:00:00,0,0.0,80000.0,AprovadoAnalista,De 31 a 50 % - Médio,0.5094339622641509,0.490566037735849,0.0385233256793811,15000.0,,2019-12-31T03:00:00,1642103.0,1708227.0,1642103.0,-66123.0,0.0,0.0,2173388.0,745259.0,0.0,12.0,0.0,2013.0,De 6 a 10 anos,30000.0,False,True,1.0,5400.0,2020-03-17T13:26:36
1255,1292,Mrs. Dawn Norris,Grace Wood,CIUT87261823844328,0,0.0,0.0,,0,0.0,40000.0,ReprovadoAnalista,De 31 a 50 % - Médio,0.490566037735849,0.5094339622641509,0.0,,,,,,,,,,,745259.0,0.0,12.0,0.0,2015.0,De 0 a 5 anos,170000.0,False,True,0.0,3520.0,
1257,1294,William Simmons-Matthews,Dr. Marian Smith,UVYL53105358785066,20,0.5167641478,0.0,2010-06-22T00:00:00,12,14578.2,100000.0,AprovadoAnalista,De 31 a 50 % - Médio,0.6037735849056604,0.3962264150943396,-0.949739123780773,100000.0,,2019-09-30T03:00:00,1295892.0,2326535.0,2776167.0,-399327.0,885023.0,4224307.0,1076953.0,6875327.0,2874967.0,9.0,4000360.0,2007.0,De 11 a 16 anos,250000.0,False,False,0.7515371717,89000.0,2020-03-17T16:38:27
1262,1299,Carly Carter,Janice Davis,TDFC50368260540058,2,0.3579475574,0.0,2017-10-25T00:00:00,0,0.0,50000.0,AprovadoAnalista,De 31 a 50 % - Médio,0.6037735849056604,0.3962264150943396,0.0,40000.0,,,,,,,,,,9502297.0,0.0,12.0,0.0,2016.0,De 0 a 5 anos,100000.0,False,True,1.0,254988.0,2020-03-17T16:41:37
1263,1300,Carol Day,Terence Kirby,IJRV52317490367799,137,0.4127660012,0.0,2015-05-27T00:00:00,44,523457.15,350000.0,AprovadoAnalista,De 31 a 50 % - Médio,0.6226415094339622,0.3773584905660377,-0.872901349861734,350000.0,,2019-09-30T03:00:00,15527971.0,6983659.0,16942090.0,10111035.0,571428.0,10133128.0,1738783.0,24942989.0,4724748.0,8.0,20218241.0,2004.0,De 11 a 16 anos,700000.0,True,True,0.9851802359,2703828.0,2020-03-17T16:47:28
1265,1302,Peter Barlow,Mrs. Sally Walker,FOZQ39728582407424,103,0.4744776638,0.0,2016-08-02T00:00:00,0,0.0,15000.0,AprovadoAnalista,De 31 a 50 % - Médio,0.5283018867924528,0.4716981132075471,0.96927554762106,10000.0,,,,,,,,,,3808903.0,0.0,10.0,0.0,2001.0,Acima de 17 anos,99800.0,False,True,0.8943651265,3800.0,2020-03-16T21:00:04
1267,1304,Catherine Marshall-Thompson,Maria Dyer,JKAF93512474786620,5,0.5440276558,0.0,2018-07-26T00:00:00,8,4800.0,36000.0,AprovadoAnalista,De 31 a 50 % - Médio,0.490566037735849,0.5094339622641509,0.0,20000.0,,,,,,,,,,1714093.0,0.0,12.0,0.0,2018.0,De 0 a 5 anos,30000.0,False,True,1.0,1400.0,2020-03-17T14:49:34
1269,1306,Mr. Norman Bell,Dr. Mitchell Walton,LROQ17181699846744,29,0.3765225768,0.0,2012-07-16T00:00:00,48,10030.46,20000.0,AprovadoAnalista,De 31 a 50 % - Médio,0.6792452830188679,0.320754716981132,0.0,20000.0,,,,,,,,,,1575566.0,0.0,12.0,0.0,2012.0,De 6 a 10 anos,100000.0,False,True,0.8678398407,35200.0,2020-03-17T18:38:43
1270,1307,Ms. Lorraine Taylor,Josh Kaur-Schofield,RNXF40207397014544,140,0.3650806472,0.0,2012-12-21T00:00:00,167,99916.0,40000.0,AprovadoAnalista,De 31 a 50 % - Médio,0.6792452830188679,0.320754716981132,-0.952436887010161,40000.0,,,,,,,,,,8820942.0,0.0,12.0,0.0,2012.0,De 6 a 10 anos,300000.0,False,True,0.5822230579,68000.0,2020-03-17T18:02:35
1278,1315,Benjamin Taylor,Marc Bibi-Jones,PUUH03862903170490,13,0.2194002789,0.0,2013-05-17T00:00:00,33,5832.0,1300000.0,AprovadoComite,De 31 a 50 % - Médio,0.5471698113207547,0.4528301886792452,-0.745302013941463,1200000.0,2020-03-17T15:02:38,,,,,,,,,0.0,0.0,1.0,0.0,2008.0,De 11 a 16 anos,220000.0,False,True,0.9996867847,26000.0,
1281,1318,Jean Law,Ms. Valerie Saunders,KRNT14345753523861,4,0.4699794062,0.0,2019-06-07T00:00:00,27,3283.72,20000.0,AprovadoAnalista,De 31 a 50 % - Médio,0.5849056603773584,0.4150943396226415,0.866025403784439,5000.0,,,,,,,,,,413272.0,0.0,12.0,0.0,2003.0,Acima de 17 anos,100000.0,False,True,1.0,60800.0,2020-03-17T19:07:25
1283,1320,Leigh Hughes-Pearce,Annette Perkins,IJXE11538394396738,32,0.3787503216,0.0,2011-10-21T00:00:00,38,537860.61,1500000.0,DocumentacaoReprovada,De 31 a 50 % - Médio,0.6037735849056604,0.3962264150943396,0.898075216001984,,,2019-08-30T03:00:00,19115654.0,14990604.0,19508100.0,1250686.0,0.0,5707680.0,12715408.0,34923577.0,5327134.0,8.0,29596443.0,2010.0,De 6 a 10 anos,500000.0,False,True,0.9963270695,1215674.0,
1286,1324,Simon Hall-Anderson,Jean Garner,GRNO28010711929674,0,0.3313376349,0.0,2017-10-10T00:00:00,0,0.0,10000.0,AprovadoAnalista,De 31 a 50 % - Médio,0.660377358490566,0.3396226415094339,0.0,10000.0,,2019-12-31T00:00:00,133496.0,38259.0,202673.0,164413.0,0.0,5856.0,90655.0,1043423.0,371939.0,12.0,671484.0,2017.0,De 0 a 5 anos,80000.0,False,True,1.0,4810.0,2020-03-17T19:09:40
1287,1325,Justin Allen,Julia North,DRSN85663600468218,3,0.2115988201,0.0,2019-08-28T00:00:00,0,0.0,15000.0,AprovadoAnalista,De 31 a 50 % - Médio,0.6226415094339622,0.3773584905660377,0.0,15000.0,,,,,,,,,,1516100.0,0.0,12.0,0.0,2011.0,De 6 a 10 anos,20000.0,True,True,1.0,7040.0,2020-03-17T19:11:44
1288,1326,Sandra Wallace,Mitchell Robinson,GPUI43673062519666,22,0.4746042782,0.0,2012-09-20T00:00:00,44,14997.33,45000.0,AprovadoAnalista,De 31 a 50 % - Médio,0.6226415094339622,0.3773584905660377,0.866025403784439,25000.0,,,,,,,,,,1877456.0,0.0,12.0,0.0,2003.0,Acima de 17 anos,40000.0,False,True,1.0,4320.0,2020-03-17T19:33:11
1289,1330,John Howard,Martin Price-Collins,DGFA43623485232793,8,0.4766808982,0.0,2006-08-18T00:00:00,0,0.0,30000.0,AprovadoAnalista,De 31 a 50 % - Médio,0.5283018867924528,0.4716981132075471,-0.866025403784439,20000.0,,,,,,,,,,701455.0,0.0,12.0,0.0,2001.0,Acima de 17 anos,50000.0,True,True,0.981281418,86000.0,2020-03-17T20:06:04
1290,1331,Sheila Holmes-Williams,Iain Brown-Taylor,YJKL12567970829015,62,0.0,,2011-07-28T10:45:04,0,0.0,65000.0,AprovadoComite,De 31 a 50 % - Médio,0.5660377358490566,0.4339622641509433,-0.875954892594492,40000.0,2020-03-17T20:13:08,2019-12-31T03:00:00,1007659.0,386767.0,1198807.0,253649.0,62910.0,752062.0,64800.0,4217666.0,1899182.0,12.0,2318484.0,2009.0,De 11 a 16 anos,100000.0,False,True,0.0,34400.0,
1292,1333,Keith Jones,Steven Kennedy-Jones,BRJP37453437154592,11,0.4240991321,0.0,2011-08-10T00:00:00,31,559679.98,420000.0,AprovadoComite,De 31 a 50 % - Médio,0.6226415094339622,0.3773584905660377,0.704535657259457,300000.0,2020-03-17T18:53:20,2019-12-31T03:00:00,286103378.0,249608297.0,351771624.0,-57879850.0,24633119.0,243889091.0,36182702.0,584549566.0,308221898.0,12.0,276327668.0,2008.0,De 11 a 16 anos,1500000.0,False,False,0.9947858507,0.0,
1294,1335,Leanne Bell,Clare Rees-Moss,HUFL97867216799324,2,0.4061224224,0.0,2019-10-09T00:00:00,0,0.0,15000.0,AprovadoAnalista,De 31 a 50 % - Médio,0.5094339622641509,0.490566037735849,0.0,10000.0,,,,,,,,,,1254526.0,0.0,12.0,0.0,2017.0,De 0 a 5 anos,93700.0,False,True,1.0,7400.0,2020-03-18T13:51:28
1296,1337,Gerard Harris,Clare Wright,PICP85326248411112,2,0.1497958333,0.0,2019-07-15T00:00:00,0,0.0,5000.0,AprovadoAnalista,De 31 a 50 % - Médio,0.490566037735849,0.5094339622641509,0.0,5000.0,,,,,,,,,,365903.0,0.0,12.0,0.0,2016.0,De 0 a 5 anos,25000.0,False,True,1.0,11464.0,2020-03-18T13:55:36
1298,1339,Olivia Brown,Maureen Roberts,ZQZQ63822896328205,63,0.5350265072,0.0,2014-04-02T00:00:00,37,24315.0,40000.0,AprovadoAnalista,De 31 a 50 % - Médio,0.6792452830188679,0.320754716981132,-0.999985401916426,30000.0,,2018-12-31T00:00:00,1067374.0,225971.0,1631359.0,1405388.0,0.0,845826.0,111377.0,1698722.0,366668.0,12.0,1332054.0,2008.0,De 11 a 16 anos,400000.0,False,True,0.8736637432,182229.0,2020-03-18T14:05:04
1300,1341,Sarah Hopkins,Mr. Conor Jones,AZFO81709966547489,57,0.3158088191,0.0,2019-06-27T00:00:00,0,0.0,420000.0,AprovadoComite,De 31 a 50 % - Médio,0.660377358490566,0.3396226415094339,0.866025403784439,420000.0,2020-03-17T18:45:42,2019-12-31T03:00:00,0.0,0.0,0.0,0.0,0.0,0.0,0.0,229996561.0,0.0,5.0,0.0,2017.0,De 0 a 5 anos,0.0,True,False,1.0,0.0,
1301,1342,Catherine Marshall-Thompson,Maria Dyer,JKAF93512474786620,5,0.5440276558,0.0,2018-07-26T00:00:00,8,4800.0,36000.0,AprovadoComite,De 31 a 50 % - Médio,0.490566037735849,0.5094339622641509,0.0,20000.0,2020-03-17T18:49:11,,,,,,,,,1714093.0,0.0,12.0,0.0,2018.0,De 0 a 5 anos,30000.0,False,True,1.0,1400.0,
1302,1343,Mrs. Alice Cole,Antony Bennett,HNOM60833242953889,17,0.5136572024,0.0,2017-12-04T00:00:00,0,0.0,25000.0,AprovadoAnalista,De 31 a 50 % - Médio,0.5283018867924528,0.4716981132075471,0.866025403784439,25000.0,,,,,,,,,,6296620.0,0.0,12.0,0.0,2015.0,De 0 a 5 anos,400000.0,False,True,1.0,4400.0,2020-03-18T15:19:59
1307,1348,Mrs. Amber Ward,Dale Knight,OYVS59562613587408,6,0.5578428231,0.0,2019-04-15T00:00:00,10,73970.0,53300.0,AprovadoAnalista,De 31 a 50 % - Médio,0.5471698113207547,0.4528301886792452,0.0,53300.0,,2017-01-01T02:00:00,0.0,0.0,0.0,0.0,0.0,0.0,0.0,5201591.0,0.0,12.0,0.0,2017.0,De 0 a 5 anos,100000.0,False,True,1.0,0.0,2020-03-18T15:24:06
1308,1349,Julia Williams,Sandra Campbell,LOHT42032319683132,18,0.2911279282,0.0,2013-12-04T00:00:00,67,100850.04,50000.0,AprovadoAnalista,De 31 a 50 % - Médio,0.5849056603773584,0.4150943396226415,-0.866025403784439,45000.0,,,,,,,,,,8983936.0,0.0,12.0,0.0,2006.0,De 11 a 16 anos,95400.0,True,True,0.9626872291,0.0,2020-03-18T15:21:34
1311,1353,Miss Abigail Gilbert,James Marshall-Manning,YGTW28927287134906,3,0.5699537942,0.0,2015-05-18T00:00:00,63,13320.58,25000.0,AprovadoAnalista,De 31 a 50 % - Médio,0.6226415094339622,0.3773584905660377,0.0,25000.0,,,,,,,,,,6260180.0,0.0,12.0,0.0,2015.0,De 0 a 5 anos,90000.0,False,True,1.0,136000.0,2020-03-18T15:26:21
1312,1354,Robin Carpenter,Mr. Josh White,IMWA08405853350486,42,0.2795324133,0.0,2006-08-16T00:00:00,0,0.0,20000.0,AprovadoAnalista,De 31 a 50 % - Médio,0.6226415094339622,0.3773584905660377,0.759581951290129,15000.0,,,,,,,,,,2606699.0,0.0,12.0,0.0,2000.0,Acima de 17 anos,5000.0,False,False,1.0,26400.0,2020-03-18T15:27:25
1313,1355,Miss Janet Stanley,Mandy Gordon,GBVU36208579018512,19,0.0,,2016-12-05T14:33:43,0,0.0,40000.0,AprovadoAnalista,De 31 a 50 % - Médio,0.5094339622641509,0.490566037735849,0.93678791459104,30000.0,,,,,,,,,,6996371.0,0.0,12.0,0.0,2004.0,De 11 a 16 anos,200000.0,False,True,0.0,0.0,2020-03-18T17:54:33
1316,1358,Leigh Hughes-Pearce,Annette Perkins,IJXE11538394396738,32,0.3787503216,0.0,2011-10-21T00:00:00,38,537860.61,1500000.0,AprovadoComite,De 31 a 50 % - Médio,0.5471698113207547,0.4528301886792452,0.898075216001984,1200000.0,2020-03-17T19:27:49,2019-12-31T03:00:00,21345836.0,17647084.0,21735491.0,693048.0,3371370.0,9131086.0,10175417.0,58926349.0,9131086.0,12.0,49918157.0,2010.0,De 6 a 10 anos,500000.0,False,True,0.9963270695,1215674.0,
1317,1359,Neil Collins-Barker,Harriet Jones,PHFT72717312841090,6,0.5302221939,0.0,2017-07-31T00:00:00,0,16049.33,15000.0,AprovadoComite,De 31 a 50 % - Médio,0.6226415094339622,0.3773584905660377,-0.872456780727376,15000.0,2020-03-18T18:50:31,,,,,,,,,1150419.0,0.0,12.0,0.0,2016.0,De 0 a 5 anos,88000.0,False,False,0.9726205905,0.0,
1320,1362,Mr. Keith Smith,Dr. Sean Warner,ONHE63394493242929,0,0.3605343504,0.0,2019-09-30T00:00:00,0,0.0,35000.0,ReprovadoAnalista,De 31 a 50 % - Médio,0.5660377358490566,0.4339622641509433,0.0,,,,,,,,,,,567440.0,212292.0,12.0,355148.0,2013.0,De 6 a 10 anos,100000.0,True,True,1.0,0.0,
1324,1366,James Gardner,Jemma Higgins,OMBO17193756311453,20,0.0,,2016-03-23T11:07:06,0,0.0,15000.0,AprovadoComite,De 31 a 50 % - Médio,0.5283018867924528,0.4716981132075471,0.866025403784439,10000.0,2020-03-18T19:06:25,,,,,,,,,1318953.0,0.0,12.0,0.0,2009.0,De 11 a 16 anos,15000.0,False,True,0.0,53760.0,
1326,1368,Mr. Dylan Fisher,Miss June Morris,XKUT24745710795780,4,0.272233658,0.0,2017-09-29T00:00:00,0,0.0,30000.0,AprovadoComite,De 31 a 50 % - Médio,0.5471698113207547,0.4528301886792452,0.0,25000.0,2020-03-18T18:56:04,2018-12-31T00:00:00,818221.0,414432.0,83443.0,420010.0,85181.0,535003.0,258181.0,790284.0,257941.0,12.0,532343.0,2017.0,De 0 a 5 anos,200000.0,False,True,1.0,5400.0,
1328,1370,Anthony Hughes-May,Dr. Kathryn McDonald,LGCZ46908713454397,23,0.3818682193,0.0,2017-03-27T00:00:00,0,0.0,17000.0,AprovadoComite,De 31 a 50 % - Médio,0.660377358490566,0.3396226415094339,-0.830547655032246,15000.0,2020-03-18T20:34:11,,,,,,,,,1783525.0,0.0,12.0,0.0,2005.0,De 11 a 16 anos,300000.0,False,True,0.3427280296,25590.0,
1333,1375,Mr. Jeffrey O'Brien,Jade Price,CKGZ94055846352353,23,0.1176084687,0.0,2012-06-29T00:00:00,0,0.0,20000.0,AprovadoComite,De 31 a 50 % - Médio,0.660377358490566,0.3396226415094339,0.0,20000.0,2020-03-18T19:05:27,,,,,,,,,722482.0,0.0,12.0,0.0,2011.0,De 6 a 10 anos,30000.0,False,False,1.0,8640.0,
1336,1378,Phillip Barber,Paula Bennett,LPFJ21465680706778,3,0.4121689535,0.0,2017-11-10T00:00:00,37,17996.78,50000.0,AprovadoComite,De 31 a 50 % - Médio,0.6226415094339622,0.3773584905660377,0.0,40000.0,2020-03-18T18:55:28,,,,,,,,,810910.0,0.0,12.0,0.0,2017.0,De 0 a 5 anos,30000.0,False,False,1.0,16200.0,
1337,1379,Maurice Johnson-Harris,Carolyn Jarvis,FNRL88574714520493,9,0.5512329923,0.0,2013-02-28T00:00:00,29,5210.0,20000.0,AprovadoComite,De 31 a 50 % - Médio,0.660377358490566,0.3396226415094339,-0.866025403784439,20000.0,2020-03-18T19:04:03,,,,,,,,,713537.0,0.0,12.0,0.0,2005.0,De 11 a 16 anos,20000.0,False,False,0.9830614724,66600.0,
1343,1385,Julie Townsend,Matthew Begum,DGRP03789214613247,0,0.2184258616,0.0,2019-10-28T00:00:00,0,0.0,5000.0,ReprovadoAnalista,De 31 a 50 % - Médio,0.6037735849056604,0.3962264150943396,0.0,,,,,,,,,,,34242.0,0.0,7.0,0.0,2019.0,De 0 a 5 anos,3000.0,False,False,1.0,1120.0,
1345,1387,Nicola Turnbull,Hazel Dennis,XYOK79084874197647,3,0.2994522306,0.0,2018-10-10T00:00:00,0,0.0,15000.0,ReprovadoComite,De 31 a 50 % - Médio,0.490566037735849,0.5094339622641509,0.0,,,,,,,,,,,45845.0,0.0,12.0,0.0,2017.0,De 0 a 5 anos,94000.0,False,True,1.0,1760.0,
1350,1392,Dr. Bruce Franklin,Shaun Walters-Hall,OADY40356610466016,0,0.0216777718,0.0,2017-09-14T00:00:00,8,10000.0,40000.0,AprovadoComite,De 31 a 50 % - Médio,0.6037735849056604,0.3962264150943396,0.0,20000.0,2020-03-18T20:38:49,,,,,,,,,3323123.0,0.0,12.0,0.0,2017.0,De 0 a 5 anos,100000.0,False,True,1.0,36000.0,
1352,1394,Ellie Gough,Damien Pearce,DMIT63323528042731,18,0.0,,2017-03-31T09:21:13,0,0.0,167000.0,AprovadoComite,De 31 a 50 % - Médio,0.6792452830188679,0.320754716981132,-0.424826076647311,167000.0,2020-03-18T19:57:29,2019-12-31T03:00:00,3234932.0,3354775.0,3354775.0,3288118.0,0.0,0.0,340712.0,6070436.0,5039006.0,12.0,1031430.0,2016.0,De 0 a 5 anos,100000.0,False,True,0.0,2200.0,
1353,1395,Miss Clare Bennett,Victor Brown-James,FWGE10579613374083,12,0.2910142606,0.0,2013-09-18T00:00:00,0,0.0,30000.0,AprovadoComite,De 31 a 50 % - Médio,0.6792452830188679,0.320754716981132,0.0001187327080025,20000.0,2020-03-18T20:40:35,,,,,,,,,2598108.0,0.0,12.0,0.0,2006.0,De 11 a 16 anos,100000.0,False,True,1.0,115500.0,
1355,1397,Mathew Wood,Dr. Timothy Curtis,ZNFM43477609950867,23,0.5333298869,0.0,2013-09-30T00:00:00,0,0.0,35000.0,AprovadoComite,De 31 a 50 % - Médio,0.6792452830188679,0.320754716981132,0.0,35000.0,2020-03-18T20:42:09,,,,,,,,,3307220.0,0.0,12.0,0.0,1998.0,Acima de 17 anos,300000.0,False,True,1.0,42900.0,
1359,1401,Dr. Craig Ward,Elliott Morris,DRRD47656732254599,7,0.5596954651,0.0,2012-10-04T00:00:00,0,0.0,80000.0,AprovadoComite,De 31 a 50 % - Médio,0.5849056603773584,0.4150943396226415,0.0,25000.0,2020-03-18T20:45:01,2019-12-31T03:00:00,3663292.0,2525785.0,3911571.0,-396013.0,1074565.0,848539.0,502925.0,5297611.0,2272506.0,12.0,3025105.0,1999.0,Acima de 17 anos,100000.0,False,True,1.0,233634.0,
1361,1403,Gavin Humphries,Elaine Kaur,XRZE65056849053153,17,0.4471689019,0.0,2019-03-08T00:00:00,32,15190.66,35000.0,AprovadoComite,De 31 a 50 % - Médio,0.6226415094339622,0.3773584905660377,0.0,30000.0,2020-03-18T20:47:28,,,,,,,,,1312486.0,0.0,12.0,0.0,2018.0,De 0 a 5 anos,150000.0,False,False,1.0,22000.0,
1364,1406,Marion Graham,Dr. Philip Weston,GBYQ35716048437076,30,0.6215864295,0.0,2011-12-23T00:00:00,6,1093374.04,4000000.0,AprovadoComite,De 31 a 50 % - Médio,0.660377358490566,0.3396226415094339,0.866025403784439,4000000.0,2020-03-18T15:15:31,,,,,,,,,0.0,0.0,1.0,0.0,2010.0,De 6 a 10 anos,97650000.0,False,False,1.0,230523120.0,
1365,1407,Kyle Morgan,Mr. Ben Knight,WPHM25499099603327,3,0.0,,2019-03-11T16:18:51,0,0.0,80000.0,AprovadoComite,De 31 a 50 % - Médio,0.6037735849056604,0.3962264150943396,0.0,80000.0,2020-03-18T20:24:43,2019-12-31T03:00:00,6665543.0,3464325.0,7025714.0,337469.0,3223919.0,1810718.0,4198707.0,14218458.0,0.0,12.0,0.0,2015.0,De 0 a 5 anos,500000.0,False,True,0.0,278547.0,
1372,1414,Holly Hussain,Jayne Bentley,DCAR64550722518976,6,0.3918015683,0.0,2013-01-11T00:00:00,0,0.0,50000.0,AprovadoComite,De 31 a 50 % - Médio,0.6415094339622641,0.3584905660377358,0.866025403784438,25000.0,2020-03-18T20:29:43,,,,,,,,,1430081.0,0.0,12.0,0.0,2006.0,De 11 a 16 anos,10000.0,True,False,1.0,43200.0,
1373,1415,Kim Cooper-Thompson,Dominic Hill,HEQW35072192484159,3,0.2341000375,0.0,2016-06-28T00:00:00,0,0.0,15000.0,AprovadoComite,De 31 a 50 % - Médio,0.6226415094339622,0.3773584905660377,0.0,15000.0,2020-03-18T20:55:44,,,,,,,,,572314.0,0.0,12.0,0.0,2013.0,De 6 a 10 anos,15000.0,True,False,1.0,5120.0,
1377,1419,Connor Glover,Janet Edwards-Noble,VGTT68636497490457,13,0.432636709,0.0,2017-02-20T00:00:00,0,0.0,30000.0,AprovadoComite,De 31 a 50 % - Médio,0.660377358490566,0.3396226415094339,0.401712761825597,20000.0,2020-03-18T20:59:07,2019-11-30T00:00:00,13112359.0,6540721.0,20076775.0,1530413.0,0.0,8874464.0,770119.0,16822434.0,8118692.0,12.0,8703742.0,2010.0,De 6 a 10 anos,105000.0,True,True,0.6760815887,0.0,
1379,1421,Georgia Stone-Moore,Frank Bennett,SEIZ73772431891569,3,0.4621624103,0.0,2019-06-21T00:00:00,9,2100.0,55000.0,AprovadoComite,De 31 a 50 % - Médio,0.6226415094339622,0.3773584905660377,0.0,25000.0,2020-03-18T21:00:50,2019-06-30T00:00:00,797131.0,614272.0,797131.0,548878.0,0.0,0.0,129170.0,591755.0,182859.0,6.0,14983.0,2015.0,De 0 a 5 anos,150000.0,False,True,1.0,35200.0,
1382,1424,Naomi Griffiths,Dr. Steven Dobson,QIXD98860215907578,21,0.3718273562,0.0,2016-08-22T00:00:00,66,44163.5,100000.0,AprovadoComite,De 31 a 50 % - Médio,0.5849056603773584,0.4150943396226415,-0.868009298901679,50000.0,2020-03-18T20:23:04,2019-12-31T03:00:00,7495584.0,1825999.0,7715933.0,5841069.0,95135.0,3236030.0,1288327.0,11566430.0,0.0,12.0,0.0,2014.0,De 6 a 10 anos,200000.0,False,True,0.4606563502,110920.0,
1387,1429,Mandy Morgan,Miss Sharon Wood,ZYMM04015018312932,27,0.3770236341,0.0,2017-11-23T00:00:00,67,387169.99,500000.0,AprovadoComite,De 31 a 50 % - Médio,0.5660377358490566,0.4339622641509433,0.866025403784439,430000.0,2020-03-18T20:25:36,2018-12-31T02:00:00,3771685.0,1162422.0,5640927.0,4478504.0,0.0,370010.0,3134632.0,27087480.0,3872376.0,12.0,19867576.0,2017.0,De 0 a 5 anos,390000.0,True,True,1.0,2700.0,
1389,1431,Kathryn Lynch,Mr. Lee Reynolds,IFZS36279558153912,2,0.4159864378,0.0,2018-08-21T00:00:00,27,1315.0,6500.0,AprovadoComite,De 31 a 50 % - Médio,0.6226415094339622,0.3773584905660377,0.0,5000.0,2020-03-18T21:03:49,2018-04-03T00:00:00,151839.0,55259.0,151839.0,96580.0,0.0,0.0,127439.0,133594.0,0.0,12.0,0.0,2018.0,De 0 a 5 anos,100000.0,False,True,1.0,8000.0,
1390,1432,Marc Brooks,Victor Davidson,GSUQ90643108731705,15,0.3603389469,0.0,2014-09-15T00:00:00,42,108440.0,250000.0,ReprovadoAnalista,De 31 a 50 % - Médio,0.6226415094339622,0.3773584905660377,0.0,,,2017-12-31T02:00:00,0.0,0.0,0.0,0.0,0.0,0.0,0.0,3284812.0,0.0,12.0,0.0,2013.0,De 6 a 10 anos,100000.0,True,True,1.0,42385.0,
1392,1434,Stephen Burrows,Julian Norman-Davis,CCKR53308019589129,26,0.5041096941,0.0,2018-05-24T00:00:00,0,1260.0,30000.0,AprovadoComite,De 31 a 50 % - Médio,0.5471698113207547,0.4528301886792452,0.866025403784438,30000.0,2020-03-18T21:05:52,,,,,,,,,2091725.0,0.0,12.0,0.0,2016.0,De 0 a 5 anos,250000.0,True,False,1.0,41218.0,
1394,1436,Holly Hussain,Jayne Bentley,DCAR64550722518976,6,0.3918015683,0.0,2013-01-11T00:00:00,0,0.0,50000.0,AprovadoComite,De 31 a 50 % - Médio,0.6415094339622641,0.3584905660377358,0.866025403784438,30000.0,2020-03-18T21:10:46,,,,,,,,,1430081.0,0.0,12.0,0.0,2006.0,De 11 a 16 anos,10000.0,True,False,1.0,43200.0,
1396,1438,Jean Law,Ms. Valerie Saunders,KRNT14345753523861,4,0.4699794062,0.0,2019-06-07T00:00:00,27,3283.72,20000.0,AprovadoComite,De 31 a 50 % - Médio,0.5849056603773584,0.4150943396226415,0.866025403784439,18000.0,2020-03-18T21:09:07,,,,,,,,,413272.0,0.0,12.0,0.0,2003.0,Acima de 17 anos,100000.0,False,True,1.0,60800.0,
1399,1441,Ms. Lesley Ward,Ms. Lydia Foster,QLYS44486237428283,10,0.4331086612,0.0,2015-02-25T00:00:00,50,17863.0,40000.0,AprovadoComite,De 31 a 50 % - Médio,0.5660377358490566,0.4339622641509433,-0.866025403784439,40000.0,2020-03-18T21:12:49,,,,,,,,,1184018.0,0.0,12.0,0.0,2013.0,De 6 a 10 anos,100000.0,False,True,0.7554748853,82500.0,
1402,1445,Naomi Griffiths,Dr. Steven Dobson,QIXD98860215907578,21,0.3718273562,0.0,2016-08-22T00:00:00,66,44163.5,100000.0,AprovadoComite,De 31 a 50 % - Médio,0.5849056603773584,0.4150943396226415,-0.868009298901679,50000.0,2020-03-18T21:09:50,2019-12-31T03:00:00,7495584.0,1825999.0,7715933.0,5841069.0,95135.0,3236030.0,1288327.0,10196302.0,5307266.0,12.0,6259164.0,2014.0,De 6 a 10 anos,200000.0,False,True,0.4606563502,110920.0,
1409,1452,Bryan White-Fox,Terry Carter,LLWH30252956271441,27,0.4918249141,0.0,2008-09-10T00:00:00,63,2836656.0,3000000.0,AprovadoComite,De 31 a 50 % - Médio,0.6792452830188679,0.320754716981132,0.854998630926226,2000000.0,2020-03-19T14:29:03,2019-12-31T06:00:00,45935522.0,36910874.0,48891869.0,6237983.0,14958700.0,24898481.0,16691469.0,90502107.0,1957004.0,7.0,-65022701.0,2008.0,De 11 a 16 anos,728407.0,False,False,0.9915047802,12528228.0,
1416,1459,Kim Cooper-Thompson,Dominic Hill,HEQW35072192484159,3,0.2341000375,0.0,2016-06-28T00:00:00,0,0.0,15000.0,AprovadoAnalista,De 31 a 50 % - Médio,0.6226415094339622,0.3773584905660377,0.0,10000.0,,,,,,,,,,572314.0,0.0,12.0,0.0,2013.0,De 6 a 10 anos,15000.0,True,False,1.0,5120.0,2020-03-19T14:22:49
1419,1462,Nicola Turnbull,Hazel Dennis,XYOK79084874197647,3,0.2994522306,0.0,2018-10-10T00:00:00,0,0.0,15000.0,ReprovadoAnalista,De 31 a 50 % - Médio,0.490566037735849,0.5094339622641509,0.0,,,,,,,,,,,45845.0,0.0,12.0,0.0,2017.0,De 0 a 5 anos,94000.0,False,True,1.0,1760.0,
1420,1463,Claire Duncan,Shaun Fuller,EDNU54768140145746,56,0.0,,2015-01-02T16:30:56,0,0.0,80000.0,AprovadoAnalista,De 31 a 50 % - Médio,0.6792452830188679,0.320754716981132,0.376990758865583,50000.0,,2019-12-31T03:00:00,4057467.0,821032.0,4107035.0,1062085.0,57746.0,0.0,1777532.0,2484985.0,0.0,12.0,0.0,2011.0,De 6 a 10 anos,70000.0,False,True,0.0,30400.0,2020-03-19T17:26:18
1427,1470,George Bennett,Victor Dennis,YCBG36099518182508,0,0.4358652865,0.0,2019-08-26T00:00:00,0,0.0,30000.0,AprovadoAnalista,De 31 a 50 % - Médio,0.660377358490566,0.3396226415094339,0.0,5000.0,,,,,,,,,,636500.0,0.0,12.0,0.0,2015.0,De 0 a 5 anos,350000.0,False,False,1.0,13690.0,2020-03-19T17:30:50
1428,1471,Mathew Lucas-Roberts,Allan Stokes,SKWP87929550095080,0,0.5301537148,0.0,2018-05-22T00:00:00,0,0.0,5000.0,AprovadoAnalista,De 31 a 50 % - Médio,0.6415094339622641,0.3584905660377358,0.0,5000.0,,,,,,,,,,0.0,0.0,1.0,0.0,2001.0,Acima de 17 anos,3200000.0,True,False,1.0,5051703.0,2020-03-19T17:35:21
1437,1480,Mandy Morgan,Miss Sharon Wood,ZYMM04015018312932,27,0.3770236341,0.0,2017-11-23T00:00:00,67,387169.99,450000.0,AprovadoAnalista,De 31 a 50 % - Médio,0.5660377358490566,0.4339622641509433,0.866025403784439,450000.0,,2019-12-31T03:00:00,11470722.0,1709329.0,12164988.0,10350200.0,0.0,3869337.0,5342173.0,27087480.0,0.0,12.0,0.0,2017.0,De 0 a 5 anos,390000.0,True,True,1.0,2700.0,2020-03-19T17:47:12
1438,1481,Katie Rose,Benjamin Clark-Webb,YFOQ93485351289100,22,0.3769695607,0.0,2016-05-24T00:00:00,47,5749.25,13220.0,AprovadoAnalista,De 31 a 50 % - Médio,0.6415094339622641,0.3584905660377358,0.866025403784439,13220.0,,,,,,,,,,2845860.0,0.0,12.0,0.0,1999.0,Acima de 17 anos,100000.0,False,True,1.0,38000.0,2020-03-19T17:55:38
1440,1483,Marc Brooks,Victor Davidson,GSUQ90643108731705,15,0.3603389469,0.0,2014-09-15T00:00:00,42,108440.0,500000.0,AprovadoComite,De 31 a 50 % - Médio,0.6226415094339622,0.3773584905660377,0.0,100000.0,2020-03-19T19:51:34,2017-12-31T02:00:00,0.0,0.0,0.0,0.0,0.0,0.0,0.0,3284812.0,0.0,12.0,0.0,2013.0,De 6 a 10 anos,100000.0,True,True,1.0,42385.0,
1443,1486,Ashley Knight,Judith Patel,FYHI02813517423422,5,0.4065550583,0.0,2019-10-31T00:00:00,0,20700.0,100000.0,AprovadoAnalista,De 31 a 50 % - Médio,0.5283018867924528,0.4716981132075471,0.0,30000.0,,2019-10-31T03:00:00,636742.0,183849.0,646340.0,-631679.0,0.0,0.0,82339.0,1188238.0,0.0,12.0,0.0,2015.0,De 0 a 5 anos,80000.0,False,True,1.0,0.0,2020-03-19T18:44:50
1445,1488,Lauren Kelly,Joanne Cox,KGIX85912650614721,5,0.1747240662,0.0,2017-04-25T00:00:00,0,0.0,300000.0,AprovadoComite,De 31 a 50 % - Médio,0.6785714285714285,0.3214285714285714,7.6e-15,100000.0,2020-03-19T19:52:35,2019-12-31T03:00:00,1512679.0,796119.0,1832772.0,1001550.0,15361.0,1481154.0,519834.0,4218505.0,1688307.0,12.0,2530198.0,2016.0,De 0 a 5 anos,100000.0,False,True,1.0,43000.0,
1454,1497,Brian Ferguson,Mr. Charles Thomas,FIGO66059539305030,3,0.4227695299,0.0,2019-03-12T00:00:00,12,2916.0,50000.0,AprovadoAnalista,De 31 a 50 % - Médio,0.5178571428571428,0.4821428571428571,0.0,10000.0,,,,,,,,,,250892.0,70630.0,12.0,180262.0,2016.0,De 0 a 5 anos,300000.0,False,True,1.0,16650.0,2020-03-19T20:05:46
1455,1498,Dr. Denis Parsons,Mrs. Brenda Howell,ZQEO47674401851283,5,0.0,,2019-06-07T15:54:14,0,0.0,15000.0,AprovadoAnalista,De 31 a 50 % - Médio,0.5,0.4999999999999999,0.866025403784439,5000.0,,,,,,,,,,760877.0,0.0,12.0,0.0,2018.0,De 0 a 5 anos,10000.0,False,True,0.0,2560.0,2020-03-19T19:56:14
1460,1504,Ross Gregory-Bennett,Stephen Kelly,YISC92418507027320,18,0.4387038232,0.0,2013-11-04T00:00:00,0,0.0,40000.0,AprovadoAnalista,De 31 a 50 % - Médio,0.6607142857142857,0.3392857142857142,-0.148979155007515,15000.0,,,,,,,,,,1242126.0,0.0,12.0,0.0,2012.0,De 6 a 10 anos,100000.0,False,False,0.7372053906,38000.0,2020-03-19T20:43:08
1467,1511,Bradley Weston,Ashleigh Thompson,HZQX72261321146365,0,0.2920174857,0.0,2020-01-28T00:00:00,0,0.0,40000.0,ReprovadoAnalista,De 31 a 50 % - Médio,0.6785714285714285,0.3214285714285714,0.0,,,,,,,,,,,3295350.0,0.0,12.0,0.0,2019.0,De 0 a 5 anos,100000.0,False,True,1.0,27000.0,
1472,1516,Ms. Carly Mason,Vincent Baldwin-Long,YAVQ25583716075508,0,0.2459552467,0.0,2017-02-07T00:00:00,0,0.0,10000.0,AprovadoAnalista,De 31 a 50 % - Médio,0.5178571428571428,0.4821428571428571,0.0,10000.0,,,,,,,,,,363810.0,0.0,12.0,0.0,2016.0,De 0 a 5 anos,88000.0,False,True,1.0,13440.0,2020-03-20T14:34:17
1478,1522,Elliott Stanley-Wright,Harry Ali,MVOE56996036793646,53,0.5083541096,0.0,2013-01-22T00:00:00,28,1500.0,15000.0,AprovadoAnalista,De 31 a 50 % - Médio,0.6785714285714285,0.3214285714285714,-0.994473990795755,15000.0,,,,,,,,,,410755.0,0.0,12.0,0.0,2011.0,De 6 a 10 anos,150000.0,False,False,0.8618018379,28600.0,2020-03-20T14:35:54
1479,1523,Laura Taylor-Jones,Dr. Luke Marsh,GPRI81316087934659,60,0.0,,2017-03-09T14:26:13,0,0.0,50000.0,AprovadoAnalista,De 31 a 50 % - Médio,0.5892857142857142,0.4107142857142857,0.375328340830402,30000.0,,,,,,,,,,5610131.0,0.0,12.0,0.0,2001.0,Acima de 17 anos,500000.0,False,True,0.0,158220.0,2020-03-20T15:30:38
1484,1529,Antony Clements-Dawson,Alexandra Bailey,CHTH65483856477293,0,0.6107355504,0.0,2015-11-27T00:00:00,357,1761.81,20000.0,AprovadoAnalista,De 31 a 50 % - Médio,0.6428571428571428,0.3571428571428571,0.0,10000.0,,,,,,,,,,861974.0,0.0,12.0,0.0,2012.0,De 6 a 10 anos,30000.0,False,True,1.0,11340.0,2020-03-20T14:39:24
1485,1530,Gerard Dale,Dr. Russell Lewis,AYQU44925752240502,2,0.4763216708,0.0,2019-07-10T00:00:00,0,0.0,20000.0,AprovadoAnalista,De 31 a 50 % - Médio,0.625,0.375,0.0,10000.0,,,,,,,,,,829611.0,0.0,12.0,0.0,1999.0,Acima de 17 anos,300000.0,False,True,1.0,0.0,2020-03-20T15:01:16
1486,1531,Mathew Mitchell,Graham Collins-Pugh,TPAP99152822865357,22,0.2502195751,0.0,2017-12-12T00:00:00,42,21113.39,50000.0,AprovadoAnalista,De 31 a 50 % - Médio,0.6428571428571428,0.3571428571428571,0.0,30000.0,,,,,,,,,,1170529.0,0.0,12.0,0.0,2007.0,De 11 a 16 anos,30000.0,False,True,1.0,99000.0,2020-03-20T16:07:35
1491,1537,Judith Clarke-Harris,Dr. Josephine Scott,LLKO99491789344860,17,0.6744900561,0.0,2016-02-25T00:00:00,0,0.0,35000.0,ReprovadoAnalista,De 31 a 50 % - Médio,0.5892857142857142,0.4107142857142857,0.0,,,,,,,,,,,8587972.0,0.0,12.0,0.0,2010.0,De 6 a 10 anos,93700.0,True,True,1.0,196653.0,
1497,1543,Amelia Thomas,Eleanor Wilson,OYJB24693224986182,41,0.341106362,0.0,2012-05-09T00:00:00,0,2760.0,80000.0,ReprovadoAnalista,De 31 a 50 % - Médio,0.6071428571428571,0.3928571428571428,0.718537400918295,,,2019-12-31T03:00:00,20396883.0,0.0,0.0,0.0,0.0,13900110.0,6450155.0,43509979.0,18213246.0,12.0,25296733.0,1990.0,Acima de 17 anos,600000.0,True,False,0.9700428259,178000.0,
1505,1551,Henry Freeman-Collins,Kyle Dixon,LBMG37584446113375,42,0.4802572479,0.0,2017-11-10T00:00:00,0,0.0,25000.0,AprovadoAnalista,De 31 a 50 % - Médio,0.5714285714285714,0.4285714285714285,0.831288683172233,20000.0,,,,,,,,,,5445550.0,0.0,12.0,0.0,2013.0,De 6 a 10 anos,100000.0,True,True,1.0,0.0,2020-03-20T18:49:57
1507,1553,Ellie Jackson,Paul Parkes,XPLO09477612978650,13,0.1288481467,0.0,2019-01-29T00:00:00,0,0.0,40000.0,AprovadoAnalista,De 31 a 50 % - Médio,0.6428571428571428,0.3571428571428571,0.866025403784439,10000.0,,,,,,,,,,744256.0,0.0,12.0,0.0,2007.0,De 11 a 16 anos,200000.0,False,False,1.0,3520.0,2020-03-20T19:07:47
1508,1554,Amelia Thomas,Eleanor Wilson,OYJB24693224986182,41,0.341106362,0.0,2012-05-09T00:00:00,0,2760.0,40000.0,ReprovadoAnalista,De 31 a 50 % - Médio,0.6071428571428571,0.3928571428571428,0.718537400918295,,,2019-12-31T03:00:00,20396883.0,0.0,0.0,0.0,0.0,13900110.0,6450155.0,43509979.0,18213246.0,12.0,25296733.0,1990.0,Acima de 17 anos,600000.0,True,False,0.9700428259,178000.0,
1510,1556,Kyle Morgan,Mr. Ben Knight,WPHM25499099603327,3,0.0,,2019-03-11T16:18:51,0,0.0,200000.0,AprovadoAnalista,De 31 a 50 % - Médio,0.625,0.375,0.0,80000.0,,2019-12-31T03:00:00,6665543.0,3464325.0,7025714.0,337469.0,3223919.0,1810718.0,4198707.0,14218458.0,0.0,12.0,0.0,2015.0,De 0 a 5 anos,500000.0,False,True,0.0,278547.0,2020-03-20T19:19:45
1511,1557,Ms. Katie Evans,Marion Wells-James,XCFU30147717387025,12,0.0,,2018-03-29T08:38:51,0,0.0,15000.0,AprovadoAnalista,De 31 a 50 % - Médio,0.6785714285714285,0.3214285714285714,-6e-16,5000.0,,,,,,,,,,266291.0,0.0,12.0,0.0,2007.0,De 11 a 16 anos,200000.0,False,False,0.0,3520.0,2020-03-20T19:34:05
1513,1559,Kyle Morgan,Mr. Ben Knight,WPHM25499099603327,3,0.0,,2019-03-11T16:18:51,0,0.0,200000.0,AprovadoComite,De 31 a 50 % - Médio,0.625,0.375,0.0,200000.0,2020-03-23T13:13:43,2019-12-31T03:00:00,6665543.0,3464325.0,7025714.0,337469.0,3223919.0,1810718.0,4198707.0,14218458.0,0.0,12.0,0.0,2015.0,De 0 a 5 anos,500000.0,False,True,0.0,278547.0,
1514,1560,Clive Webster,Yvonne Goddard,QYJM72064942747117,3,0.5164279514,0.0,2019-11-29T00:00:00,0,0.0,5000.0,ReprovadoAnalista,De 31 a 50 % - Médio,0.5535714285714285,0.4464285714285714,0.0,,,,,,,,,,,107527.0,0.0,5.0,0.0,2019.0,De 0 a 5 anos,20000.0,False,True,1.0,3510.0,
1518,1564,Miss Holly Dyer,Louis O'Donnell,LAHP29255752573624,65,0.326171528,0.0,2012-05-16T00:00:00,0,0.0,15000.0,ReprovadoAnalista,De 31 a 50 % - Médio,0.6607142857142857,0.3392857142857142,0.887153704499029,,,,,,,,,,,4424052.0,0.0,12.0,0.0,2011.0,De 6 a 10 anos,10000.0,False,False,0.9342657706,11000.0,
1524,1570,Julia Lewis,Alexandra Doherty,UDNM07925648786242,3,0.4207294209,0.0,2014-09-22T00:00:00,54,2826.9,10000.0,AprovadoAnalista,De 31 a 50 % - Médio,0.6428571428571428,0.3571428571428571,0.0,10000.0,,,,,,,,,,1023199.0,0.0,12.0,0.0,2012.0,De 6 a 10 anos,1000.0,False,True,1.0,9600.0,2020-03-23T20:35:16
1528,1574,Mrs. Alice Cole,Antony Bennett,HNOM60833242953889,17,0.5136572024,0.0,2017-12-04T00:00:00,0,0.0,40000.0,AprovadoAnalista,De 31 a 50 % - Médio,0.5535714285714285,0.4464285714285714,0.866025403784439,25000.0,,,,,,,,,,6296620.0,0.0,12.0,0.0,2015.0,De 0 a 5 anos,400000.0,False,True,1.0,4400.0,2020-03-24T13:59:40
1537,1583,Dale Ball,Alexander Harper,MJDP76157239480840,10,0.4690654806,0.0,2017-11-03T00:00:00,0,0.0,50000.0,AprovadoAnalista,De 31 a 50 % - Médio,0.5892857142857142,0.4107142857142857,-0.0,25000.0,,,,,,,,,,0.0,0.0,1.0,0.0,2017.0,De 0 a 5 anos,150000.0,False,False,0.6499844384,4400.0,2020-03-24T17:35:35
1540,1586,Amelia Thomas,Eleanor Wilson,OYJB24693224986182,41,0.341106362,0.0,2012-05-09T00:00:00,0,2760.0,60000.0,AprovadoAnalista,De 31 a 50 % - Médio,0.6071428571428571,0.3928571428571428,0.718537400918295,60000.0,,2019-12-31T03:00:00,20396883.0,0.0,0.0,0.0,0.0,13900110.0,6450155.0,43509979.0,18213246.0,12.0,25296733.0,1990.0,Acima de 17 anos,600000.0,True,False,0.9700428259,178000.0,2020-03-24T19:27:31
1542,1589,Ms. Lisa Osborne,Bradley Smith,VCBU03130408617332,23,0.3347945884,0.0,2015-04-30T00:00:00,37,1400.0,20000.0,AprovadoAnalista,De 31 a 50 % - Médio,0.6785714285714285,0.3214285714285714,4e-16,10000.0,,,,,,,,,,1174404.0,0.0,12.0,0.0,2009.0,De 11 a 16 anos,500000.0,False,False,1.0,45000.0,2020-03-25T14:07:47
1571,1622,Malcolm Bolton,Janet Owen,EWWP39022791129732,42,0.0,,2018-08-28T10:48:01,0,0.0,200000.0,AprovadoAnalista,De 31 a 50 % - Médio,0.5357142857142857,0.4642857142857142,0.915538910247784,200000.0,,2018-12-31T02:00:00,108513000.0,112285000.0,1725486000.0,112285000.0,0.0,0.0,0.0,0.0,0.0,1.0,0.0,1942.0,Acima de 17 anos,421286954.0,True,False,0.0,0.0,2020-03-25T19:40:26
1573,1624,Malcolm Bolton,Janet Owen,ILVD04250361101576,14,0.0,,2018-08-27T10:47:14,0,0.0,900000.0,AprovadoAnalista,De 31 a 50 % - Médio,0.5178571428571428,0.4821428571428571,0.359821914366132,900000.0,,2018-12-31T02:00:00,108513000.0,112285000.0,1725486000.0,1613201000.0,0.0,0.0,0.0,0.0,0.0,1.0,0.0,1942.0,Acima de 17 anos,421286954.0,True,False,0.0,0.0,2020-03-25T19:42:26
1574,1625,Mr. Frank Spencer,Diana Davis-Graham,VLQM91868304071192,9,0.403342933,0.0,2017-09-13T00:00:00,37,11039.68,30000.0,AprovadoAnalista,De 31 a 50 % - Médio,0.5892857142857142,0.4107142857142857,0.0,30000.0,,,,,,,,,,2815206.0,0.0,12.0,0.0,2017.0,De 0 a 5 anos,200000.0,False,True,1.0,57582.0,2020-04-01T18:29:17
1594,1646,Hollie Day,Lawrence Nicholson,FGWD68561179713100,16,0.442882396,0.0,2018-09-13T00:00:00,0,0.0,30000.0,AprovadoAnalista,De 31 a 50 % - Médio,0.5535714285714285,0.4464285714285714,0.866025403784439,15000.0,,,,,,,,,,1842517.0,0.0,12.0,0.0,2017.0,De 0 a 5 anos,100000.0,False,True,1.0,3300.0,2020-04-01T18:32:11
1595,1647,Kyle Davies,Mrs. Marie Dunn,QWSK66287184048910,0,0.3571167471,0.0,2018-10-16T00:00:00,0,0.0,10000.0,ReprovadoAnalista,De 31 a 50 % - Médio,0.6428571428571428,0.3571428571428571,0.0,,,,,,,,,,,1690331.0,0.0,12.0,0.0,2017.0,De 0 a 5 anos,95400.0,False,True,1.0,117863.0,
1599,1652,Marilyn Chan-Anderson,Raymond Parker,PCVI24213068479712,60,0.3757811558,0.0,2014-03-31T00:00:00,1,2400.02,200000.0,AprovadoAnalista,De 31 a 50 % - Médio,0.625,0.375,-0.999990121860263,150000.0,,2019-12-31T03:00:00,531166.0,63137.0,531166.0,468028.0,0.0,0.0,0.0,2264737.0,1152678.0,12.0,1112059.0,2008.0,De 11 a 16 anos,50000.0,True,True,0.6913422987,46253.0,2020-04-03T14:54:23
1603,1656,Charlene Khan,Dr. Mohamed Phillips,QMBA55941613517601,0,0.5150166153,0.0,2019-02-06T00:00:00,20,5040.0,50000.0,ReprovadoAnalista,De 31 a 50 % - Médio,0.6428571428571428,0.3571428571428571,0.0,,,2019-12-31T03:00:00,955332.0,122626.0,1451165.0,1328538.0,0.0,93030.0,955332.0,1377924.0,413476.0,12.0,964448.0,2016.0,De 0 a 5 anos,30000.0,False,True,1.0,11000.0,
1606,1659,Mr. Shaun Collier,Beverley Marshall-Archer,KMLG38110620543561,2,0.4195278983,0.0,2019-08-29T00:00:00,8,19814.4,120000.0,ReprovadoAnalista,De 31 a 50 % - Médio,0.6785714285714285,0.3214285714285714,0.0,,,2010-12-31T02:00:00,0.0,0.0,0.0,0.0,0.0,0.0,0.0,2173222.0,0.0,8.0,0.0,2019.0,De 0 a 5 anos,300000.0,False,True,1.0,9900.0,
1607,1660,Katy Mitchell,Bradley Lambert,YETX18404705074756,72,0.694806424,0.0,2007-09-14T00:00:00,99,98944.35,200000.0,AprovadoComite,De 31 a 50 % - Médio,0.6428571428571428,0.3571428571428571,-0.984021866408566,100000.0,2020-04-07T18:20:19,2018-12-31T02:00:00,115309062.0,82093124.0,160446690.0,77686365.0,10276319.0,39514548.0,66764827.0,464781076.0,149272777.0,12.0,315508299.0,2007.0,De 11 a 16 anos,500000.0,False,True,0.8722997035,47082862.0,
1615,1668,Julie Smith,Lynda Yates,DRIX03837324563307,3,0.0,,2015-03-30T15:05:27,0,0.0,20000.0,ReprovadoAnalista,De 31 a 50 % - Médio,0.6428571428571428,0.3571428571428571,0.0,,,,,,,,,,,669746.0,0.0,12.0,0.0,2015.0,De 0 a 5 anos,40000.0,False,False,0.0,63000.0,
1622,1675,Mr. Shaun Collier,Beverley Marshall-Archer,KMLG38110620543561,2,0.4195278983,0.0,2019-08-29T00:00:00,8,19814.4,120000.0,AprovadoComite,De 31 a 50 % - Médio,0.6785714285714285,0.3214285714285714,0.0,60000.0,2020-04-09T11:58:52,2010-12-31T02:00:00,0.0,0.0,0.0,0.0,0.0,0.0,0.0,2173222.0,0.0,8.0,0.0,2019.0,De 0 a 5 anos,300000.0,False,True,1.0,9900.0,
1624,1678,Victoria Ward,Aaron Hall-Phillips,RXFH04873339063687,0,0.4091521933,0.0,2017-10-09T00:00:00,0,0.0,15000.0,ReprovadoAnalista,De 31 a 50 % - Médio,0.6428571428571428,0.3571428571428571,0.0,,,,,,,,,,,394424.0,0.0,12.0,0.0,2014.0,De 6 a 10 anos,20000.0,False,True,1.0,13200.0,
1625,1679,Victoria Ward,Aaron Hall-Phillips,RXFH04873339063687,0,0.4091521933,0.0,2017-10-09T00:00:00,0,0.0,7000.0,ReprovadoAnalista,De 31 a 50 % - Médio,0.6428571428571428,0.3571428571428571,0.0,,,,,,,,,,,394424.0,0.0,12.0,0.0,2014.0,De 6 a 10 anos,20000.0,False,True,1.0,13200.0,
1629,1683,Katy Mitchell,Bradley Lambert,YETX18404705074756,72,0.694806424,0.0,2007-09-14T00:00:00,99,98944.35,170000.0,AprovadoAnalista,De 31 a 50 % - Médio,0.6428571428571428,0.3571428571428571,-0.984021866408566,170000.0,,2018-12-31T02:00:00,115309062.0,82093124.0,160446690.0,77686365.0,10276319.0,39514548.0,66764827.0,464781076.0,149272777.0,12.0,315508299.0,2007.0,De 11 a 16 anos,500000.0,False,True,0.8722997035,47082862.0,2020-04-13T14:48:08
1636,1693,Phillip Barber,Paula Bennett,LPFJ21465680706778,3,0.4121689535,0.0,2017-11-10T00:00:00,37,17996.78,51200.0,AprovadoAnalista,De 31 a 50 % - Médio,0.6428571428571428,0.3571428571428571,0.0,40000.0,,,,,,,,,,909059.0,909059.0,12.0,0.0,2017.0,De 0 a 5 anos,30000.0,False,False,1.0,16200.0,2020-04-14T17:49:20
1639,1696,Julie Smith,Lynda Yates,DRIX03837324563307,3,0.0,,2015-03-30T15:05:27,0,0.0,15000.0,AprovadoAnalista,De 31 a 50 % - Médio,0.6428571428571428,0.3571428571428571,0.0,15000.0,,,,,,,,,,669746.0,0.0,12.0,0.0,2015.0,De 0 a 5 anos,40000.0,False,False,0.0,63000.0,2020-04-14T18:20:03
1642,1699,Ms. Debra Wade,Rachel Harris-Reynolds,VOXK39980489641860,26,0.4012288618,0.0,2011-05-02T00:00:00,0,0.0,250000.0,AprovadoComite,De 31 a 50 % - Médio,0.6607142857142857,0.3392857142857142,0.796774882444864,200000.0,2020-04-15T18:12:54,2019-06-30T03:00:00,1742422.0,2456488.0,2637422.0,180933.0,1551513.0,2395273.0,0.0,1342432.0,-197905.0,6.0,1540337.0,2009.0,De 11 a 16 anos,800000.0,False,True,1.0,108800.0,
1652,1709,Kathleen Jones,Toby Coleman,TWLY57287382223459,3,0.0,,2019-10-10T11:47:29,0,0.0,1000000.0,AprovadoComite,De 31 a 50 % - Médio,0.5357142857142857,0.4642857142857142,0.0,600000.0,2020-04-17T18:32:09,,,,,,,,,0.0,0.0,1.0,0.0,2017.0,De 0 a 5 anos,100000.0,False,True,0.0,33000.0,
1653,1710,Leigh Holloway,Kathleen Wallis,TSGC04752344347638,4,0.3626027927,0.0,2014-09-02T00:00:00,0,14616.0,50000.0,AprovadoAnalista,De 31 a 50 % - Médio,0.6428571428571428,0.3571428571428571,0.0,50000.0,,,,,,,,,,0.0,0.0,1.0,0.0,2011.0,De 6 a 10 anos,1000.0,False,True,1.0,9720.0,2020-04-16T14:47:56
1655,1712,Mrs. Marie Johnson,Paige Robinson,TWVS80124185062448,6,0.0,,2019-09-12T16:01:36,0,0.0,15000.0,ReprovadoAnalista,De 31 a 50 % - Médio,0.5178571428571428,0.4821428571428571,0.0,,,,,,,,,,,1060364.0,1060364.0,12.0,0.0,2013.0,De 6 a 10 anos,100000.0,False,True,0.0,8800.0,
1671,1728,Jacob Payne,Mrs. Debra Harding,DCYQ25190726049709,6,0.5930708181,0.0,2018-10-17T00:00:00,10,315.0,40000.0,ReprovadoAnalista,De 31 a 50 % - Médio,0.5357142857142857,0.4642857142857142,0.0,,,,,,,,,,,340565.0,340565.0,6.0,0.0,2018.0,De 0 a 5 anos,250000.0,False,True,0.6417155886,6480.0,
1685,1742,Dominic Gardner-Power,Mr. Raymond Potts,KSOW42272877316783,7,0.5998675045,0.0,2018-10-23T00:00:00,0,0.0,30000.0,ReprovadoAnalista,De 31 a 50 % - Médio,0.5357142857142857,0.4642857142857142,0.0,,,,,,,,,,,1311228.0,0.0,12.0,0.0,2018.0,De 0 a 5 anos,50000.0,False,True,1.0,15200.0,
1688,1745,Shaun Barlow-Owen,Dr. Peter Bryan,NTPP27145676483888,2,0.1719910304,0.0,2019-07-29T00:00:00,60,57600.0,60000.0,AprovadoAnalista,De 31 a 50 % - Médio,0.6785714285714285,0.3214285714285714,0.0,40000.0,,2016-12-31T02:00:00,0.0,0.0,0.0,0.0,0.0,0.0,0.0,1806612.0,0.0,6.0,0.0,2017.0,De 0 a 5 anos,350000.0,False,True,1.0,33000.0,2020-04-24T15:23:58
1689,1746,Martin Fletcher,Douglas Wilson-Simpson,TDAR25967861820022,14,0.398663723,0.0,2013-01-17T00:00:00,49,32886.49,100000.0,AprovadoAnalista,De 31 a 50 % - Médio,0.625,0.375,0.0,40000.0,,2019-07-31T03:00:00,12121750.0,17379471.0,19467096.0,-473771.0,0.0,9010626.0,3145285.0,18531697.0,5484630.0,7.0,13047067.0,2007.0,De 11 a 16 anos,118000.0,False,False,1.0,731338.0,2020-04-24T15:46:04
1691,1748,Rebecca Owens,Linda Thomas,FAKY86865982616790,36,0.0,,2019-11-29T09:27:28,0,0.0,10000.0,ReprovadoAnalista,De 31 a 50 % - Médio,0.5892857142857142,0.4107142857142857,0.0,,,,,,,,,,,8172228.0,0.0,12.0,0.0,2013.0,De 6 a 10 anos,100000.0,True,True,0.0,16500.0,
1693,1750,Dr. Maria Watts,Gail Smith,GNPY76147394204081,124,0.3646372764,0.0,2006-12-11T00:00:00,40,508121.72,1000000.0,AprovadoComite,De 31 a 50 % - Médio,0.625,0.375,-0.880699336339438,300000.0,2020-04-24T16:19:22,2019-06-30T03:00:00,20475335.0,12112700.0,22755888.0,11273971.0,794351.0,11467206.0,6975056.0,12676461.0,4618346.0,3.0,8058115.0,2000.0,Acima de 17 anos,1502000.0,False,True,0.9596980479,2498156.0,
1694,1751,Neil Reid,Julie King,CIQM50735029754246,5,0.5754074074,0.0,2018-06-12T00:00:00,27,3375.0,30000.0,ReprovadoAnalista,De 31 a 50 % - Médio,0.5357142857142857,0.4642857142857142,0.0,,,,,,,,,,,860477.0,860477.0,12.0,0.0,2017.0,De 0 a 5 anos,10000.0,False,False,1.0,6660.0,
1702,1759,Kyle Dixon,Elliott Thompson,AISX72495193411291,0,0.2668652632,0.0,2019-01-29T00:00:00,0,0.0,10000.0,ReprovadoAnalista,De 31 a 50 % - Médio,0.5714285714285714,0.4285714285714285,0.0,,,2019-12-31T00:00:00,211603.0,80284.0,211603.0,128233.0,49100.0,8526.0,94653.0,464709.0,0.0,12.0,0.0,2019.0,De 0 a 5 anos,80000.0,False,True,1.0,6210.0,
1703,1760,Conor Johnson,Karl Phillips,HQDO27260157537522,0,0.4313741614,0.0,2017-09-27T00:00:00,0,0.0,12000.0,AprovadoAnalista,De 31 a 50 % - Médio,0.6428571428571428,0.3571428571428571,0.0,12000.0,,,,,,,,,,634964.0,0.0,12.0,0.0,2015.0,De 0 a 5 anos,40000.0,False,False,1.0,16280.0,2020-04-27T17:28:01
1705,1762,Dr. Douglas Vaughan,Mr. Jason Harding,ACIN83899744948830,2,0.546338481,0.0,2018-02-16T00:00:00,121,4940.62,10000.0,AprovadoAnalista,De 31 a 50 % - Médio,0.6428571428571428,0.3571428571428571,0.0,10000.0,,,,,,,,,,1785900.0,1785900.0,12.0,0.0,2017.0,De 0 a 5 anos,93700.0,False,True,1.0,4810.0,2020-04-27T17:32:12
1709,1766,Michael Ali,Yvonne Garner,WNMF23294348311972,4,0.437155852,0.0,2019-11-01T00:00:00,0,0.0,15000.0,ReprovadoAnalista,De 31 a 50 % - Médio,0.5357142857142857,0.4642857142857142,0.0,,,,,,,,,,,397613.0,397613.0,7.0,0.0,2018.0,De 0 a 5 anos,10000.0,False,True,1.0,3200.0,
1710,1767,Guy Ellis-Hughes,Barry Nicholls-Winter,FPKG36165827910951,17,0.3594557077,0.0,2018-01-31T00:00:00,0,0.0,50000.0,AprovadoAnalista,De 31 a 50 % - Médio,0.6785714285714285,0.3214285714285714,0.0,45000.0,,,,,,,,,,6887316.0,6887316.0,12.0,0.0,1991.0,Acima de 17 anos,400000.0,False,True,1.0,116100.0,2020-04-27T19:28:23
1720,1782,Mr. Darren Grant,Sheila Jones-Blake,CXIG28465604067668,18,0.0,,2019-12-27T13:35:50,0,0.0,10000.0,ReprovadoAnalista,De 31 a 50 % - Médio,0.5357142857142857,0.4642857142857142,0.0,,,,,,,,,,,720000.0,720000.0,12.0,0.0,2017.0,De 0 a 5 anos,15000.0,False,True,0.0,10800.0,
1722,1784,Dr. Ryan Robertson,Iain Knowles,CTUK27588734446219,3,0.5388092029,0.0,2018-08-30T00:00:00,0,0.0,30000.0,AprovadoAnalista,De 31 a 50 % - Médio,0.6428571428571428,0.3571428571428571,0.0,15000.0,,,,,,,,,,837771.0,0.0,12.0,0.0,2010.0,De 6 a 10 anos,350000.0,False,True,1.0,7560.0,2020-04-28T21:00:22
1723,1785,Michael Ali,Yvonne Garner,WNMF23294348311972,4,0.437155852,0.0,2019-11-01T00:00:00,0,0.0,15000.0,ReprovadoAnalista,De 31 a 50 % - Médio,0.5357142857142857,0.4642857142857142,0.0,,,,,,,,,,,397613.0,397613.0,7.0,0.0,2018.0,De 0 a 5 anos,10000.0,False,True,1.0,3200.0,
1724,1786,Mrs. Amber Ward,Dale Knight,OYVS59562613587408,6,0.5578428231,0.0,2019-04-15T00:00:00,10,73970.0,50000.0,ReprovadoAnalista,De 31 a 50 % - Médio,0.5892857142857142,0.4107142857142857,0.0,,,2020-12-31T00:00:00,0.0,0.0,0.0,0.0,0.0,0.0,0.0,5201591.0,0.0,12.0,0.0,2017.0,De 0 a 5 anos,100000.0,False,True,1.0,0.0,
1725,1787,Dr. Robin Hunt,Kathleen Thomas,ZNJR27212948626053,0,0.6511511999,0.0,2019-07-26T00:00:00,5,14993.0,20000.0,AprovadoAnalista,De 31 a 50 % - Médio,0.6607142857142857,0.3392857142857142,0.0,5000.0,,,,,,,,,,1058542.0,0.0,12.0,0.0,2000.0,Acima de 17 anos,100000.0,False,True,1.0,77400.0,2020-04-28T21:03:41
1726,1788,Miss Jayne Norman,Alison Stone,QFET26712913581856,6,0.463519157,0.0,2017-02-09T00:00:00,52,24965.4,50000.0,AprovadoAnalista,De 31 a 50 % - Médio,0.6428571428571428,0.3571428571428571,0.0,30000.0,,,,,,,,,,1462120.0,0.0,12.0,0.0,2004.0,De 11 a 16 anos,500000.0,False,True,1.0,4400.0,2020-04-29T13:31:49
1732,1795,Joan Smith,Dr. Michael Fox,COWR08503995171197,4,0.1312955801,0.0,2019-11-25T00:00:00,0,0.0,17000.0,ReprovadoAnalista,De 31 a 50 % - Médio,0.625,0.375,0.0,,,,,,,,,,,22992000.0,22992000.0,12.0,0.0,2001.0,Acima de 17 anos,500000.0,False,True,1.0,12900.0,
1736,1800,Jason Lawson-Grant,Aimee Cooper,JPUZ50072874608789,4,0.0,,2009-01-15T11:50:06,0,0.0,25000.0,AprovadoAnalista,De 31 a 50 % - Médio,0.5357142857142857,0.4642857142857142,0.0,20000.0,,,,,,,,,,1290534.0,1290534.0,12.0,0.0,1997.0,Acima de 17 anos,78800.0,False,True,0.0,6480.0,2020-04-29T18:21:34
1737,1802,Dr. Jacob Walsh,Dr. Joyce Atkins,MXRY81483989898276,6,0.4603992173,0.0,2018-05-22T00:00:00,0,0.0,20000.0,AprovadoAnalista,De 31 a 50 % - Médio,0.5892857142857142,0.4107142857142857,0.0,7500.0,,2019-12-31T00:00:00,0.0,0.0,0.0,0.0,0.0,0.0,0.0,5449348.0,1729303.0,12.0,3720045.0,2017.0,De 0 a 5 anos,100000.0,False,True,1.0,3300.0,2020-04-29T18:39:19
1743,1809,Jacob Payne,Mrs. Debra Harding,DCYQ25190726049709,6,0.5930708181,0.0,2018-10-17T00:00:00,10,315.0,30000.0,ReprovadoAnalista,De 31 a 50 % - Médio,0.5357142857142857,0.4642857142857142,0.0,,,,,,,,,,,154814.0,154814.0,3.0,0.0,2018.0,De 0 a 5 anos,250000.0,False,True,0.6417155886,6480.0,
1752,1818,Andrea Donnelly,Liam Harper,YUOY26007213593673,6,0.0,,2019-07-03T15:15:39,0,0.0,10000.0,ReprovadoAnalista,De 31 a 50 % - Médio,0.5357142857142857,0.4642857142857142,0.0,,,,,,,,,,,131250.0,0.0,7.0,0.0,2018.0,De 0 a 5 anos,50000.0,False,True,0.0,0.0,
1756,1822,Tina Knowles,Mathew Gibson,KRST28775610809302,2,0.4570229717,0.0,2019-08-26T00:00:00,0,0.0,49999.0,ReprovadoAnalista,De 31 a 50 % - Médio,0.5892857142857142,0.4107142857142857,0.0,,,2019-12-31T00:00:00,19584.0,11934.0,38734.0,50000.0,0.0,0.0,0.0,0.0,0.0,12.0,0.0,2018.0,De 0 a 5 anos,3694515.0,False,False,1.0,78000.0,
1758,1824,Victoria Thomas,Jean Hewitt,ZENM53406020017383,0,0.4040122247,0.0,2019-11-28T00:00:00,0,0.0,12000.0,ReprovadoAnalista,De 31 a 50 % - Médio,0.5714285714285714,0.4285714285714285,0.0,,,,,,,,,,,689521.0,0.0,12.0,0.0,2017.0,De 0 a 5 anos,100000.0,False,True,1.0,720.0,
1760,1826,Ms. Susan Wood,Albert Jones-Conway,IMGW39149049038795,50,0.3553082707,0.0,2016-10-31T00:00:00,0,0.0,12000.0,AprovadoAnalista,De 31 a 50 % - Médio,0.5892857142857142,0.4107142857142857,-0.866025403784439,12000.0,,,,,,,,,,505995.0,0.0,12.0,0.0,2013.0,De 6 a 10 anos,10000.0,False,True,1.0,11880.0,2020-04-30T21:19:41
1766,1832,Dr. Lisa Fry,Toby Taylor,BLKC38813122527211,5,0.2815035093,0.0,2016-09-02T00:00:00,0,0.0,15000.0,AprovadoAnalista,De 31 a 50 % - Médio,0.5357142857142857,0.4642857142857142,0.0,10000.0,,,,,,,,,,1202657.0,0.0,12.0,0.0,2016.0,De 0 a 5 anos,88000.0,False,True,0.8178895877,7040.0,2020-05-05T18:18:19
1768,1834,Marcus Hale,Amanda Thomas,YHMX38406630146130,34,0.4538031294,0.0,2018-01-22T00:00:00,0,0.0,15000.0,AprovadoAnalista,De 31 a 50 % - Médio,0.6607142857142857,0.3392857142857142,0.925529409005582,10000.0,,,,,,,,,,2741688.0,0.0,6.0,0.0,1997.0,Acima de 17 anos,146574.0,False,True,1.0,43000.0,2020-05-05T18:20:00
1769,1835,Mr. Brandon Harvey,Gerald Carter,BAKQ80361753127845,6,0.4200234266,0.0,2019-11-08T00:00:00,0,0.0,10000.0,AprovadoAnalista,De 31 a 50 % - Médio,0.6428571428571428,0.3571428571428571,0.0,8500.0,,,,,,,,,,657883.0,0.0,12.0,0.0,1996.0,Acima de 17 anos,10000.0,False,True,1.0,21600.0,2020-05-05T18:20:48
1771,1837,Eric Hill-Higgins,Chloe Chapman,AWLB59487092897674,46,0.467796779,0.0,2010-12-09T00:00:00,0,0.0,15000.0,ReprovadoAnalista,De 31 a 50 % - Médio,0.6607142857142857,0.3392857142857142,0.509558912586152,,,,,,,,,,,6450850.0,0.0,10.0,0.0,2009.0,De 11 a 16 anos,700000.0,True,False,0.5180531,462052.0,
1772,1838,Dr. Gordon Lloyd,Miss Alexandra Graham,VDKM49598190317908,9,0.4690957976,0.0,2018-12-12T00:00:00,0,0.0,35000.0,AprovadoAnalista,De 31 a 50 % - Médio,0.625,0.375,0.0,25000.0,,,,,,,,,,1410997.0,0.0,12.0,0.0,2005.0,De 11 a 16 anos,20000.0,False,True,1.0,5920.0,2020-05-05T18:31:40
1786,1852,Ross Gregory-Bennett,Stephen Kelly,YISC92418507027320,18,0.4387038232,0.0,2013-11-04T00:00:00,0,0.0,15000.0,AprovadoAnalista,De 31 a 50 % - Médio,0.6607142857142857,0.3392857142857142,-0.148979155007515,10000.0,,,,,,,,,,1242126.0,0.0,12.0,0.0,2012.0,De 6 a 10 anos,100000.0,False,False,0.7372053906,38000.0,2020-05-05T18:40:45
1793,1859,Julia Smith,Mr. Howard Chapman,PDVM42675544367770,5,0.0,,2016-11-17T11:30:32,0,0.0,80000.0,AprovadoAnalista,De 31 a 50 % - Médio,0.6785714285714285,0.3214285714285714,0.0,45000.0,,2019-12-31T03:00:00,1307023.0,934267.0,1380952.0,446685.0,163155.0,1016299.0,282127.0,3563036.0,0.0,12.0,0.0,2016.0,De 0 a 5 anos,60000.0,False,True,0.0,720.0,2020-05-06T17:04:07
1801,1867,Dr. Marcus Stevens,Vanessa Hammond,IGYN18318090671313,3,0.2606068072,0.0,2017-07-28T00:00:00,0,0.0,49500.0,AprovadoAnalista,De 31 a 50 % - Médio,0.625,0.375,0.0,15000.0,,,,,,,,,,491829.0,0.0,12.0,0.0,1993.0,Acima de 17 anos,100000.0,False,True,1.0,60200.0,2020-05-05T22:18:21
1807,1873,Nicholas Clarke-Ellis,Alan May-Pearson,XTNK35468197805589,109,0.2823176753,0.0,2018-10-17T00:00:00,0,0.0,10000.0,ReprovadoAnalista,De 31 a 50 % - Médio,0.5357142857142857,0.4642857142857142,0.866025403784439,,,2019-12-31T00:00:00,484467.0,292863.0,872410.0,0.0,0.0,353597.0,16572.0,787817.0,787817.0,12.0,0.0,2017.0,De 0 a 5 anos,500000.0,False,False,1.0,0.0,
1814,1880,Mrs. Barbara Cross,Rosemary Harris,SEOC38264916347083,3,0.0,,2019-03-06T15:13:29,0,0.0,60000.0,AprovadoAnalista,De 31 a 50 % - Médio,0.6071428571428571,0.3928571428571428,0.0,60000.0,,2018-12-31T02:00:00,752946.0,186486.0,801929.0,-88000.0,0.0,652942.0,655890.0,7500969.0,0.0,12.0,0.0,2016.0,De 0 a 5 anos,88000.0,False,True,0.0,190107.0,2020-05-06T17:54:54
1819,1885,Dr. Beverley Wilkinson,Dr. Lindsey Evans,LDMF27027173426163,3,0.3666348311,0.0,2018-10-23T00:00:00,0,0.0,15000.0,AprovadoAnalista,De 31 a 50 % - Médio,0.5357142857142857,0.4642857142857142,0.0,10000.0,,,,,,,,,,769884.0,0.0,12.0,0.0,2017.0,De 0 a 5 anos,5000.0,False,True,1.0,3200.0,2020-05-05T22:24:19
1820,1886,Marie Khan-Law,Sara Lee,AZSC87069187552433,28,0.3649911668,0.0,2019-03-13T00:00:00,24,11796.6,25000.0,AprovadoAnalista,De 31 a 50 % - Médio,0.6428571428571428,0.3571428571428571,0.0,20000.0,,,,,,,,,,1971118.0,0.0,12.0,0.0,2018.0,De 0 a 5 anos,100000.0,False,True,1.0,5720.0,2020-05-06T18:02:16
1822,1888,Dr. Melissa Cooper,Dr. Lesley Thompson,RSIJ55570876883861,3,0.0,,2009-11-13T13:46:34,0,0.0,20000.0,AprovadoAnalista,De 31 a 50 % - Médio,0.6428571428571428,0.3571428571428571,0.0,20000.0,,,,,,,,,,677524.0,0.0,12.0,0.0,2003.0,Acima de 17 anos,20000.0,False,True,0.0,5920.0,2020-05-06T19:13:58
1825,1891,Cameron Bond-Bates,Marc Bibi-Bell,IMDQ16928520639542,0,0.2953435377,0.0,2011-06-15T00:00:00,0,0.0,20000.0,AprovadoAnalista,De 31 a 50 % - Médio,0.6428571428571428,0.3571428571428571,0.0,13000.0,,,,,,,,,,222908.0,0.0,12.0,0.0,2010.0,De 6 a 10 anos,100000.0,False,True,1.0,7920.0,2020-05-06T19:19:48
1828,1894,Frank Sullivan,Natalie King,NMFH55661019134279,17,0.368013309,0.0,2016-02-02T00:00:00,13,5450.0,50000.0,AprovadoAnalista,De 31 a 50 % - Médio,0.6785714285714285,0.3214285714285714,0.0369729544760378,50000.0,,2019-12-31T00:00:00,2648895.0,40921.0,2694461.0,2541835.0,0.0,1379822.0,230000.0,5406990.0,2246205.0,12.0,3160785.0,2015.0,De 0 a 5 anos,150000.0,False,True,0.9639938015,42280.0,2020-05-06T19:14:46
1829,1895,Vanessa Lewis,Graeme Storey,GIGH19668946585573,3,0.4534146011,0.0,2016-08-25T00:00:00,53,840.0,20000.0,AprovadoAnalista,De 31 a 50 % - Médio,0.6428571428571428,0.3571428571428571,0.0,10000.0,,2019-12-31T00:00:00,243634.0,34748.0,694034.0,659286.0,0.0,118000.0,73309.0,845983.0,485462.0,12.0,360521.0,2015.0,De 0 a 5 anos,50000.0,False,True,1.0,38379.0,2020-05-06T19:21:57
1834,1900,Dr. Conor Knight,Dr. Sara James,HCAC46197825865874,9,0.453873364,0.0,2017-12-14T00:00:00,0,0.0,10000.0,ReprovadoAnalista,De 31 a 50 % - Médio,0.5535714285714285,0.4464285714285714,0.866025403784439,,,,,,,,,,,40007.0,0.0,12.0,0.0,2002.0,Acima de 17 anos,10000.0,False,False,1.0,1620.0,
1839,1905,Neil Palmer,Rebecca Bryant,ZLOZ66321362994651,6,0.477695777,0.0,2011-02-03T00:00:00,41,5057.4,45000.0,AprovadoAnalista,De 31 a 50 % - Médio,0.6428571428571428,0.3571428571428571,-0.866025403784439,30000.0,,,,,,,,,,0.0,0.0,1.0,0.0,2006.0,De 11 a 16 anos,15000.0,False,True,1.0,59400.0,2020-05-06T19:43:25
1840,1906,Hollie Day,Lawrence Nicholson,FGWD68561179713100,16,0.442882396,0.0,2018-09-13T00:00:00,0,0.0,30000.0,AprovadoAnalista,De 31 a 50 % - Médio,0.5535714285714285,0.4464285714285714,0.866025403784439,15000.0,,,,,,,,,,1842517.0,0.0,12.0,0.0,2017.0,De 0 a 5 anos,100000.0,False,True,1.0,3300.0,2020-05-06T19:43:59
1842,1908,Miss Claire Hobbs,Frank Marsden,GSJR46279064925184,3,0.6350975525,0.0,2018-05-30T00:00:00,26,3240.0,50000.0,AprovadoAnalista,De 31 a 50 % - Médio,0.6428571428571428,0.3571428571428571,0.0,20000.0,,,,,,,,,,3049376.0,0.0,12.0,0.0,2017.0,De 0 a 5 anos,200000.0,False,True,1.0,39600.0,2020-05-06T19:45:58
1854,1922,Patrick Jarvis-Green,Frank Howard,WDYJ85179429945452,53,0.5242473046,0.0,2015-05-25T00:00:00,0,54675.0,55000.0,AprovadoAnalista,De 31 a 50 % - Médio,0.6607142857142857,0.3392857142857142,-0.821846953482519,20000.0,,2019-12-31T00:00:00,12857627.0,6211636.0,12881733.0,5362047.0,0.0,4493792.0,4265801.0,19007314.0,7001632.0,12.0,12005682.0,2013.0,De 6 a 10 anos,500000.0,False,True,0.8402216205,784450.0,2020-05-07T18:54:02
1856,1924,Charlene Adams,Kimberley Robertson-O'Connor,LZBY18333425118043,98,0.3406410749,0.0,2013-06-18T00:00:00,17,21648.72,35000.0,AprovadoAnalista,De 31 a 50 % - Médio,0.6785714285714285,0.3214285714285714,0.0,35000.0,,,,,,,,,,1375811.0,0.0,12.0,0.0,2011.0,De 6 a 10 anos,20000.0,False,False,1.0,68400.0,2020-05-07T19:02:39
1860,1928,Laura Stephenson,Mr. Tony Lewis,WJFB59435382443298,20,0.3744337468,0.0,2013-01-23T00:00:00,0,0.0,10000.0,ReprovadoAnalista,De 31 a 50 % - Médio,0.6607142857142857,0.3392857142857142,0.999667071145065,,,,,,,,,,,1676515.0,0.0,3.0,0.0,2008.0,De 11 a 16 anos,10000.0,False,False,1.0,67500.0,
1861,1929,Kathleen Jones,Toby Coleman,TWLY57287382223459,3,0.0,,2019-10-10T11:47:29,0,0.0,800000.0,AprovadoAnalista,De 31 a 50 % - Médio,0.5357142857142857,0.4642857142857142,0.0,800000.0,,,,,,,,,,0.0,0.0,1.0,0.0,2019.0,De 0 a 5 anos,100000.0,False,True,0.0,68400.0,2020-05-07T20:25:40
1863,1931,Garry Bates,Elliott Jones,UNCS82286484620291,4,0.5128469378,0.0,2016-09-29T00:00:00,0,0.0,15000.0,AprovadoAnalista,De 31 a 50 % - Médio,0.6428571428571428,0.3571428571428571,0.0,15000.0,,,,,,,,,,1031937.0,0.0,12.0,0.0,2011.0,De 6 a 10 anos,200000.0,False,True,1.0,13200.0,2020-05-07T21:12:17
1870,1938,Marilyn Jones,Mrs. Aimee Crawford,CDSN60050054812957,26,0.431586348,0.0,2017-09-08T00:00:00,43,87018.87,4900000.0,AprovadoComite,De 31 a 50 % - Médio,0.5714285714285714,0.4285714285714285,0.0503414258949703,4900000.0,2020-05-08T18:20:31,,,,,,,,,0.0,0.0,1.0,0.0,2017.0,De 0 a 5 anos,97650000.0,False,False,0.97362932,107577456.0,
1875,1943,Clare Newton,Ms. Gail Hill,VPHF31719668379280,7,0.0550653092,0.0,2019-03-28T00:00:00,0,0.0,220000.0,AprovadoAnalista,De 31 a 50 % - Médio,0.6428571428571428,0.3571428571428571,0.0,160000.0,,2019-12-31T03:00:00,10938006.0,2492104.0,12193006.0,488144.0,506955.0,1489400.0,7621578.0,11785502.0,11785502.0,12.0,0.0,2018.0,De 0 a 5 anos,600000.0,False,True,1.0,720.0,2020-05-08T18:13:22
1878,1946,Jill Shah,Catherine John-Young,KHSE54280264956283,3,0.4533904213,0.0,2019-01-11T00:00:00,0,0.0,20000.0,AprovadoAnalista,De 31 a 50 % - Médio,0.6428571428571428,0.3571428571428571,0.0,20000.0,,,,,,,,,,1283097.0,0.0,12.0,0.0,2002.0,Acima de 17 anos,510000.0,False,True,1.0,2640.0,2020-05-08T18:15:47
1880,1948,Pamela Ahmed,Amber Saunders,ALCA60228288746610,0,0.3965044764,0.0,2017-04-05T00:00:00,0,0.0,35000.0,AprovadoAnalista,De 31 a 50 % - Médio,0.6428571428571428,0.3571428571428571,0.0,20000.0,,,,,,,,,,1484254.0,0.0,12.0,0.0,1992.0,Acima de 17 anos,1500.0,False,False,1.0,59400.0,2020-05-08T19:24:07
1881,1949,Mohammad Barnett,Jonathan Webb,JUDS85528877776222,32,0.578498227,0.0,2018-05-22T00:00:00,0,137676.67,30000.0,AprovadoAnalista,De 31 a 50 % - Médio,0.6428571428571428,0.3571428571428571,0.866025403784439,25000.0,,,,,,,,,,12417607.0,0.0,12.0,0.0,2017.0,De 0 a 5 anos,1500000.0,False,False,1.0,242500.0,2020-05-09T02:26:33
1884,1952,Charles Stanley,Julie Welch,KIQD44382774047348,3,0.3224337626,0.0,2019-12-04T00:00:00,26,2972.38,15000.0,AprovadoAnalista,De 31 a 50 % - Médio,0.625,0.3749999999999999,0.0,5000.0,,2020-03-31T00:00:00,773285.0,352539.0,777393.0,424853.0,0.0,43095.0,617407.0,194572.0,126472.0,3.0,68100.0,2019.0,De 0 a 5 anos,350000.0,False,True,1.0,1800.0,2020-05-11T13:38:34
1890,1958,Barbara Mitchell,Andrea Butler,CUAJ96526112324372,6,0.4632769629,0.0,2017-06-21T00:00:00,0,0.0,21000.0,AprovadoAnalista,De 31 a 50 % - Médio,0.6785714285714285,0.3214285714285714,0.9751145556012,13000.0,,2019-09-30T00:00:00,30030.0,31721.0,36006.0,1279.0,18600.0,14858.0,6303.0,0.0,0.0,1.0,0.0,2000.0,Acima de 17 anos,6000.0,False,False,1.0,2297408.0,2020-05-11T17:44:55
1893,1961,Marie Fox,Ian Baker,OKFK11813743879606,3,0.3808040168,0.0,2017-10-23T00:00:00,0,0.0,20000.0,AprovadoAnalista,De 31 a 50 % - Médio,0.5892857142857142,0.4107142857142857,0.0,14000.0,,2019-01-01T00:00:00,0.0,0.0,0.0,0.0,0.0,0.0,0.0,1182718.0,0.0,12.0,0.0,2017.0,De 0 a 5 anos,100000.0,False,True,1.0,2960.0,2020-05-12T11:43:07
1905,1973,Brett Wheeler,Mrs. Olivia Jones,VSLI27632334242373,17,0.0,,2018-09-27T17:20:18,0,0.0,600000.0,AprovadoAnalista,De 31 a 50 % - Médio,0.6607142857142857,0.3392857142857142,0.866025403784439,400000.0,,2019-12-31T03:00:00,1201858.0,912104.0,2076423.0,800377.0,100320.0,191971.0,766466.0,3369173.0,1038687.0,12.0,2330486.0,1948.0,Acima de 17 anos,330742994.0,False,False,0.0,0.0,2020-05-11T19:39:11
1906,1974,Ms. Bethan O'Neill,Denis Johnson,KSSG48475766183871,0,0.3407679016,0.0,2019-02-15T00:00:00,0,0.0,10000.0,AprovadoAnalista,De 31 a 50 % - Médio,0.6428571428571428,0.3571428571428571,0.0,5000.0,,2019-12-31T00:00:00,94655.0,78474.0,140201.0,61726.0,0.0,88860.0,45545.0,451154.0,125041.0,12.0,326113.0,2018.0,De 0 a 5 anos,20000.0,False,True,1.0,3510.0,2020-05-11T19:17:28
1907,1975,Dr. Harry Hayes,Emily Bates,CJBN23158645624659,0,0.5920454513,0.0,2019-01-31T00:00:00,0,0.0,20000.0,AprovadoAnalista,De 31 a 50 % - Médio,0.6428571428571428,0.3571428571428571,0.0,20000.0,,,,,,,,,,0.0,0.0,1.0,0.0,1996.0,Acima de 17 anos,90000.0,False,True,1.0,1157770.0,2020-05-11T19:28:28
1910,1978,Andrew Kaur,Elliott Pugh-Williams,YEVW11606599566192,7,0.0969901589,0.0,2013-11-27T00:00:00,21,31500.0,120000.0,AprovadoAnalista,De 31 a 50 % - Médio,0.625,0.375,0.181906329940001,80000.0,,,,,,,,,,8151850.0,3378866.0,11.0,4772984.0,1997.0,Acima de 17 anos,100000.0,False,True,1.0,181491.0,2020-05-11T19:43:05
1912,1980,Dr. Mandy Curtis,Stacey Holden,HNJY11151368189856,1,0.0,,2019-02-04T15:06:38,0,0.0,10000.0,ReprovadoAnalista,De 31 a 50 % - Médio,0.5357142857142857,0.4642857142857142,0.0,,,,,,,,,,,105548.0,0.0,12.0,0.0,2017.0,De 0 a 5 anos,30000.0,False,True,0.0,9600.0,
1916,1984,Peter Brooks,Cheryl Jones,MJIJ49795112123038,28,0.298193854,0.0,2018-07-30T00:00:00,0,0.0,6000.0,AprovadoAnalista,De 31 a 50 % - Médio,0.5535714285714285,0.4464285714285714,0.866025403784439,6000.0,,,,,,,,,,50424.0,0.0,1.0,0.0,2011.0,De 6 a 10 anos,93700.0,False,True,1.0,4400.0,2020-05-12T12:28:18
1918,1986,Charlene Khan,Dr. Mohamed Phillips,QMBA55941613517601,0,0.5150166153,0.0,2019-02-06T00:00:00,20,5040.0,30000.0,AprovadoAnalista,De 31 a 50 % - Médio,0.6428571428571428,0.3571428571428571,0.0,30000.0,,2019-12-31T00:00:00,955332.0,122626.0,1451165.0,1328538.0,0.0,93030.0,99760.0,1242302.0,372399.0,12.0,869903.0,2016.0,De 0 a 5 anos,30000.0,False,True,1.0,11000.0,2020-05-12T12:31:13
1919,1987,Dr. Catherine Marshall,Beth Jackson,KJLZ02519864515986,4,0.5277353397,0.0,2017-09-29T00:00:00,0,0.0,50000.0,AprovadoAnalista,De 31 a 50 % - Médio,0.6428571428571428,0.3571428571428571,5e-16,30000.0,,,,,,,,,,0.0,0.0,1.0,0.0,1999.0,Acima de 17 anos,450000.0,False,True,0.8841378987,55900.0,2020-05-12T12:32:23
1922,1990,Raymond Kay-Saunders,Ronald Moore,WCVD31138780349222,4,0.0,,2019-10-08T13:55:59,0,0.0,49900.0,AprovadoAnalista,De 31 a 50 % - Médio,0.6428571428571428,0.3571428571428571,0.0,15000.0,,,,,,,,,,502337.0,55395.0,12.0,446942.0,2017.0,De 0 a 5 anos,100000.0,False,False,0.0,3960.0,2020-05-12T12:39:50
1923,1991,Miss Carole Griffiths,Vincent Wright,HTWZ77725360027310,0,0.365980795,0.0,2019-10-15T00:00:00,0,0.0,40000.0,AprovadoAnalista,De 31 a 50 % - Médio,0.5357142857142857,0.4642857142857142,0.0,7000.0,,,,,,,,,,0.0,0.0,1.0,0.0,2016.0,De 0 a 5 anos,30000.0,False,True,1.0,5600.0,2020-05-12T13:54:49
1926,1995,Ms. Kelly Palmer,Danielle Murray-Bell,PXSR77217718056372,4,0.3098021368,0.0,2019-03-27T00:00:00,0,0.0,30000.0,AprovadoAnalista,De 31 a 50 % - Médio,0.6428571428571428,0.3571428571428571,0.866025403784439,29000.0,,,,,,,,,,9363000.0,0.0,12.0,0.0,2018.0,De 0 a 5 anos,120000.0,False,True,1.0,5400.0,2020-05-12T14:55:52
1927,1996,Dr. Katy Campbell,Charles Harvey,EPTF32156145712225,0,0.4420691703,0.0,2020-04-07T00:00:00,0,3302.2,20000.0,AprovadoAnalista,De 31 a 50 % - Médio,0.6428571428571428,0.3571428571428571,0.0,10000.0,,2019-06-30T00:00:00,629507.0,75703.0,636584.0,-31539.0,0.0,480755.0,0.0,3021000.0,0.0,6.0,0.0,2017.0,De 0 a 5 anos,88000.0,False,True,1.0,48600.0,2020-05-12T14:57:50
1933,2002,Dr. Robin Hunt,Kathleen Thomas,ZNJR27212948626053,0,0.6511511999,0.0,2019-07-26T00:00:00,5,14993.0,25000.0,AprovadoAnalista,De 31 a 50 % - Médio,0.6785714285714285,0.3214285714285714,0.0,5000.0,,2019-06-30T00:00:00,374645.0,138107.0,402740.0,13743.0,0.0,56355.0,305265.0,495444.0,492834.0,12.0,2610.0,2000.0,Acima de 17 anos,100000.0,False,True,1.0,77400.0,2020-05-12T17:55:32
1952,2022,Mr. Craig James,Carol Doyle,IIDZ48926975902371,0,0.5386393172,0.0,2018-02-06T00:00:00,0,0.0,30000.0,ReprovadoAnalista,De 31 a 50 % - Médio,0.5357142857142857,0.4642857142857142,0.0,,,,,,,,,,,0.0,0.0,1.0,0.0,2018.0,De 0 a 5 anos,20000.0,False,True,1.0,4620.0,
1954,2024,Joan Chandler-Akhtar,Suzanne Clark-Griffiths,NXTD74640765116176,2,0.33837045,0.0,2017-10-16T00:00:00,0,0.0,10000.0,AprovadoAnalista,De 31 a 50 % - Médio,0.6428571428571428,0.3571428571428571,0.0,5000.0,,,,,,,,,,0.0,0.0,1.0,0.0,2001.0,Acima de 17 anos,20000.0,False,True,1.0,42240.0,2020-05-12T21:27:20
1956,2026,Eleanor O'Connor-Hudson,Mr. Jonathan Thompson,IAVK69258349903706,18,0.0,,2017-07-31T10:15:26,0,0.0,20000.0,ReprovadoAnalista,De 31 a 50 % - Médio,0.5,0.5,0.0,,,2001-01-01T00:00:00,0.0,0.0,0.0,0.0,0.0,0.0,0.0,474121.0,0.0,12.0,0.0,2013.0,De 6 a 10 anos,50000.0,False,True,0.0,1280.0,
1957,2028,Joel White-Lewis,Hugh Foster,NEPS51536713130864,0,0.2984244453,0.0,2019-06-18T00:00:00,0,0.0,10000.0,ReprovadoAnalista,De 31 a 50 % - Médio,0.6428571428571428,0.3571428571428571,0.0,,,,,,,,,,,342905.0,0.0,12.0,0.0,2019.0,De 0 a 5 anos,30000.0,False,False,1.0,11880.0,
1961,2032,Sheila Holmes-Williams,Iain Brown-Taylor,YJKL12567970829015,62,0.0,,2011-07-28T10:45:04,0,0.0,60000.0,ReprovadoAnalista,De 31 a 50 % - Médio,0.6071428571428571,0.3928571428571428,-0.875954892594492,,,2019-12-31T03:00:00,1007659.0,386767.0,1198807.0,253649.0,62910.0,752062.0,67800.0,4217666.0,1899182.0,12.0,2318484.0,2009.0,De 11 a 16 anos,100000.0,False,True,0.0,34400.0,
1962,2033,Michael Ali,Yvonne Garner,WNMF23294348311972,4,0.437155852,0.0,2019-11-01T00:00:00,0,0.0,10000.0,AprovadoAnalista,De 31 a 50 % - Médio,0.5714285714285714,0.4285714285714285,0.0,10000.0,,2001-01-01T00:00:00,0.0,0.0,0.0,0.0,0.0,0.0,0.0,397613.0,397613.0,7.0,0.0,2018.0,De 0 a 5 anos,10000.0,False,True,1.0,3200.0,2020-05-13T17:46:45
1964,2035,Leah Weston,Dr. Janice Moss,FBST84121362181188,4,0.5579184862,0.0,2019-07-31T00:00:00,22,4580.0,100000.0,AprovadoAnalista,De 31 a 50 % - Médio,0.6785714285714285,0.3214285714285714,0.0,25000.0,,2019-12-31T03:00:00,1448143.0,477906.0,1687183.0,901658.0,121684.0,2132980.0,289977.0,790424.0,131484.0,12.0,658940.0,1998.0,Acima de 17 anos,2985000.0,False,True,1.0,302602.0,2020-05-13T19:44:53
1966,2037,Liam Pope,Reece James,SEEQ86070143271468,18,0.4777727384,0.0,2017-08-17T00:00:00,0,0.0,40000.0,AprovadoAnalista,De 31 a 50 % - Médio,0.5357142857142857,0.4642857142857142,-0.677260331636915,20000.0,,,,,,,,,,209141.0,0.0,2.0,0.0,2016.0,De 0 a 5 anos,100000.0,False,False,0.7889557064,22289.0,2020-05-13T19:46:05
1969,2041,Eleanor O'Connor-Hudson,Mr. Jonathan Thompson,IAVK69258349903706,18,0.0,,2017-07-31T10:15:26,0,0.0,20000.0,AprovadoAnalista,De 31 a 50 % - Médio,0.5714285714285714,0.4285714285714285,0.0,15000.0,,2019-12-31T00:00:00,188606.0,13040.0,188606.0,118904.0,0.0,0.0,0.0,611066.0,0.0,12.0,0.0,2013.0,De 6 a 10 anos,50000.0,False,True,0.0,1280.0,2020-05-14T12:51:02
1970,2042,Dennis Harris,Nigel Holland-Hurst,JUDK29218202737764,21,0.0,,2019-10-03T08:52:16,0,0.0,49000.0,AprovadoAnalista,De 31 a 50 % - Médio,0.5535714285714285,0.4464285714285714,0.866025403784439,15000.0,,,,,,,,,,1089429.0,0.0,12.0,0.0,2008.0,De 11 a 16 anos,1400000.0,False,True,0.0,10560.0,2020-05-13T20:09:33
1971,2043,Lee Bartlett-Fletcher,Tracey Owen,JPAL72760231225093,92,0.0,,2018-12-04T10:48:15,0,0.0,240000.0,AprovadoAnalista,De 31 a 50 % - Médio,0.5357142857142857,0.4642857142857142,0.866025403784439,150000.0,,2020-03-31T03:00:00,3244940.0,2268105.0,3244940.0,574823.0,1115326.0,2325691.0,699915.0,3539940.0,924343.0,3.0,2615597.0,2017.0,De 0 a 5 anos,100000.0,False,True,0.0,14993.0,2020-05-13T20:11:48
1976,2048,Joel White-Lewis,Hugh Foster,NEPS51536713130864,0,0.2984244453,0.0,2019-06-18T00:00:00,0,0.0,10000.0,ReprovadoAnalista,De 31 a 50 % - Médio,0.6428571428571428,0.3571428571428571,0.0,,,,,,,,,,,342905.0,0.0,12.0,0.0,2019.0,De 0 a 5 anos,30000.0,False,False,1.0,11880.0,
1978,2051,Nicole Adams,Bruce Morgan,FIXX62185133473858,0,0.6436423155,0.0,2019-07-08T00:00:00,24,12924.0,45000.0,ReprovadoAnalista,De 31 a 50 % - Médio,0.6785714285714285,0.3214285714285714,0.0,,,2019-12-31T00:00:00,105413.0,39315.0,105413.0,33311.0,0.0,103365.0,103358.0,378528.0,65731.0,12.0,312797.0,2016.0,De 0 a 5 anos,70000.0,False,True,1.0,0.0,
1981,2054,Dr. Abbie Jordan,Clare Patel,NDMR55519197496303,95,0.4198422358,0.0,2016-09-23T00:00:00,0,0.0,10000.0,ReprovadoAnalista,De 31 a 50 % - Médio,0.6607142857142857,0.3392857142857142,0.116294006182094,,,,,,,,,,,5275486.0,0.0,12.0,0.0,2007.0,De 11 a 16 anos,1000000.0,False,True,0.9093815132,5200.0,
1982,2055,Dr. Vanessa Bird,Anne Payne,GTPO06511661214973,25,0.3716760334,0.0,2012-12-21T00:00:00,63,176480.0,150000.0,AprovadoComite,De 31 a 50 % - Médio,0.6607142857142857,0.3392857142857142,-0.866025403784439,130000.0,2020-05-13T19:01:40,2019-06-30T06:00:00,1963740.0,1473628.0,1970498.0,-1387775.0,0.0,0.0,891562.0,5252089.0,2298170.0,6.0,2953919.0,2008.0,De 11 a 16 anos,100000.0,False,True,1.0,40800.0,
1987,2060,Diane Kent,Miss Janice Wells,TWGV89699737341797,3,0.4697247613,0.0,2019-11-29T00:00:00,26,16155.36,100000.0,AprovadoAnalista,De 31 a 50 % - Médio,0.5357142857142857,0.4642857142857142,0.0,80000.0,,,,,,,,,,0.0,0.0,1.0,0.0,2017.0,De 0 a 5 anos,100000.0,False,True,1.0,52000.0,2020-05-13T20:37:21
1994,2067,Mr. Kevin Clark,Mr. Brandon Davies,GSHZ23277827583812,6,0.4315224568,0.0,2017-01-19T00:00:00,42,41017.32,150000.0,AprovadoAnalista,De 31 a 50 % - Médio,0.5892857142857142,0.4107142857142857,-0.109207810966819,100000.0,,2020-03-30T03:00:00,1755916.0,1506236.0,1843983.0,-887573.0,0.0,847958.0,685781.0,1792089.0,717666.0,3.0,1074423.0,2016.0,De 0 a 5 anos,850000.0,False,False,0.8210720736,72600.0,2020-05-14T18:27:56
1996,2069,Ms. Emily Franklin,Denise Metcalfe,MQVK07333858929355,4,0.3622206994,0.0,2018-04-06T00:00:00,0,0.0,30000.0,AprovadoAnalista,De 31 a 50 % - Médio,0.6428571428571428,0.3571428571428571,0.0,10000.0,,,,,,,,,,290106.0,0.0,12.0,0.0,2018.0,De 0 a 5 anos,15000.0,False,False,1.0,3840.0,2020-05-14T15:40:15
1997,2070,Mrs. Ruth Wilson,Kerry Pritchard-Hussain,YBUA65254642886758,18,0.4116718687,0.0,2009-01-20T00:00:00,29,1624.0,15000.0,ReprovadoAnalista,De 31 a 50 % - Médio,0.6785714285714285,0.3214285714285714,-0.866025403784439,,,2019-12-31T00:00:00,3642393.0,4087024.0,5839438.0,-2075497.0,327946.0,1098205.0,1939395.0,1761067.0,1466678.0,12.0,294389.0,1995.0,Acima de 17 anos,400000.0,True,False,0.402382571,0.0,
2005,2078,Naomi Lloyd,Charlie Woodward-Martin,WMZU04337032555540,6,0.4565175174,0.0,2018-07-23T00:00:00,0,0.0,5000.0,AprovadoAnalista,De 31 a 50 % - Médio,0.6428571428571428,0.3571428571428571,0.0,5000.0,,,,,,,,,,0.0,0.0,1.0,0.0,2018.0,De 0 a 5 anos,50000.0,False,False,1.0,22000.0,2020-05-14T18:46:21
2009,2082,Scott Ball,Annette Owen-Thomas,GDNV37902171840321,80,0.0,,2016-07-27T11:24:11,0,0.0,100000.0,AprovadoAnalista,De 31 a 50 % - Médio,0.6071428571428571,0.3928571428571428,0.368994814302997,50000.0,,2019-12-31T03:00:00,35280545.0,10024204.0,38977996.0,20977015.0,3613259.0,12465292.0,13063689.0,41574896.0,16172187.0,12.0,25402709.0,2003.0,Acima de 17 anos,500000.0,False,True,0.0,0.0,2020-05-14T20:31:22
2011,2084,Martin Fletcher,Douglas Wilson-Simpson,TDAR25967861820022,14,0.398663723,0.0,2013-01-17T00:00:00,49,32886.49,50000.0,AprovadoAnalista,De 31 a 50 % - Médio,0.625,0.375,0.0,40000.0,,2019-07-31T03:00:00,12121750.0,17379471.0,19467096.0,-473771.0,0.0,9010626.0,3145285.0,18531697.0,5484630.0,7.0,13047067.0,2007.0,De 11 a 16 anos,118000.0,False,False,1.0,731338.0,2020-05-14T20:32:31
2013,2086,Timothy Payne-Jones,Mr. Robert Watson,DGTE29616717852814,0,0.0,,2016-11-21T17:14:49,0,0.0,20000.0,AprovadoAnalista,De 31 a 50 % - Médio,0.6428571428571428,0.3571428571428571,0.0,20000.0,,,,,,,,,,1330781.0,0.0,12.0,0.0,2016.0,De 0 a 5 anos,100000.0,False,False,0.0,11880.0,2020-05-14T20:34:36
2014,2087,Andrew Kaur,Elliott Pugh-Williams,YEVW11606599566192,7,0.0969901589,0.0,2013-11-27T00:00:00,21,31500.0,150000.0,AprovadoAnalista,De 31 a 50 % - Médio,0.6428571428571428,0.3571428571428571,0.181906329940001,70000.0,,,,,,,,,,8151850.0,3378866.0,11.0,4772984.0,1997.0,Acima de 17 anos,100000.0,False,True,1.0,181491.0,2020-05-14T20:35:47
2015,2088,Liam Pope,Reece James,SEEQ86070143271468,18,0.4777727384,0.0,2017-08-17T00:00:00,0,0.0,30000.0,AprovadoAnalista,De 31 a 50 % - Médio,0.5357142857142857,0.4642857142857142,-0.677260331636915,26000.0,,,,,,,,,,1046898.0,0.0,12.0,0.0,2016.0,De 0 a 5 anos,100000.0,False,False,0.7889557064,22289.0,2020-05-14T20:37:09
2018,2091,Ms. Sian Bailey,Diane Johnson-Taylor,YKXU30431829277402,13,0.4501926536,0.0,2017-11-08T00:00:00,0,0.0,5000.0,ReprovadoAnalista,De 31 a 50 % - Médio,0.5892857142857142,0.4107142857142857,-5e-16,,,,,,,,,,,0.0,0.0,1.0,0.0,1992.0,Acima de 17 anos,73000.0,True,True,1.0,5400.0,
2020,2093,Ben Barlow-Mason,Bethany Thomas-Roberts,KHUS24914493083021,18,0.4236297224,0.0,2011-08-26T00:00:00,0,0.0,15000.0,ReprovadoAnalista,De 31 a 50 % - Médio,0.5,0.4999999999999999,0.979531059123857,,,2020-01-31T00:00:00,0.0,0.0,0.0,0.0,0.0,0.0,0.0,0.0,0.0,1.0,0.0,2010.0,De 6 a 10 anos,50000.0,False,True,1.0,4320.0,
2023,2096,Mrs. Melissa Smith,Ryan Andrews-Turner,FVRT37108807539023,50,0.5448893773,0.0,2017-01-24T00:00:00,41,34125.0,49000.0,AprovadoAnalista,De 31 a 50 % - Médio,0.6428571428571428,0.3571428571428571,0.849612669466742,30000.0,,,,,,,,,,6678181.0,0.0,12.0,0.0,2017.0,De 0 a 5 anos,300000.0,False,False,0.7653142544,202492.0,2020-05-15T18:29:50
2033,2106,Dr. Lee Graham,Ann Jackson,HYUS92892218428439,4,0.5919934649,0.0,2017-07-14T00:00:00,0,0.0,100000.0,AprovadoAnalista,De 31 a 50 % - Médio,0.6785714285714285,0.3214285714285714,0.0,20000.0,,2001-12-31T02:00:00,0.0,0.0,0.0,0.0,0.0,0.0,0.0,624783.0,0.0,12.0,0.0,2007.0,De 11 a 16 anos,96000.0,False,True,1.0,20240.0,2020-05-15T19:56:31
2035,2108,Ms. Kathleen Bryant,Ryan Wallis-Reynolds,JOZA21240504315779,65,0.5992309322,0.0,2013-09-25T00:00:00,0,0.0,15000.0,AprovadoAnalista,De 31 a 50 % - Médio,0.5178571428571428,0.4821428571428571,0.945357684489409,5000.0,,2020-01-28T00:00:00,66577.0,270435.0,66577.0,-203858.0,269000.0,66430.0,66430.0,0.0,0.0,1.0,0.0,2013.0,De 6 a 10 anos,100000.0,False,False,0.9917524232,1760.0,2020-05-15T19:51:23
2041,2114,Dr. Abbie Nicholls,Valerie Dodd,TQXA71282927187464,14,0.4592698005,0.0,2019-04-22T00:00:00,0,0.0,15000.0,AprovadoAnalista,De 31 a 50 % - Médio,0.5178571428571428,0.4821428571428571,0.0,15000.0,,,,,,,,,,2675652.0,2675652.0,12.0,0.0,2015.0,De 0 a 5 anos,200000.0,False,True,1.0,7040.0,2020-05-18T17:17:36
2043,2116,Mrs. Melissa Pearce,Dr. Malcolm Elliott,BJRD93893554444259,0,0.4413395729,0.0,2019-01-23T00:00:00,0,0.0,20000.0,AprovadoAnalista,De 31 a 50 % - Médio,0.5357142857142857,0.4642857142857142,0.0,7000.0,,,,,,,,,,668345.0,0.0,12.0,0.0,2018.0,De 0 a 5 anos,95400.0,False,True,1.0,35200.0,2020-05-18T17:20:53
2060,2133,Julie Smith,Lynda Yates,DRIX03837324563307,3,0.0,,2015-03-30T15:05:27,0,0.0,15000.0,AprovadoAnalista,De 31 a 50 % - Médio,0.6428571428571428,0.3571428571428571,0.0,15000.0,,,,,,,,,,669746.0,0.0,12.0,0.0,2015.0,De 0 a 5 anos,40000.0,False,False,0.0,63000.0,2020-05-19T17:37:06
2062,2135,Conor Johnson,Karl Phillips,HQDO27260157537522,0,0.4313741614,0.0,2017-09-27T00:00:00,0,0.0,15000.0,AprovadoAnalista,De 31 a 50 % - Médio,0.6428571428571428,0.3571428571428571,0.0,12000.0,,,,,,,,,,634964.0,0.0,12.0,0.0,2015.0,De 0 a 5 anos,40000.0,False,False,1.0,16280.0,2020-05-19T17:41:17
2063,2136,Bethany Fowler-Jenkins,Ms. Leanne Harrison,GIIY27130050665364,0,0.4144889609,0.0,2019-11-08T00:00:00,0,0.0,15000.0,AprovadoAnalista,De 31 a 50 % - Médio,0.5357142857142857,0.4642857142857142,0.0,8000.0,,,,,,,,,,539651.0,0.0,6.0,0.0,2019.0,De 0 a 5 anos,100000.0,False,True,1.0,3700.0,2020-05-19T17:56:33
2065,2138,Rebecca Read,Dorothy Brown,SOWE19019998848591,90,0.4446534503,0.0,2006-06-29T00:00:00,0,10876.3,30000.0,AprovadoAnalista,De 31 a 50 % - Médio,0.5892857142857142,0.4107142857142857,0.0,30000.0,,,,,,,,,,1364428.0,0.0,12.0,0.0,1990.0,Acima de 17 anos,100000.0,False,True,1.0,94500.0,2020-05-19T17:57:40
2067,2140,Gordon Sinclair,Alan Foster,BEXC09215395787859,6,0.0,,2018-07-30T16:47:41,0,0.0,25000.0,AprovadoAnalista,De 31 a 50 % - Médio,0.6071428571428571,0.3928571428571428,0.866025403784439,15000.0,,,,,,,,,,712945.0,0.0,12.0,0.0,2016.0,De 0 a 5 anos,10000.0,False,False,0.0,5760.0,2020-05-19T17:59:43
2079,2152,Neil Reid,Julie King,CIQM50735029754246,5,0.5754074074,0.0,2018-06-12T00:00:00,27,3375.0,40000.0,AprovadoAnalista,De 31 a 50 % - Médio,0.5357142857142857,0.4642857142857142,0.0,10000.0,,,,,,,,,,860477.0,860477.0,12.0,0.0,2017.0,De 0 a 5 anos,10000.0,False,False,1.0,6660.0,2020-05-19T19:20:28
2083,2156,Frank Sullivan,Natalie King,NMFH55661019134279,17,0.368013309,0.0,2016-02-02T00:00:00,13,5450.0,50000.0,AprovadoAnalista,De 31 a 50 % - Médio,0.6785714285714285,0.3214285714285714,0.0369729544760378,50000.0,,2019-12-31T00:00:00,2648895.0,40921.0,2694461.0,2541835.0,0.0,1379822.0,230000.0,5363903.0,2203118.0,12.0,3160785.0,2015.0,De 0 a 5 anos,150000.0,False,True,0.9639938015,42280.0,2020-05-19T20:56:31
2084,2157,Alan Martin,Andrew Thompson,XQLQ24438932225038,3,0.0,,2017-10-30T14:02:21,0,0.0,49900.0,AprovadoAnalista,De 31 a 50 % - Médio,0.6428571428571428,0.3571428571428571,0.0,35000.0,,,,,,,,,,3382383.0,0.0,12.0,0.0,2015.0,De 0 a 5 anos,93700.0,False,True,0.0,4400.0,2020-05-19T21:08:17
2085,2158,Phillip Barber,Paula Bennett,LPFJ21465680706778,3,0.4121689535,0.0,2017-11-10T00:00:00,37,17996.78,49999.0,AprovadoAnalista,De 31 a 50 % - Médio,0.6428571428571428,0.3571428571428571,0.0,40000.0,,,,,,,,,,989289.0,0.0,12.0,0.0,2017.0,De 0 a 5 anos,30000.0,False,False,1.0,16200.0,2020-05-19T21:21:49
2089,2162,Rita Anderson,Dr. Damien Williams,RMSK67129477162284,0,0.4158767463,0.0,2019-04-02T00:00:00,0,0.0,30000.0,AprovadoAnalista,De 31 a 50 % - Médio,0.6428571428571428,0.3571428571428571,0.0,20000.0,,,,,,,,,,3362702.0,0.0,12.0,0.0,2015.0,De 0 a 5 anos,100000.0,False,True,1.0,11880.0,2020-05-20T14:02:46
2090,2163,Mr. Lee Martin,Ms. Janice Cooper,TDHT68695259226000,0,0.4001002004,0.0,2019-04-02T00:00:00,0,0.0,30000.0,AprovadoAnalista,De 31 a 50 % - Médio,0.6428571428571428,0.3571428571428571,0.0,30000.0,,,,,,,,,,3326402.0,0.0,12.0,0.0,2018.0,De 0 a 5 anos,200000.0,False,True,1.0,8800.0,2020-05-20T14:20:09
2091,2164,Guy Gough,Miss Sandra Evans,HLJO96406229665505,0,0.4529320988,0.0,2019-09-04T00:00:00,0,0.0,30000.0,AprovadoAnalista,De 31 a 50 % - Médio,0.6785714285714285,0.3214285714285714,0.0,20000.0,,,,,,,,,,3603654.0,0.0,12.0,0.0,2018.0,De 0 a 5 anos,200000.0,False,True,1.0,8800.0,2020-05-20T14:21:05
2096,2169,Martin Fletcher,Douglas Wilson-Simpson,TDAR25967861820022,14,0.398663723,0.0,2013-01-17T00:00:00,49,32886.49,50000.0,AprovadoAnalista,De 31 a 50 % - Médio,0.625,0.375,0.0,50000.0,,2019-07-31T03:00:00,12121750.0,17379471.0,19467096.0,-473771.0,0.0,9010626.0,3145285.0,18531697.0,5484630.0,7.0,13047067.0,2007.0,De 11 a 16 anos,118000.0,False,False,1.0,444035.0,2020-05-20T15:38:48
2099,2172,Mrs. Ruth Wilson,Kerry Pritchard-Hussain,YBUA65254642886758,18,0.4116718687,0.0,2009-01-20T00:00:00,29,1624.0,5000.0,AprovadoAnalista,De 31 a 50 % - Médio,0.6785714285714285,0.3214285714285714,-0.866025403784439,6500.0,,2019-12-31T00:00:00,3642393.0,4087024.0,5839438.0,-2075497.0,327946.0,1098205.0,1939395.0,1761067.0,1466678.0,12.0,294389.0,1995.0,Acima de 17 anos,400000.0,True,False,0.402382571,0.0,2020-05-20T16:16:24
2103,2176,Justin Moore,Elliot Welch,HBBY23279208444554,6,0.0,,2019-11-26T16:03:46,0,0.0,20000.0,AprovadoAnalista,De 31 a 50 % - Médio,0.5357142857142857,0.4642857142857142,0.0,10000.0,,,,,,,,,,104645.0,0.0,4.0,0.0,2019.0,De 0 a 5 anos,20000.0,False,True,0.0,2560.0,2020-05-20T16:19:30
2104,2177,Dr. Max Smith,Mr. Leon Shaw,EZGB51670537747591,0,0.4787325175,0.0,2019-06-18T00:00:00,0,0.0,30000.0,AprovadoAnalista,De 31 a 50 % - Médio,0.6785714285714285,0.3214285714285714,0.0,5000.0,,,,,,,,,,47533.0,0.0,8.0,0.0,2019.0,De 0 a 5 anos,200000.0,False,False,1.0,2220.0,2020-05-20T16:22:00
2106,2179,Dr. Norman Frost,June Green,KQRQ53888615118384,5,0.4735637596,0.0,2018-10-18T00:00:00,55,14955.0,50000.0,AprovadoAnalista,De 31 a 50 % - Médio,0.6428571428571428,0.3571428571428571,0.0,35000.0,,,,,,,,,,835533.0,0.0,3.0,0.0,2017.0,De 0 a 5 anos,100000.0,False,True,1.0,1760.0,2020-05-20T17:15:48
2110,2183,Rita Anderson,Dr. Damien Williams,RMSK67129477162284,0,0.4158767463,0.0,2019-04-02T00:00:00,0,0.0,30000.0,AprovadoAnalista,De 31 a 50 % - Médio,0.6428571428571428,0.3571428571428571,0.0,30000.0,,,,,,,,,,3362702.0,0.0,12.0,0.0,2015.0,De 0 a 5 anos,100000.0,False,True,1.0,11880.0,2020-05-20T17:34:12
2111,2184,Guy Gough,Miss Sandra Evans,HLJO96406229665505,0,0.4529320988,0.0,2019-09-04T00:00:00,0,0.0,30000.0,AprovadoAnalista,De 31 a 50 % - Médio,0.6428571428571428,0.3571428571428571,0.0,30000.0,,,,,,,,,,3603654.0,0.0,12.0,0.0,2018.0,De 0 a 5 anos,200000.0,False,True,1.0,8800.0,2020-05-20T17:34:56
2116,2189,Kimberley Bond,Mr. Wayne Moore,FUSY91282616624333,0,0.4323632674,0.0,2020-04-24T00:00:00,0,0.0,6600.0,AprovadoAnalista,De 31 a 50 % - Médio,0.6428571428571428,0.3571428571428571,0.0,6600.0,,,,,,,,,,0.0,0.0,1.0,0.0,2016.0,De 0 a 5 anos,81541540.0,False,False,1.0,284800.0,2020-05-20T18:28:08
2117,2190,Sheila Holmes-Williams,Iain Brown-Taylor,YJKL12567970829015,62,0.0,,2011-07-28T10:45:04,0,0.0,60000.0,AprovadoAnalista,De 31 a 50 % - Médio,0.6071428571428571,0.3928571428571428,-0.875954892594492,56000.0,,2019-12-31T03:00:00,1007659.0,386767.0,1198807.0,253649.0,62910.0,752062.0,67800.0,4217666.0,1899182.0,12.0,2318484.0,2009.0,De 11 a 16 anos,100000.0,False,True,0.0,34400.0,2020-05-20T18:29:03
2122,2195,Jean Law,Ms. Valerie Saunders,KRNT14345753523861,4,0.4699794062,0.0,2019-06-07T00:00:00,27,3283.72,20000.0,AprovadoAnalista,De 31 a 50 % - Médio,0.6071428571428571,0.3928571428571428,0.866025403784439,7000.0,,,,,,,,,,413272.0,0.0,12.0,0.0,2003.0,Acima de 17 anos,100000.0,False,True,1.0,60800.0,2020-05-20T20:16:01
2124,2197,Kathleen Jones,Toby Coleman,TWLY57287382223459,3,0.0,,2019-10-10T11:47:29,0,0.0,1000000.0,AprovadoAnalista,De 31 a 50 % - Médio,0.5357142857142857,0.4642857142857142,0.0,1000000.0,,,,,,,,,,0.0,0.0,1.0,0.0,2019.0,De 0 a 5 anos,100000.0,False,True,0.0,68400.0,2020-05-20T20:20:00
2128,2201,Dr. Lee Graham,Ann Jackson,HYUS92892218428439,4,0.5919934649,0.0,2017-07-14T00:00:00,0,0.0,150000.0,AprovadoComite,De 31 a 50 % - Médio,0.6785714285714285,0.3214285714285714,0.0,80000.0,2020-05-21T13:16:43,2001-12-31T02:00:00,0.0,0.0,0.0,0.0,0.0,0.0,0.0,624783.0,0.0,12.0,0.0,2007.0,De 11 a 16 anos,96000.0,False,True,1.0,17820.0,
2129,2202,Carol Farrell,Martin Wilson,FWUU39842946740208,19,0.4016885714,0.0,2012-08-27T00:00:00,10,3240.0,150000.0,AprovadoAnalista,De 31 a 50 % - Médio,0.6428571428571428,0.3571428571428571,0.920300801704821,50000.0,,2019-12-31T03:00:00,2257239.0,1934642.0,4199397.0,1380599.0,1654036.0,106121.0,1754992.0,5095541.0,0.0,12.0,0.0,2005.0,De 11 a 16 anos,500000.0,False,True,0.9982632314,720.0,2020-05-21T15:55:38
2131,2204,Dominic Gardner-Power,Mr. Raymond Potts,KSOW42272877316783,7,0.5998675045,0.0,2018-10-23T00:00:00,0,0.0,25000.0,AprovadoAnalista,De 31 a 50 % - Médio,0.5357142857142857,0.4642857142857142,0.0,15000.0,,,,,,,,,,1311228.0,0.0,12.0,0.0,2018.0,De 0 a 5 anos,50000.0,False,True,1.0,15200.0,2020-05-21T15:57:17
2138,2211,Mr. Christian Evans,Lindsey Goodwin,RHVV79953839420282,4,0.6568458514,0.0,2020-01-23T00:00:00,101,10313.39,20000.0,AprovadoAnalista,De 31 a 50 % - Médio,0.5714285714285714,0.4285714285714285,0.0,5000.0,,,,,,,,,,514712.0,0.0,12.0,0.0,2019.0,De 0 a 5 anos,120000.0,False,False,1.0,2640.0,2020-05-21T16:02:06
2140,2213,Pamela Walker,Ruth Green,YCPJ68742066173401,0,0.4433074457,0.0,2019-01-09T00:00:00,0,0.0,5000.0,AprovadoAnalista,De 31 a 50 % - Médio,0.5357142857142857,0.4642857142857142,0.0,5000.0,,,,,,,,,,0.0,0.0,1.0,0.0,2016.0,De 0 a 5 anos,50000.0,False,True,1.0,14520.0,2020-05-21T16:03:50
2142,2215,Peter Barlow,Mrs. Sally Walker,FOZQ39728582407424,103,0.4744776638,0.0,2016-08-02T00:00:00,0,0.0,20000.0,AprovadoAnalista,De 31 a 50 % - Médio,0.5535714285714285,0.4464285714285714,0.96927554762106,5000.0,,,,,,,,,,3808903.0,0.0,12.0,0.0,2001.0,Acima de 17 anos,99800.0,False,True,0.8943651265,3800.0,2020-05-21T17:39:57
2150,2223,Mrs. Rita Patel,Adrian Frost,KITM20826703149419,6,0.2642910547,0.0,2020-04-15T00:00:00,0,0.0,10000.0,AprovadoAnalista,De 31 a 50 % - Médio,0.6785714285714285,0.3214285714285714,0.0,10000.0,,,,,,,,,,1385592.0,0.0,12.0,0.0,2003.0,Acima de 17 anos,30000.0,True,False,1.0,1320.0,2020-05-21T19:15:58
2152,2225,Leigh Holloway,Kathleen Wallis,TSGC04752344347638,4,0.3626027927,0.0,2014-09-02T00:00:00,0,14616.0,50000.0,AprovadoAnalista,De 31 a 50 % - Médio,0.6428571428571428,0.3571428571428571,0.0,35000.0,,,,,,,,,,0.0,0.0,1.0,0.0,2011.0,De 6 a 10 anos,1000.0,False,True,1.0,9720.0,2020-05-21T19:27:42
2154,2227,Dr. Tracy Chandler,Dr. Sarah Turner,FFYN25302864354791,22,0.3526450637,0.0,2015-08-18T00:00:00,15,18185.3,150000.0,AprovadoAnalista,De 31 a 50 % - Médio,0.6071428571428571,0.3928571428571428,0.997894331866043,100000.0,,2019-01-01T02:00:00,0.0,0.0,0.0,0.0,0.0,0.0,0.0,5625053.0,0.0,4.0,0.0,2014.0,De 6 a 10 anos,180000.0,False,True,0.9761517295,53400.0,2020-05-21T19:34:12
2155,2228,Mr. Ryan Saunders,Ms. Tina Hopkins,HWUV53150843729545,19,0.1978801463,0.0,2017-04-26T00:00:00,0,0.0,40000.0,AprovadoAnalista,De 31 a 50 % - Médio,0.5357142857142857,0.4642857142857142,0.640910983500906,20000.0,,,,,,,,,,3708081.0,0.0,12.0,0.0,2013.0,De 6 a 10 anos,105000.0,False,True,1.0,19800.0,2020-05-21T19:28:59
2165,2238,Mrs. Alice Cole,Antony Bennett,HNOM60833242953889,17,0.5136572024,0.0,2017-12-04T00:00:00,0,0.0,30000.0,AprovadoAnalista,De 31 a 50 % - Médio,0.6607142857142857,0.3392857142857142,0.866025403784439,30000.0,,,,,,,,,,6296620.0,0.0,12.0,0.0,2015.0,De 0 a 5 anos,400000.0,False,False,1.0,3240.0,2020-05-22T16:00:14
2166,2239,Malcolm Bolton,Janet Owen,EWWP39022791129732,42,0.0,,2018-08-28T10:48:01,0,0.0,200000.0,AprovadoAnalista,De 31 a 50 % - Médio,0.6607142857142857,0.3392857142857142,0.915538910247784,200000.0,,2019-12-31T03:00:00,2061784.0,1634862.0,3634506.0,990059.0,322656.0,400799.0,1293428.0,6426115.0,2032579.0,12.0,4393536.0,2014.0,De 6 a 10 anos,511903186.0,False,False,0.0,286758144.0,2020-05-22T18:25:57
2168,2241,Stephanie Sutton,Chelsea Scott,ZWMW11160431817188,28,0.6804625377,0.0,2013-04-08T00:00:00,0,0.0,25000.0,AprovadoAnalista,De 31 a 50 % - Médio,0.6785714285714285,0.3214285714285714,0.0,15000.0,,,,,,,,,,1932228.0,0.0,12.0,0.0,2007.0,De 11 a 16 anos,60000.0,False,True,1.0,0.0,2020-05-22T16:02:07
2169,2242,Nicola Turnbull,Hazel Dennis,XYOK79084874197647,3,0.2994522306,0.0,2018-10-10T00:00:00,0,0.0,10000.0,AprovadoAnalista,De 31 a 50 % - Médio,0.5178571428571428,0.4821428571428571,0.0,5000.0,,,,,,,,,,64442.0,0.0,12.0,0.0,2017.0,De 0 a 5 anos,94000.0,False,True,1.0,1760.0,2020-05-22T16:03:06
2170,2243,Julian Wells,Mrs. Judith Brown,HBVI29319994791229,3,0.4953709943,0.0,2017-01-31T00:00:00,0,0.0,20000.0,AprovadoAnalista,De 31 a 50 % - Médio,0.6428571428571428,0.3571428571428571,0.0,20000.0,,,,,,,,,,611600.0,0.0,12.0,0.0,1999.0,Acima de 17 anos,71224.0,False,True,1.0,11100.0,2020-05-22T16:03:45
2178,2251,Fiona Jones-Foster,Kirsty Day,NFDP79003357467330,2,0.3209181782,0.0,2019-05-30T00:00:00,0,0.0,20000.0,AprovadoAnalista,De 31 a 50 % - Médio,0.6785714285714285,0.3214285714285714,0.0,5000.0,,,,,,,,,,422804.0,0.0,12.0,0.0,2019.0,De 0 a 5 anos,150000.0,False,False,1.0,88000.0,2020-05-22T16:20:38
2180,2253,Margaret Watts-Marsh,Callum Smith,QDZV25985706893081,102,0.3880913642,0.0,2013-01-30T00:00:00,0,0.0,20000.0,AprovadoAnalista,De 31 a 50 % - Médio,0.5535714285714285,0.4464285714285714,0.306621246718822,10000.0,,,,,,,,,,1535881.0,0.0,12.0,0.0,2012.0,De 6 a 10 anos,10000.0,False,True,0.6372040242,16200.0,2020-05-22T18:28:08
2186,2259,Dr. Abbie Jordan,Clare Patel,NDMR55519197496303,95,0.4198422358,0.0,2016-09-23T00:00:00,0,0.0,5000.0,AprovadoAnalista,De 31 a 50 % - Médio,0.6607142857142857,0.3392857142857142,0.116294006182094,5000.0,,,,,,,,,,5275486.0,0.0,12.0,0.0,2007.0,De 11 a 16 anos,1000000.0,False,True,0.9093815132,5200.0,2020-05-22T18:42:46
2191,2264,Shaun Giles,Phillip Rees,LLHK77055509342084,44,0.298744452,0.0,2015-08-07T00:00:00,13,6073.6,35000.0,AprovadoAnalista,De 31 a 50 % - Médio,0.5892857142857142,0.4107142857142857,-0.962219620715599,28000.0,,,,,,,,,,4387527.0,0.0,12.0,0.0,2015.0,De 0 a 5 anos,50000.0,False,False,0.644604823,720.0,2020-05-22T20:55:19
2198,2271,Rhys Fisher,Dr. Wayne Barry,ZCSP57753150255292,4,0.2665228752,0.0,2020-02-28T00:00:00,0,0.0,20000.0,AprovadoAnalista,De 31 a 50 % - Médio,0.5535714285714285,0.4464285714285714,0.0,4000.0,,,,,,,,,,538130.0,0.0,12.0,0.0,2019.0,De 0 a 5 anos,100000.0,False,False,1.0,13200.0,2020-05-25T15:08:37
2202,2275,Sean Holt,Mrs. Abigail Harris,VALD35934976287968,0,0.4259710692,0.0,2020-12-03T00:00:00,0,0.0,20000.0,AprovadoAnalista,De 31 a 50 % - Médio,0.6428571428571428,0.3571428571428571,0.0,20000.0,,2019-12-31T00:00:00,39037790.0,10571404.0,45995467.0,35424062.0,733543.0,4295437.0,1238376.0,0.0,0.0,1.0,0.0,2020.0,De 0 a 5 anos,2500000.0,False,False,1.0,717815.0,2020-05-25T15:46:31
2203,2276,Sean Holt,Mrs. Abigail Harris,LKWQ13529797557954,0,0.0,,,0,0.0,20000.0,AprovadoAnalista,De 31 a 50 % - Médio,0.6428571428571428,0.3571428571428571,0.0,20000.0,,2019-12-31T00:00:00,39037790.0,10571404.0,45995467.0,35424062.0,733543.0,4295437.0,1238376.0,0.0,0.0,1.0,0.0,2020.0,De 0 a 5 anos,2500000.0,False,False,0.0,717815.0,2020-05-25T15:46:55
2204,2277,Sean Holt,Mrs. Abigail Harris,HCPJ95834241584965,0,0.0,,,0,0.0,20000.0,AprovadoAnalista,De 31 a 50 % - Médio,0.6428571428571428,0.3571428571428571,0.0,20000.0,,2019-12-31T00:00:00,39037790.0,10571414.0,45995467.0,35424062.0,733543.0,4295437.0,1238376.0,0.0,0.0,1.0,0.0,2020.0,De 0 a 5 anos,2500000.0,False,False,0.0,717815.0,2020-05-25T15:47:15
2205,2278,Sean Holt,Mrs. Abigail Harris,NKYD12034820295226,0,0.0,,,0,0.0,20000.0,AprovadoAnalista,De 31 a 50 % - Médio,0.6428571428571428,0.3571428571428571,0.0,20000.0,,2019-12-31T00:00:00,39037790.0,10571404.0,45995467.0,35424062.0,733543.0,4295437.0,1238376.0,0.0,0.0,1.0,0.0,2020.0,De 0 a 5 anos,2500000.0,False,False,0.0,717815.0,2020-05-25T15:47:35
2213,2286,Kayleigh Martin,Abdul Hamilton,XFTZ18227245520044,14,0.2265760346,0.0,2019-11-28T00:00:00,0,0.0,49000.0,AprovadoAnalista,De 31 a 50 % - Médio,0.6607142857142857,0.3392857142857142,0.0,4000.0,,,,,,,,,,61858.0,0.0,7.0,0.0,2018.0,De 0 a 5 anos,100000.0,False,False,1.0,2880.0,2020-05-25T20:25:15
2230,2303,Dale Allen-Townsend,Gregory Taylor,EJHZ12668634515482,39,0.2604190589,0.0,2012-01-31T00:00:00,0,0.0,90000.0,AprovadoAnalista,De 31 a 50 % - Médio,0.6428571428571428,0.3571428571428571,-0.866497888013251,90000.0,,2019-12-31T03:00:00,16927928.0,15279399.0,17136162.0,298840.0,33860.0,8721265.0,323989.0,9768826.0,1599159.0,12.0,8169667.0,2002.0,Acima de 17 anos,400000.0,False,True,0.8687724199,0.0,2020-05-26T13:51:58
2231,2304,Kayleigh Martin,Abdul Hamilton,XFTZ18227245520044,14,0.2265760346,0.0,2019-11-28T00:00:00,0,0.0,5400.0,AprovadoAnalista,De 31 a 50 % - Médio,0.625,0.375,0.0,4000.0,,,,,,,,,,61858.0,0.0,7.0,0.0,2018.0,De 0 a 5 anos,100000.0,False,False,1.0,2880.0,2020-05-26T13:50:39
2232,2305,Marie Khan-Law,Sara Lee,AZSC87069187552433,28,0.3649911668,0.0,2019-03-13T00:00:00,24,11796.6,20000.0,AprovadoAnalista,De 31 a 50 % - Médio,0.6428571428571428,0.3571428571428571,0.0,20000.0,,,,,,,,,,1971118.0,0.0,12.0,0.0,2018.0,De 0 a 5 anos,100000.0,False,True,1.0,720.0,2020-05-26T13:54:37
2234,2307,Anne Reynolds-Allan,Leonard King,JIZH39563758226581,3,0.3176916667,0.0,2018-05-17T00:00:00,0,0.0,49999.0,AprovadoAnalista,De 31 a 50 % - Médio,0.5357142857142857,0.4642857142857142,0.0,15000.0,,,,,,,,,,1276236.0,0.0,12.0,0.0,2018.0,De 0 a 5 anos,150000.0,False,True,1.0,5280.0,2020-05-26T13:57:21
2237,2310,Laura Stephenson,Mr. Tony Lewis,WJFB59435382443298,20,0.3744337468,0.0,2013-01-23T00:00:00,0,0.0,15000.0,AprovadoAnalista,De 31 a 50 % - Médio,0.6607142857142857,0.3392857142857142,0.999667071145065,7000.0,,,,,,,,,,1676515.0,0.0,3.0,0.0,2008.0,De 11 a 16 anos,10000.0,False,False,1.0,67500.0,2020-05-26T16:52:50
2240,2313,Janice Morrison,Josephine Ford,YAIW87410659633890,0,0.0,,2020-05-21T09:39:32,0,0.0,20000.0,AprovadoAnalista,De 31 a 50 % - Médio,0.5714285714285714,0.4285714285714285,0.0,5000.0,,,,,,,,,,491411.0,0.0,12.0,0.0,2017.0,De 0 a 5 anos,10000.0,False,True,0.0,810.0,2020-05-26T16:55:51
2241,2314,Julia Lewis,Alexandra Doherty,UDNM07925648786242,3,0.4207294209,0.0,2014-09-22T00:00:00,54,2826.9,20000.0,AprovadoAnalista,De 31 a 50 % - Médio,0.6428571428571428,0.3571428571428571,0.0,15000.0,,,,,,,,,,1023199.0,0.0,12.0,0.0,2012.0,De 6 a 10 anos,1000.0,False,True,1.0,9600.0,2020-05-26T16:56:41
2242,2315,Glen Smith-Collins,Simon Howard-Talbot,UPBE35458640921366,0,0.0,,2020-05-21T15:41:26,0,0.0,50000.0,AprovadoAnalista,De 31 a 50 % - Médio,0.6607142857142857,0.3392857142857142,0.0,10000.0,,2019-12-31T00:00:00,144889.0,23090.0,189176.0,165032.0,0.0,11730.0,110314.0,364075.0,164503.0,12.0,199572.0,2018.0,De 0 a 5 anos,110000.0,False,True,0.0,3840.0,2020-05-26T16:57:31
2244,2317,Mrs. Mary Long,Diana Berry,QYNW94208030341457,22,0.5223494949,0.0,2018-07-11T00:00:00,0,0.0,30000.0,AprovadoAnalista,De 31 a 50 % - Médio,0.5357142857142857,0.4642857142857142,0.866025403784439,20000.0,,2019-12-31T00:00:00,312197.0,172966.0,348617.0,175650.0,0.0,182504.0,123440.0,1487891.0,608979.0,12.0,878912.0,2017.0,De 0 a 5 anos,300000.0,False,True,1.0,52800.0,2020-05-26T20:41:57
2249,2322,Mrs. Melissa Smith,Ryan Andrews-Turner,FVRT37108807539023,50,0.5448893773,0.0,2017-01-24T00:00:00,41,34125.0,44900.0,AprovadoAnalista,De 31 a 50 % - Médio,0.6607142857142857,0.3392857142857142,0.849612669466742,30000.0,,,,,,,,,,6678181.0,0.0,12.0,0.0,2017.0,De 0 a 5 anos,300000.0,False,False,0.7653142544,202492.0,2020-05-26T20:45:58
2250,2323,Toby Hill,Gavin Payne,LCPE62211324521311,0,0.5718949603,0.0,2014-02-11T00:00:00,0,0.0,15000.0,AprovadoAnalista,De 31 a 50 % - Médio,0.6428571428571428,0.3571428571428571,0.0,15000.0,,,,,,,,,,87916.0,0.0,4.0,0.0,2008.0,De 11 a 16 anos,8000.0,False,True,1.0,14850.0,2020-05-26T20:47:36
2252,2325,Norman Cole,Teresa Curtis,CTNO64554679805148,23,0.3632365669,0.0,2012-11-22T00:00:00,25,2266.67,20000.0,AprovadoAnalista,De 31 a 50 % - Médio,0.6607142857142857,0.3392857142857142,0.64997738771389,20000.0,,,,,,,,,,2972025.0,0.0,12.0,0.0,1989.0,Acima de 17 anos,250000.0,False,True,1.0,75322.0,2020-05-26T21:04:22
2253,2326,Martyn Foster,Francesca Nolan,WSUA65872402892522,7,0.3418628183,0.0,2017-03-22T00:00:00,0,0.0,15000.0,ReprovadoAnalista,De 31 a 50 % - Médio,0.5,0.4999999999999999,0.866025403784439,,,,,,,,,,,984512.0,0.0,12.0,0.0,2010.0,De 6 a 10 anos,200000.0,False,True,1.0,8640.0,
2257,2330,Glen Smith-Collins,Simon Howard-Talbot,UPBE35458640921366,0,0.0,,2020-05-21T15:41:26,0,0.0,50000.0,AprovadoAnalista,De 31 a 50 % - Médio,0.625,0.3749999999999999,0.0,10000.0,,2019-12-31T00:00:00,144889.0,23090.0,189176.0,165032.0,0.0,11730.0,110314.0,364075.0,164503.0,12.0,199572.0,2018.0,De 0 a 5 anos,110000.0,False,True,0.0,3840.0,2020-05-26T20:40:01
2261,2334,Dr. Tracy Chandler,Dr. Sarah Turner,FFYN25302864354791,22,0.3526450637,0.0,2015-08-18T00:00:00,15,18185.3,120000.0,AprovadoAnalista,De 31 a 50 % - Médio,0.6071428571428571,0.3928571428571428,0.997894331866043,120000.0,,2019-01-01T02:00:00,0.0,0.0,0.0,0.0,0.0,0.0,0.0,5625053.0,0.0,4.0,0.0,2014.0,De 6 a 10 anos,180000.0,False,True,0.9761517295,53400.0,2020-05-26T21:09:09
2266,2339,Daniel Simpson-Graham,Kenneth Stevens,JETD69976450338607,0,0.4560373794,0.0,2017-08-21T00:00:00,0,0.0,15000.0,AprovadoAnalista,De 31 a 50 % - Médio,0.6428571428571428,0.3571428571428571,0.0,10000.0,,,,,,,,,,370831.0,0.0,12.0,0.0,2008.0,De 11 a 16 anos,6000.0,False,True,1.0,8140.0,2020-05-28T12:59:18
2278,2351,Abdul West-Goddard,Joseph Lee,HYNB58011790687263,5,0.1565259963,0.0,2018-10-29T00:00:00,0,0.0,150000.0,ReprovadoAnalista,De 31 a 50 % - Médio,0.6785714285714285,0.3214285714285714,0.0,,,2019-12-31T03:00:00,3212470.0,2344435.0,3214239.0,479891.0,0.0,1643090.0,235961.0,11085102.0,2296114.0,12.0,8788988.0,2017.0,De 0 a 5 anos,100000.0,False,True,1.0,0.0,
2280,2353,Ashley Knight,Judith Patel,FYHI02813517423422,5,0.4065550583,0.0,2019-10-31T00:00:00,0,20700.0,45000.0,AprovadoAnalista,De 31 a 50 % - Médio,0.5357142857142857,0.4642857142857142,0.0,30000.0,,,,,,,,,,1223705.0,0.0,6.0,0.0,2015.0,De 0 a 5 anos,80000.0,False,True,1.0,0.0,2020-05-28T13:21:05
2281,2354,Terence Foster,Brandon Gibson,QHZV29713047888758,93,0.5669856041,0.0,2011-11-24T00:00:00,0,0.0,30000.0,AprovadoAnalista,De 31 a 50 % - Médio,0.5892857142857142,0.4107142857142857,-1.1e-15,15000.0,,,,,,,,,,320858.0,0.0,2.0,0.0,2010.0,De 6 a 10 anos,10000.0,False,True,1.0,8640.0,2020-05-28T13:24:31
2286,2359,Susan Ward-Bates,Abdul Harris,BKDF31090451225825,4,0.3354379719,0.0,2019-09-18T00:00:00,0,0.0,20000.0,AprovadoAnalista,De 31 a 50 % - Médio,0.6428571428571428,0.3571428571428571,0.0,10000.0,,,,,,,,,,1619981.0,0.0,12.0,0.0,2018.0,De 0 a 5 anos,150000.0,False,False,1.0,3960.0,2020-05-28T13:21:55
2291,2364,Mr. Damian Lewis,Mrs. Jacqueline Webb,ESYL36785852152478,0,0.430138941,0.0,2018-04-17T00:00:00,0,0.0,20000.0,AprovadoAnalista,De 31 a 50 % - Médio,0.6428571428571428,0.3571428571428571,0.0,20000.0,,,,,,,,,,8336614.0,0.0,12.0,0.0,2016.0,De 0 a 5 anos,500000.0,False,True,1.0,60000.0,2020-05-28T13:22:21
2292,2365,Rosie Thornton,Alex Clark,POPU32025062275349,6,0.5914350962,0.0,2018-03-07T00:00:00,0,0.0,30000.0,AprovadoAnalista,De 31 a 50 % - Médio,0.6428571428571428,0.3571428571428571,0.866025403784439,20000.0,,,,,,,,,,752516.0,0.0,12.0,0.0,2017.0,De 0 a 5 anos,20000.0,False,False,1.0,11100.0,2020-05-28T13:31:40
2293,2366,Dr. Denis Parsons,Mrs. Brenda Howell,ZQEO47674401851283,5,0.0,,2019-06-07T15:54:14,0,0.0,5000.0,ReprovadoAnalista,De 31 a 50 % - Médio,0.5,0.4999999999999999,0.866025403784439,,,,,,,,,,,215978.0,0.0,12.0,0.0,2018.0,De 0 a 5 anos,10000.0,False,False,0.0,2430.0,
2300,2373,Miss Anna Ross,James Matthews,RKGL05620009953075,23,0.4455297784,0.0,2018-07-24T00:00:00,0,0.0,10000.0,AprovadoAnalista,De 31 a 50 % - Médio,0.5714285714285714,0.4285714285714285,0.866025403784439,5500.0,,,,,,,,,,529682.0,0.0,12.0,0.0,1998.0,Acima de 17 anos,60000.0,False,False,1.0,5920.0,2020-05-28T13:46:01
2302,2375,Gavin Jackson,Mr. Lee Cox,KSTQ47740856148764,3,0.3271595618,0.0,2017-02-02T00:00:00,0,0.0,20000.0,AprovadoAnalista,De 31 a 50 % - Médio,0.5357142857142857,0.4642857142857142,0.0,10000.0,,,,,,,,,,80271.0,0.0,12.0,0.0,2016.0,De 0 a 5 anos,10000.0,False,True,1.0,4620.0,2020-05-28T13:46:54
2304,2377,Dr. Damien Marshall,Barbara Howard,CMYC33869399310077,0,0.2633646929,0.0,2020-05-25T00:00:00,148,12384.31,25000.0,AprovadoAnalista,De 31 a 50 % - Médio,0.6607142857142857,0.3392857142857142,0.0,15000.0,,,,,,,,,,1695111.0,0.0,12.0,0.0,2016.0,De 0 a 5 anos,200000.0,False,True,1.0,8800.0,2020-05-28T13:51:06
2305,2378,Jamie Miller,Natalie Harrison,TSUX54942631244632,17,0.0,,2015-11-27T17:03:04,0,0.0,80000.0,AprovadoAnalista,De 31 a 50 % - Médio,0.6428571428571428,0.3571428571428571,0.0,80000.0,,2019-12-31T03:00:00,6558624.0,7141088.0,8369944.0,787739.0,1680122.0,2107910.0,2039456.0,0.0,0.0,1.0,0.0,2009.0,De 11 a 16 anos,600000.0,False,True,0.0,422071.0,2020-05-28T13:55:56
2308,2381,Miss Gemma Payne,Amy Brennan,PBGF30687151400866,0,0.5509674622,0.0,2016-11-21T00:00:00,0,0.0,15000.0,AprovadoAnalista,De 31 a 50 % - Médio,0.6428571428571428,0.3571428571428571,0.0,15000.0,,,,,,,,,,0.0,0.0,1.0,0.0,2016.0,De 0 a 5 anos,75000.0,False,False,1.0,17820.0,2020-05-28T13:58:46
2309,2382,Dale Ball,Alexander Harper,MJDP76157239480840,10,0.4690654806,0.0,2017-11-03T00:00:00,0,0.0,40000.0,AprovadoAnalista,De 31 a 50 % - Médio,0.5892857142857142,0.4107142857142857,-0.0,25000.0,,,,,,,,,,0.0,0.0,1.0,0.0,2017.0,De 0 a 5 anos,150000.0,False,False,0.6499844384,4400.0,2020-05-28T13:59:42
2311,2384,Bernard Young,Kenneth Banks,LGSE50345680565260,20,0.1905198559,0.0,2016-09-16T00:00:00,4,1246.0,50000.0,AprovadoAnalista,De 31 a 50 % - Médio,0.6785714285714285,0.3214285714285714,-0.898463238715413,50000.0,,,,,,,,,,3115312.0,0.0,4.0,0.0,1997.0,Acima de 17 anos,100000.0,False,True,0.5171430201,762604.0,2020-05-28T15:33:52
2313,2386,Jacob Payne,Mrs. Debra Harding,DCYQ25190726049709,6,0.5930708181,0.0,2018-10-17T00:00:00,10,315.0,50000.0,AprovadoAnalista,De 31 a 50 % - Médio,0.5357142857142857,0.4642857142857142,0.0,20000.0,,,,,,,,,,204998.0,0.0,4.0,0.0,2018.0,De 0 a 5 anos,250000.0,False,True,0.6417155886,6480.0,2020-05-28T15:18:23
2315,2388,Suzanne Smith,Marian Day,AVAO63044598911311,14,0.5650457739,0.0,2019-12-17T00:00:00,42,118195.87,90000.0,AprovadoAnalista,De 31 a 50 % - Médio,0.6428571428571428,0.3571428571428571,0.0,90000.0,,2019-12-31T03:00:00,40147679.0,40222591.0,56028277.0,15136282.0,15750000.0,14799137.0,23664583.0,119119198.0,31888914.0,12.0,87230284.0,2004.0,De 11 a 16 anos,3000000.0,False,True,1.0,7728528.0,2020-05-28T15:41:51
2316,2389,Laura Taylor-Jones,Dr. Luke Marsh,GPRI81316087934659,60,0.0,,2017-03-09T14:26:13,0,0.0,45000.0,AprovadoAnalista,De 31 a 50 % - Médio,0.5357142857142857,0.4642857142857142,0.375328340830402,10000.0,,,,,,,,,,5610131.0,0.0,12.0,0.0,2001.0,Acima de 17 anos,500000.0,False,True,0.0,158220.0,2020-05-28T15:54:48
2318,2391,Miss Abigail Gilbert,James Marshall-Manning,YGTW28927287134906,3,0.5699537942,0.0,2015-05-18T00:00:00,63,13320.58,50000.0,AprovadoAnalista,De 31 a 50 % - Médio,0.6428571428571428,0.3571428571428571,0.0,40000.0,,,,,,,,,,6260180.0,0.0,12.0,0.0,2015.0,De 0 a 5 anos,90000.0,False,True,1.0,136000.0,2020-05-28T15:59:34
2323,2396,Marilyn Johnson,Marie Barrett,XQSY14069987781202,17,0.5651845254,0.0,2020-02-14T00:00:00,4,2380.39,35000.0,AprovadoAnalista,De 31 a 50 % - Médio,0.5892857142857142,0.4107142857142857,0.0,17000.0,,,,,,,,,,517930.0,0.0,4.0,0.0,2012.0,De 6 a 10 anos,10000.0,False,True,1.0,1110.0,2020-05-28T17:39:01
2330,2403,Joe Walters,Mr. Lawrence Williams,OXRS91694325479273,4,0.3632907397,0.0,2018-02-15T00:00:00,74,13390.98,35000.0,AprovadoAnalista,De 31 a 50 % - Médio,0.6428571428571428,0.3571428571428571,0.0,25000.0,,,,,,,,,,621135.0,0.0,4.0,0.0,2017.0,De 0 a 5 anos,40000.0,False,False,1.0,7920.0,2020-05-28T19:52:01
2332,2405,Stacey Clements,Darren Morris-Turner,ADZS87518753652751,6,0.1169278852,0.0,2016-10-18T00:00:00,0,0.0,45000.0,AprovadoAnalista,De 31 a 50 % - Médio,0.625,0.375,-0.769818706261279,15000.0,,,,,,,,,,723451.0,0.0,12.0,0.0,2016.0,De 0 a 5 anos,40000.0,False,False,0.8865239363,6660.0,2020-05-28T19:54:02
2336,2409,Mr. Mohammed Morrison,Joe Rowe-Jennings,QKSA08184464246759,35,0.5845285889,0.0,2013-03-01T00:00:00,0,164500.0,45000.0,AprovadoAnalista,De 31 a 50 % - Médio,0.5892857142857142,0.4107142857142857,0.0,45000.0,,,,,,,,,,33662472.0,0.0,12.0,0.0,2001.0,Acima de 17 anos,250000.0,True,True,1.0,3433081.0,2020-05-28T20:01:12
2340,2413,Victoria Morgan,Dr. Bernard Taylor,GECS58472958094606,7,0.5308016238,0.0,2018-03-02T00:00:00,0,0.0,15000.0,AprovadoAnalista,De 31 a 50 % - Médio,0.5357142857142857,0.4642857142857142,0.0,15000.0,,,,,,,,,,785886.0,0.0,12.0,0.0,2017.0,De 0 a 5 anos,10000.0,False,False,1.0,6160.0,2020-05-28T20:01:42
2349,2422,Diana Barber,Dr. Lauren Kelly,DDHS83059815114099,22,0.6064980237,0.0,2007-08-23T00:00:00,27,8900.0,25000.0,AprovadoAnalista,De 31 a 50 % - Médio,0.6785714285714285,0.3214285714285714,0.0,25000.0,,,,,,,,,,1155182.0,0.0,12.0,0.0,1992.0,Acima de 17 anos,6480.0,False,False,1.0,14580.0,2020-05-29T14:32:12
2350,2423,Mr. Brandon Harvey,Gerald Carter,BAKQ80361753127845,6,0.4200234266,0.0,2019-11-08T00:00:00,0,0.0,8500.0,AprovadoAnalista,De 31 a 50 % - Médio,0.6428571428571428,0.3571428571428571,0.0,8500.0,,,,,,,,,,657883.0,0.0,12.0,0.0,1996.0,Acima de 17 anos,10000.0,False,False,1.0,33000.0,2020-05-29T14:33:53
2354,2427,Connor Saunders,Jack Bowen-Ford,ODZV93970393044652,0,0.4132819939,0.0,2020-03-12T00:00:00,0,0.0,200000.0,ReprovadoAnalista,De 31 a 50 % - Médio,0.6785714285714285,0.3214285714285714,0.0,,,2019-12-31T03:00:00,249051.0,3041.0,249151.0,246110.0,0.0,20934.0,0.0,53424.0,49755.0,12.0,3669.0,2019.0,De 0 a 5 anos,100000.0,False,True,1.0,108000.0,
2356,2429,Kerry Brown-James,Clifford Price,QERM89266006911361,3,0.4925814105,0.0,2019-07-24T00:00:00,0,3126.09,49000.0,AprovadoAnalista,De 31 a 50 % - Médio,0.5714285714285714,0.4285714285714285,0.0,10000.0,,2019-12-31T00:00:00,52336.0,65505.0,52336.0,-42310.0,0.0,0.0,0.0,385803.0,184256.0,12.0,201547.0,2016.0,De 0 a 5 anos,50000.0,False,False,1.0,36000.0,2020-05-29T15:05:42
2362,2435,Margaret Watts-Marsh,Callum Smith,QDZV25985706893081,102,0.3880913642,0.0,2013-01-30T00:00:00,0,0.0,10000.0,ReprovadoAnalista,De 31 a 50 % - Médio,0.5535714285714285,0.4464285714285714,0.306621246718822,,,,,,,,,,,1535881.0,0.0,12.0,0.0,2012.0,De 6 a 10 anos,10000.0,False,True,0.6372040242,16200.0,
2363,2436,Ross Gregory-Bennett,Stephen Kelly,YISC92418507027320,18,0.4387038232,0.0,2013-11-04T00:00:00,0,0.0,10000.0,AprovadoAnalista,De 31 a 50 % - Médio,0.6607142857142857,0.3392857142857142,-0.148979155007515,10000.0,,,,,,,,,,1242126.0,0.0,12.0,0.0,2012.0,De 6 a 10 anos,100000.0,False,False,0.7372053906,38000.0,2020-05-29T15:22:59
2364,2437,Kimberley Barton,Karen Reynolds,BFRW45357875791361,27,0.5185961055,0.0,2015-11-04T00:00:00,29,8534.0,30000.0,AprovadoAnalista,De 31 a 50 % - Médio,0.5535714285714285,0.4464285714285714,0.866025403784439,18000.0,,,,,,,,,,1549367.0,0.0,12.0,0.0,2013.0,De 6 a 10 anos,120000.0,False,True,1.0,2700.0,2020-05-29T15:44:45
2365,2438,Francesca Stone,Charles Jones,MGWX20555419991977,12,0.0,,2016-06-27T11:35:29,0,0.0,15000.0,AprovadoAnalista,De 31 a 50 % - Médio,0.6428571428571428,0.3571428571428571,0.0,15000.0,,,,,,,,,,668124.0,0.0,12.0,0.0,2013.0,De 6 a 10 anos,1000.0,False,True,0.0,13690.0,2020-05-29T15:45:23
2368,2441,Dr. Dale Hughes,Diana Lewis,KYEC30750033896793,3,0.4549867866,0.0,2018-03-05T00:00:00,9,5913.34,35000.0,AprovadoAnalista,De 31 a 50 % - Médio,0.6428571428571428,0.3571428571428571,0.0,35000.0,,,,,,,,,,4795183.0,0.0,12.0,0.0,2017.0,De 0 a 5 anos,150000.0,False,True,1.0,2951.0,2020-05-29T16:37:48
2369,2442,Julia Smith,Mr. Howard Chapman,PDVM42675544367770,5,0.0,,2016-11-17T11:30:32,0,0.0,100000.0,AprovadoAnalista,De 31 a 50 % - Médio,0.6785714285714285,0.3214285714285714,0.0,60000.0,,2019-12-31T03:00:00,1327023.0,934267.0,1380952.0,446685.0,163155.0,1016299.0,282127.0,4509559.0,1825572.0,12.0,2683987.0,2016.0,De 0 a 5 anos,60000.0,False,True,0.0,720.0,2020-05-29T17:13:04
2370,2443,Dr. Beverley Wilkinson,Dr. Lindsey Evans,LDMF27027173426163,3,0.3666348311,0.0,2018-10-23T00:00:00,0,0.0,10000.0,AprovadoAnalista,De 31 a 50 % - Médio,0.5357142857142857,0.4642857142857142,0.0,10000.0,,,,,,,,,,769884.0,0.0,12.0,0.0,2017.0,De 0 a 5 anos,5000.0,False,True,1.0,3200.0,2020-05-29T16:57:20
2376,2449,Miss Carole Griffiths,Vincent Wright,HTWZ77725360027310,0,0.365980795,0.0,2019-10-15T00:00:00,0,0.0,20000.0,AprovadoAnalista,De 31 a 50 % - Médio,0.5357142857142857,0.4642857142857142,0.0,15000.0,,,,,,,,,,31000.0,0.0,12.0,0.0,2016.0,De 0 a 5 anos,30000.0,False,True,1.0,5600.0,2020-05-29T17:50:24
2377,2450,Dr. Tom Owen,Ms. Laura Jones,VSIF58228032234545,2,0.1331797028,0.0,2017-07-19T00:00:00,0,0.0,49900.0,AprovadoAnalista,De 31 a 50 % - Médio,0.5714285714285714,0.4285714285714285,0.0,10000.0,,2019-12-31T00:00:00,101975.0,78126.0,101975.0,23848.0,0.0,71103.0,0.0,280034.0,82438.0,12.0,197596.0,2017.0,De 0 a 5 anos,95000.0,False,True,1.0,5120.0,2020-05-29T18:54:40
2382,2455,Mr. Malcolm Harris,Henry Williams,FAMY05606066275204,6,0.0,,2017-02-03T16:33:42,0,0.0,30000.0,AprovadoAnalista,De 31 a 50 % - Médio,0.5892857142857142,0.4107142857142857,1.1e-15,17000.0,,2019-12-31T00:00:00,401023.0,126533.0,417355.0,290822.0,11666.0,121733.0,193405.0,1016484.0,365266.0,12.0,651218.0,2016.0,De 0 a 5 anos,90000.0,False,True,0.0,8510.0,2020-05-29T19:24:40
2386,2459,Mrs. Melissa Smith,Ryan Andrews-Turner,FVRT37108807539023,50,0.5448893773,0.0,2017-01-24T00:00:00,41,34125.0,45000.0,AprovadoAnalista,De 31 a 50 % - Médio,0.6607142857142857,0.3392857142857142,0.849612669466742,30000.0,,,,,,,,,,6678181.0,0.0,12.0,0.0,2017.0,De 0 a 5 anos,300000.0,False,False,0.7653142544,202492.0,2020-05-29T20:31:00
2389,2462,Francis Lees,Bradley Weston,XJSV83478149768282,3,0.2597149313,0.0,2019-01-21T00:00:00,0,0.0,20000.0,AprovadoAnalista,De 31 a 50 % - Médio,0.625,0.375,0.0,20000.0,,,,,,,,,,18501000.0,0.0,12.0,0.0,2016.0,De 0 a 5 anos,200000.0,False,True,1.0,147000.0,2020-05-29T21:06:47
2390,2463,Leonard Davies,Kenneth Thomas,HDCP21674482518994,196,0.3645702294,0.0,2015-10-26T00:00:00,11,21067.2,35000.0,AprovadoAnalista,De 31 a 50 % - Médio,0.6071428571428571,0.3928571428571428,0.999479002701835,30000.0,,2019-06-30T00:00:00,3730912.0,3028509.0,3839849.0,670247.0,863971.0,2409392.0,813758.0,5752872.0,2295022.0,6.0,3457850.0,1994.0,Acima de 17 anos,110000.0,False,True,0.8647141761,40500.0,2020-06-01T14:52:46
2393,2466,Janet Barnes,Clifford Allan,XSME54122165353551,30,0.316048996,0.0,2019-10-28T00:00:00,32,8300.0,100000.0,AprovadoAnalista,De 31 a 50 % - Médio,0.5178571428571428,0.4821428571428571,0.0,80000.0,,2019-12-31T03:00:00,3316100.0,1845792.0,3360028.0,1148381.0,50000.0,2415975.0,306079.0,11753319.0,4543400.0,12.0,7209919.0,2017.0,De 0 a 5 anos,100000.0,False,True,1.0,19749.0,2020-06-01T14:58:11
2394,2467,Miss Janet Stanley,Mandy Gordon,GBVU36208579018512,19,0.0,,2016-12-05T14:33:43,0,0.0,40000.0,AprovadoAnalista,De 31 a 50 % - Médio,0.5357142857142857,0.4642857142857142,0.93678791459104,15000.0,,,,,,,,,,5880123.0,0.0,12.0,0.0,2004.0,De 11 a 16 anos,200000.0,False,True,0.0,0.0,2020-06-01T15:09:38
2396,2469,Dean Clayton,Abdul Wood,BZFA06542301998587,6,0.0,,2015-07-07T15:43:00,0,0.0,90000.0,AprovadoAnalista,De 31 a 50 % - Médio,0.6607142857142857,0.3392857142857142,0.0,35000.0,,2019-12-31T03:00:00,5060748.0,5224949.0,5392990.0,178305.0,346346.0,1199591.0,3472742.0,0.0,0.0,1.0,0.0,2015.0,De 0 a 5 anos,30000.0,False,False,0.0,249200.0,2020-06-01T15:08:22
2398,2471,Carol Day,Terence Kirby,IJRV52317490367799,137,0.4127660012,0.0,2015-05-27T00:00:00,44,523457.15,350000.0,AprovadoAnalista,De 31 a 50 % - Médio,0.6785714285714285,0.3214285714285714,-0.872901349861734,350000.0,,2019-12-31T03:00:00,18529768.0,8663644.0,19974168.0,700000.0,1472373.0,9324461.0,3312347.0,42087709.0,15339754.0,12.0,26747955.0,2004.0,De 11 a 16 anos,700000.0,True,True,0.9851802359,2703828.0,2020-06-01T15:18:04
2400,2473,Kelly Baxter,Dr. Pauline Stewart,ZFKA70203512888324,4,0.3569211716,0.0,2019-02-06T00:00:00,15,43239.01,250000.0,AprovadoAnalista,De 31 a 50 % - Médio,0.5535714285714285,0.4464285714285714,0.866025403784439,100000.0,,2019-12-31T03:00:00,6920082.0,1341873.0,7178052.0,4571225.0,402348.0,2762682.0,1252871.0,0.0,0.0,1.0,0.0,2017.0,De 0 a 5 anos,100000.0,False,True,1.0,66000.0,2020-06-01T19:15:40
2405,2478,Charles Stanley,Julie Welch,KIQD44382774047348,3,0.3224337626,0.0,2019-12-04T00:00:00,26,2972.38,20000.0,AprovadoAnalista,De 31 a 50 % - Médio,0.625,0.3749999999999999,0.0,10000.0,,2020-03-31T00:00:00,773285.0,352539.0,777393.0,424853.0,0.0,43095.0,617407.0,194572.0,126472.0,3.0,68100.0,2019.0,De 0 a 5 anos,350000.0,False,True,1.0,2200.0,2020-06-01T19:51:51
2413,2486,Natalie Allen-Davies,Brandon Davies,BUNK47917149545751,19,0.3628337579,0.0,2017-09-25T00:00:00,82,13646.0,10000.0,AprovadoAnalista,De 31 a 50 % - Médio,0.5535714285714285,0.4464285714285714,0.999808283449608,10000.0,,,,,,,,,,2638700.0,0.0,11.0,0.0,2000.0,Acima de 17 anos,100000.0,False,True,1.0,13200.0,2020-06-02T12:46:51
2421,2494,Dr. Georgina Carpenter,Cheryl Kent,QZVR56016894332795,3,0.3740439274,0.0,2018-05-24T00:00:00,0,0.0,20000.0,AprovadoAnalista,De 31 a 50 % - Médio,0.5357142857142857,0.4642857142857142,0.0,20000.0,,,,,,,,,,0.0,0.0,1.0,0.0,2017.0,De 0 a 5 anos,5000.0,False,True,1.0,5920.0,2020-06-02T14:27:21
2423,2496,Amber Smith,Chelsea Smith-Cox,EFMB43041243982596,4,0.5074172904,0.0,2013-03-28T00:00:00,0,0.0,500000.0,AprovadoComite,De 31 a 50 % - Médio,0.6428571428571428,0.3571428571428571,-0.866025403784439,150000.0,2020-06-02T14:41:14,2019-12-31T03:00:00,12951488.0,17497243.0,17587509.0,-46604.0,203556.0,0.0,9471366.0,16341768.0,1079110.0,12.0,15262658.0,1996.0,Acima de 17 anos,95400.0,False,True,1.0,0.0,
2425,2498,Jessica Anderson-Fuller,Mrs. Frances Buckley,HZJB07110281971580,3,0.4418016071,0.0,2019-09-26T00:00:00,21,1839.95,10000.0,AprovadoAnalista,De 31 a 50 % - Médio,0.5357142857142857,0.4642857142857142,0.0,10000.0,,,,,,,,,,314694.0,0.0,9.0,0.0,2019.0,De 0 a 5 anos,99800.0,False,True,1.0,50600.0,2020-06-02T14:42:57
2428,2501,Mr. Kevin Clark,Mr. Brandon Davies,GSHZ23277827583812,6,0.4315224568,0.0,2017-01-19T00:00:00,42,41017.32,120000.0,AprovadoAnalista,De 31 a 50 % - Médio,0.5357142857142857,0.4642857142857142,-0.109207810966819,100000.0,,2020-03-30T06:00:00,1755916.0,1506236.0,1843983.0,-37573.0,311000.0,847958.0,685781.0,,,,,2016.0,De 0 a 5 anos,850000.0,False,False,0.8210720736,72600.0,2020-06-03T12:15:32
2434,2507,Louise Waters,Matthew Gordon,KRWV71711055006422,12,0.6203146502,0.0,2015-04-30T00:00:00,0,0.0,15000.0,AprovadoAnalista,De 31 a 50 % - Médio,0.5892857142857142,0.4107142857142857,0.0,15000.0,,,,,,,,,,1460817.0,0.0,12.0,0.0,2014.0,De 6 a 10 anos,95400.0,False,True,1.0,7040.0,2020-06-02T14:48:17
2438,2511,Shannon Evans,Stewart Fisher,ZXOH34061227638698,37,0.3418942725,0.0,2018-08-23T00:00:00,0,0.0,40000.0,AprovadoAnalista,De 31 a 50 % - Médio,0.5535714285714285,0.4464285714285714,0.909691558150421,5000.0,,,,,,,,,,1332419.0,0.0,12.0,0.0,2013.0,De 6 a 10 anos,10000.0,True,False,0.9480222138,10800.0,2020-06-02T19:09:46
2439,2512,Peter Barlow,Mrs. Sally Walker,FOZQ39728582407424,103,0.4744776638,0.0,2016-08-02T00:00:00,0,0.0,12000.0,AprovadoAnalista,De 31 a 50 % - Médio,0.5535714285714285,0.4464285714285714,0.96927554762106,5000.0,,,,,,,,,,3808903.0,0.0,12.0,0.0,2001.0,Acima de 17 anos,99800.0,False,True,0.8943651265,3800.0,2020-06-02T18:15:19
2440,2513,Ms. Susan Wood,Albert Jones-Conway,IMGW39149049038795,50,0.3553082707,0.0,2016-10-31T00:00:00,0,0.0,12000.0,AprovadoAnalista,De 31 a 50 % - Médio,0.5892857142857142,0.4107142857142857,-0.866025403784439,12000.0,,,,,,,,,,505995.0,0.0,12.0,0.0,2013.0,De 6 a 10 anos,10000.0,False,True,1.0,11880.0,2020-06-02T19:55:44
2447,2520,Amber Smith,Chelsea Smith-Cox,EFMB43041243982596,4,0.5074172904,0.0,2013-03-28T00:00:00,0,0.0,500000.0,AprovadoComite,De 31 a 50 % - Médio,0.6428571428571428,0.3571428571428571,-0.866025403784439,500000.0,2020-06-02T19:06:39,2019-12-31T03:00:00,12951488.0,17497243.0,17587509.0,-46604.0,203556.0,0.0,9471366.0,16341768.0,1079110.0,12.0,15262658.0,1996.0,Acima de 17 anos,95400.0,False,True,1.0,0.0,
2450,2523,Dr. Tom Allen,Alex Day,RRLU17114106394880,0,0.2170787595,0.0,2019-11-13T00:00:00,0,0.0,20000.0,AprovadoAnalista,De 31 a 50 % - Médio,0.5535714285714285,0.4464285714285714,0.0,5000.0,,,,,,,,,,183564.0,0.0,12.0,0.0,2017.0,De 0 a 5 anos,93700.0,False,True,1.0,2700.0,2020-06-02T20:28:54
2460,2533,Toby Ryan,Roy Williams-Jones,GVXV15907942706096,22,0.3364757571,0.0,2018-01-02T00:00:00,40,24655.27,50000.0,AprovadoAnalista,De 31 a 50 % - Médio,0.6607142857142857,0.3392857142857142,0.422626535345145,40000.0,,2019-12-31T00:00:00,2507702.0,57854.0,2566724.0,2508869.0,0.0,0.0,87004.0,4789045.0,1594716.0,12.0,3194329.0,2010.0,De 6 a 10 anos,100000.0,False,True,1.0,60200.0,2020-06-03T18:42:15
2468,2541,Elliot Dawson,Melissa Woods,PPOV40606899561844,57,0.298848,0.0,2011-10-05T00:00:00,0,0.0,30000.0,AprovadoAnalista,De 31 a 50 % - Médio,0.6785714285714285,0.3214285714285714,0.0,25000.0,,,,,,,,,,3599483.0,0.0,12.0,0.0,2011.0,De 6 a 10 anos,150000.0,False,False,1.0,99251.0,2020-06-03T18:49:41
2471,2544,Jodie Coleman,Jamie Edwards,OGFM37134126556262,3,0.0,,2015-10-30T11:37:20,0,0.0,35000.0,AprovadoAnalista,De 31 a 50 % - Médio,0.6428571428571428,0.3571428571428571,-0.866025403784439,30000.0,,,,,,,,,,701771.0,0.0,12.0,0.0,2014.0,De 6 a 10 anos,200000.0,False,True,0.0,12420.0,2020-06-03T21:10:17
2472,2545,Jessica Taylor,Stanley Webster,SLNU96681455445587,4,0.3364917252,0.0,2018-03-08T00:00:00,0,0.0,30000.0,AprovadoAnalista,De 31 a 50 % - Médio,0.6428571428571428,0.3571428571428571,0.0,20000.0,,,,,,,,,,1854160.0,0.0,12.0,0.0,2017.0,De 0 a 5 anos,100000.0,False,True,1.0,19800.0,2020-06-04T15:16:36
2477,2550,Dr. Maria Watts,Gail Smith,GNPY76147394204081,124,0.3646372764,0.0,2006-12-11T00:00:00,40,508121.72,1000000.0,AprovadoComite,De 31 a 50 % - Médio,0.6428571428571428,0.3571428571428571,-0.880699336339438,800000.0,2020-06-05T12:26:07,2019-12-31T03:00:00,16099155.0,6386423.0,17558011.0,6924723.0,150105.0,8071675.0,6230984.0,49725936.0,15588867.0,12.0,34137069.0,2000.0,Acima de 17 anos,1502000.0,False,True,0.9596980479,2498156.0,
2485,2558,Miss Harriet Tyler,Jade Thomas,EKFW96917765445914,11,0.2655254663,0.0,2019-04-18T00:00:00,8,6400.0,70000.0,AprovadoAnalista,De 31 a 50 % - Médio,0.6785714285714285,0.3214285714285714,0.0,20000.0,,2019-12-31T03:00:00,389627.0,82400.0,445510.0,363109.0,0.0,48142.0,48326.0,596949.0,342610.0,12.0,254339.0,1985.0,Acima de 17 anos,70000.0,False,False,1.0,8800.0,2020-06-05T13:46:57
2500,2573,Leonard Rowe-Hewitt,Mathew Davies,WNMB36252492503752,0,0.4371319543,0.0,2020-05-28T00:00:00,0,0.0,15000.0,ReprovadoAnalista,De 31 a 50 % - Médio,0.6785714285714285,0.3214285714285714,0.0,,,,,,,,,,,59087.0,0.0,4.0,0.0,2020.0,De 0 a 5 anos,30000.0,False,False,1.0,12420.0,
2504,2577,Nicole Adams,Bruce Morgan,FIXX62185133473858,0,0.6436423155,0.0,2019-07-08T00:00:00,24,12924.0,35000.0,AprovadoAnalista,De 31 a 50 % - Médio,0.6785714285714285,0.3214285714285714,0.0,10000.0,,2019-12-31T00:00:00,105413.0,39315.0,105413.0,33311.0,0.0,103365.0,103358.0,378528.0,65731.0,12.0,312797.0,2016.0,De 0 a 5 anos,70000.0,False,True,1.0,0.0,2020-06-05T20:54:19
2512,2585,Leslie Young,Ms. Nicola Coates,KFMR72715847552364,5,0.5442670099,0.0,2018-11-06T00:00:00,135,4200.0,5000.0,AprovadoAnalista,De 31 a 50 % - Médio,0.6428571428571428,0.3571428571428571,0.0,5000.0,,,,,,,,,,0.0,0.0,1.0,0.0,2017.0,De 0 a 5 anos,10000.0,False,False,1.0,720.0,2020-06-08T20:23:28
2528,2601,Lynda Herbert,Mohammed Davies,ZNVJ76130674911402,0,0.3767650865,0.0,2017-12-06T00:00:00,0,0.0,49500.0,AprovadoAnalista,De 31 a 50 % - Médio,0.6785714285714285,0.3214285714285714,0.0,5000.0,,,,,,,,,,107547.0,0.0,12.0,0.0,2007.0,De 11 a 16 anos,20000.0,False,True,1.0,12800.0,2020-06-09T18:18:01
2530,2603,Mrs. Nicole Parry,Carole Davis,ZUZT79747647875702,0,0.3245100455,0.0,2018-10-24T00:00:00,27,2963.17,20000.0,AprovadoAnalista,De 31 a 50 % - Médio,0.6428571428571428,0.3571428571428571,0.0,15000.0,,,,,,,,,,5136984.0,0.0,12.0,0.0,2018.0,De 0 a 5 anos,180000.0,False,True,1.0,9900.0,2020-06-09T18:22:24
2531,2604,Katie Rose,Benjamin Clark-Webb,YFOQ93485351289100,22,0.3769695607,0.0,2016-05-24T00:00:00,47,5749.25,11000.0,AprovadoAnalista,De 31 a 50 % - Médio,0.6607142857142857,0.3392857142857142,0.866025403784439,11000.0,,,,,,,,,,2866733.0,0.0,12.0,0.0,1999.0,Acima de 17 anos,100000.0,False,True,1.0,45600.0,2020-06-09T18:23:14
2537,2610,Denis Fisher,Suzanne Barlow,NVWA82542134983702,18,0.5903563505,0.0,2017-12-19T00:00:00,0,0.0,20000.0,AprovadoAnalista,De 31 a 50 % - Médio,0.6607142857142857,0.3392857142857142,0.866025403784439,15000.0,,,,,,,,,,834481.0,0.0,5.0,0.0,2017.0,De 0 a 5 anos,800000.0,False,False,1.0,2640.0,2020-06-09T21:03:29
2538,2611,Ashleigh Brown-Harrison,Ms. Debra Leach,HUJZ10998040233700,3,0.4444104952,0.0,2019-03-28T00:00:00,2,3310.89,80000.0,AprovadoAnalista,De 31 a 50 % - Médio,0.5892857142857142,0.4107142857142857,0.0,65000.0,,2019-12-31T03:00:00,11214424.0,3935605.0,11390635.0,7455030.0,1000000.0,3443683.0,5613622.0,8930896.0,3004491.0,12.0,5926405.0,2017.0,De 0 a 5 anos,300000.0,False,True,1.0,50000.0,2020-06-09T20:19:25
2540,2613,Linda Thompson,Dr. Mohammed Peters,RJON32922678866588,0,0.7342713601,0.0,2020-05-25T00:00:00,0,0.0,200000.0,AprovadoComite,De 31 a 50 % - Médio,0.6428571428571428,0.3571428571428571,0.0,200000.0,2020-06-10T14:44:53,,,,,,,,,0.0,0.0,1.0,0.0,2018.0,De 0 a 5 anos,246805647.0,False,False,1.0,0.0,
2545,2618,Bruce Robinson,Miss Carolyn Smith,NZOF76798571282038,18,0.4799159658,0.0,2018-03-15T00:00:00,0,0.0,101000.0,AprovadoAnalista,De 31 a 50 % - Médio,0.6428571428571428,0.3571428571428571,0.510653263868558,70000.0,,2019-11-30T03:00:00,530821.0,200072.0,761225.0,561153.0,37440.0,278086.0,219870.0,3640032.0,1666129.0,12.0,1973903.0,2003.0,Acima de 17 anos,100000.0,False,True,0.9089593024,43000.0,2020-06-10T15:15:08
2549,2622,Mrs. Rosie Watkins,Jasmine Ashton-Daniels,SNVA72373709693442,21,0.0,,2014-03-31T17:14:27,0,0.0,30000.0,AprovadoAnalista,De 31 a 50 % - Médio,0.5892857142857142,0.4107142857142857,0.951675319369407,20000.0,,,,,,,,,,2296739.0,0.0,12.0,0.0,1975.0,Acima de 17 anos,100000.0,False,True,0.0,116100.0,2020-06-10T14:50:38
2553,2626,William Cross,Nathan Jones,XJMR91365010548565,6,0.287824889,0.0,2018-05-29T00:00:00,0,0.0,40000.0,ReprovadoAnalista,De 31 a 50 % - Médio,0.6071428571428571,0.3928571428571428,0.866025403784438,,,,,,,,,,,582951.0,0.0,12.0,0.0,2017.0,De 0 a 5 anos,100000.0,True,False,1.0,3330.0,
2557,2630,William Cross,Nathan Jones,XJMR91365010548565,6,0.287824889,0.0,2018-05-29T00:00:00,0,0.0,40000.0,AprovadoAnalista,De 31 a 50 % - Médio,0.6071428571428571,0.3928571428571428,0.866025403784438,15000.0,,,,,,,,,,582951.0,0.0,12.0,0.0,2017.0,De 0 a 5 anos,100000.0,True,False,1.0,3330.0,2020-06-10T20:21:17
2558,2631,Lee Bartlett-Fletcher,Tracey Owen,JPAL72760231225093,92,0.0,,2018-12-04T10:48:15,0,0.0,300000.0,EmAnaliseDocumentacao,De 31 a 50 % - Médio,0.5892857142857142,0.4107142857142857,0.866025403784439,,,,,,,,,,,,,,,2017.0,De 0 a 5 anos,100000.0,False,False,0.0,49477.0,
2570,2643,Lee Bartlett-Fletcher,Tracey Owen,JPAL72760231225093,92,0.0,,2018-12-04T10:48:15,0,0.0,300000.0,AprovadoAnalista,De 31 a 50 % - Médio,0.5892857142857142,0.4107142857142857,0.866025403784439,200000.0,,2020-03-31T03:00:00,3244940.0,2268105.0,3244940.0,574823.0,1115326.0,2325691.0,699915.0,3539940.0,924343.0,3.0,2615597.0,2017.0,De 0 a 5 anos,100000.0,False,False,0.0,49477.0,2020-06-12T15:42:18
2574,2647,Yvonne Williams,Andrea Holmes,RQDV73011490100688,5,0.3882930074,0.0,2018-12-10T00:00:00,0,0.0,15000.0,AprovadoAnalista,De 31 a 50 % - Médio,0.5357142857142857,0.4642857142857142,0.0,8000.0,,,,,,,,,,1591463.0,0.0,12.0,0.0,2017.0,De 0 a 5 anos,95000.0,True,True,1.0,27000.0,2020-06-12T18:37:07
2575,2648,Leah Weston,Dr. Janice Moss,FBST84121362181188,4,0.5579184862,0.0,2019-07-31T00:00:00,22,4580.0,50000.0,AprovadoAnalista,De 31 a 50 % - Médio,0.6785714285714285,0.3214285714285714,0.0,25000.0,,2019-12-31T03:00:00,1448143.0,477906.0,1687183.0,901658.0,121684.0,2132980.0,289977.0,790424.0,131484.0,12.0,658940.0,1998.0,Acima de 17 anos,2985000.0,False,True,1.0,302602.0,2020-06-12T20:16:15
2586,2659,Miss Hilary Rowe,Shannon Thomas,AQDD58293283113645,4,0.5552716108,0.0,2018-07-25T00:00:00,0,0.0,10000.0,AprovadoAnalista,De 31 a 50 % - Médio,0.6428571428571428,0.3571428571428571,0.0,5000.0,,,,,,,,,,1221995.0,0.0,12.0,0.0,2013.0,De 6 a 10 anos,30000.0,False,False,1.0,11880.0,2020-06-15T13:49:55
2587,2660,Jane Cooper-Edwards,Nigel Smith,PQBR36866471060746,74,0.5140115049,0.0,2013-06-12T00:00:00,0,0.0,15000.0,AprovadoAnalista,De 31 a 50 % - Médio,0.6607142857142857,0.3392857142857142,0.866025403784439,10000.0,,,,,,,,,,0.0,0.0,1.0,0.0,2012.0,De 6 a 10 anos,40000.0,False,False,1.0,37800.0,2020-06-15T15:02:09
2589,2662,Mr. Mohammed Morrison,Joe Rowe-Jennings,QKSA08184464246759,35,0.5845285889,0.0,2013-03-01T00:00:00,0,164500.0,80000.0,AprovadoAnalista,De 31 a 50 % - Médio,0.6428571428571428,0.3571428571428571,0.0,60000.0,,2019-12-31T03:00:00,7168061.0,3108909.0,8062784.0,4695015.0,216722.0,3518585.0,3000124.0,33454007.0,11746478.0,12.0,21707529.0,2001.0,Acima de 17 anos,250000.0,True,True,1.0,3433081.0,2020-06-15T15:18:02
2593,2666,Melissa Fox,Mohammad Williams,XOJN85121096449747,9,0.4187989043,0.0,2019-05-13T00:00:00,0,0.0,5000.0,AprovadoAnalista,De 31 a 50 % - Médio,0.6428571428571428,0.3571428571428571,0.0,5800.0,,,,,,,,,,0.0,0.0,1.0,0.0,2016.0,De 0 a 5 anos,95400.0,False,False,1.0,32400.0,2020-06-15T15:06:21
2596,2669,Victoria Smith,Ms. Jemma Roberts,XVTC97650951609322,26,0.4689179917,0.0,2020-05-25T00:00:00,19,340109.96,250000.0,AprovadoComite,De 31 a 50 % - Médio,0.5357142857142857,0.4642857142857142,0.0,130000.0,2020-06-15T17:37:22,,,,,,,,,0.0,0.0,1.0,0.0,2015.0,De 0 a 5 anos,80000.0,False,True,1.0,62100.0,
2600,2673,Georgina Hughes,Andrew Clarke,NBPU45852140681127,5,0.4464438548,0.0,2017-07-07T00:00:00,0,0.0,10000.0,AprovadoAnalista,De 31 a 50 % - Médio,0.6071428571428571,0.3928571428571428,0.866025403784439,10000.0,,,,,,,,,,273881.0,0.0,12.0,0.0,2013.0,De 6 a 10 anos,100000.0,False,True,1.0,3240.0,2020-06-15T19:17:03
2613,2686,Amber Hopkins-Carr,Dr. Frederick Wright,UVJA03993311901207,76,0.6142713193,0.0,2016-11-23T00:00:00,0,0.0,30000.0,AprovadoAnalista,De 31 a 50 % - Médio,0.5535714285714285,0.4464285714285714,0.912541576046406,10000.0,,,,,,,,,,1272458.0,0.0,12.0,0.0,2016.0,De 0 a 5 anos,20000.0,False,False,0.9596777974,4400.0,2020-06-16T18:55:50
2615,2688,Amy Chapman,Dr. Teresa Hope,WLDM81781470253599,0,0.5352177562,0.0,2017-09-22T00:00:00,158,44886.69,5000.0,AprovadoAnalista,De 31 a 50 % - Médio,0.6428571428571428,0.3571428571428571,0.0,5000.0,,,,,,,,,,0.0,0.0,1.0,0.0,2003.0,Acima de 17 anos,500000.0,False,True,1.0,99000.0,2020-06-16T18:59:31
2616,2689,Dr. Vanessa Bird,Anne Payne,GTPO06511661214973,25,0.3716760334,0.0,2012-12-21T00:00:00,63,176480.0,110000.0,AprovadoAnalista,De 31 a 50 % - Médio,0.6607142857142857,0.3392857142857142,-0.866025403784439,60000.0,,2019-06-30T06:00:00,1963740.0,1473628.0,1970498.0,-1387775.0,0.0,0.0,891562.0,5252089.0,2298170.0,6.0,2953919.0,2008.0,De 11 a 16 anos,100000.0,False,True,1.0,40800.0,2020-06-16T19:00:47
2620,2693,Dr. Vanessa Bird,Anne Payne,GTPO06511661214973,25,0.3716760334,0.0,2012-12-21T00:00:00,63,176480.0,130000.0,AprovadoAnalista,De 31 a 50 % - Médio,0.6607142857142857,0.3392857142857142,-0.866025403784439,130000.0,,2019-06-30T06:00:00,1963740.0,1473628.0,1970498.0,-1387775.0,0.0,0.0,891562.0,5252089.0,2298170.0,6.0,2953919.0,2008.0,De 11 a 16 anos,100000.0,False,True,1.0,40800.0,2020-06-16T19:56:19
2621,2694,Douglas Taylor,Dale Lowe,JXCH36268697453955,18,0.3745726656,0.0,2014-02-21T00:00:00,44,90290.9,30000.0,AprovadoAnalista,De 31 a 50 % - Médio,0.6607142857142857,0.3392857142857142,0.944120201989244,10000.0,,,,,,,,,,11571711.0,0.0,12.0,0.0,2009.0,De 11 a 16 anos,30000.0,False,False,0.8306436156,106800.0,2020-06-16T20:20:46
2622,2695,Douglas Taylor,Dale Lowe,JXCH36268697453955,18,0.3745726656,0.0,2014-02-21T00:00:00,44,90290.9,30000.0,AprovadoAnalista,De 31 a 50 % - Médio,0.6785714285714285,0.3214285714285714,0.944120201989244,15000.0,,2019-09-30T00:00:00,2655027.0,2666384.0,3522857.0,464879.0,422216.0,1202929.0,452251.0,9049348.0,-167469.0,9.0,9216817.0,2009.0,De 11 a 16 anos,30000.0,False,False,0.8306436156,106800.0,2020-06-16T20:53:35
2624,2697,Albert Walker,Mrs. Rebecca Sullivan,KNMZ45073779165047,23,0.5582246377,0.0,2010-12-09T00:00:00,0,0.0,50000.0,AprovadoAnalista,De 31 a 50 % - Médio,0.6607142857142857,0.3392857142857142,0.287797813001563,50000.0,,,,,,,,,,28233980.0,0.0,12.0,0.0,1988.0,Acima de 17 anos,1000000.0,False,True,0.5833872013,889566.0,2020-06-16T21:37:13
2628,2701,Ms. Geraldine Moss,Claire Read,DSPZ00921176032163,0,0.0,,2020-05-18T11:32:06,0,0.0,5000.0,ReprovadoAnalista,De 31 a 50 % - Médio,0.5892857142857142,0.4107142857142857,0.0,,,,,,,,,,,0.0,0.0,1.0,0.0,2019.0,De 0 a 5 anos,30000.0,False,False,0.0,9900.0,
2636,2709,Ms. Eleanor Brown,Carolyn Hodgson-Stephenson,JCGD95559729656381,15,0.0,,2017-07-31T15:37:10,0,0.0,20000.0,AprovadoAnalista,De 31 a 50 % - Médio,0.5892857142857142,0.4107142857142857,0.0,15000.0,,,,,,,,,,7654305.0,0.0,12.0,0.0,2016.0,De 0 a 5 anos,905000.0,False,False,0.0,29700.0,2020-06-17T17:42:06
2643,2716,Kayleigh Martin,Abdul Hamilton,XFTZ18227245520044,14,0.2265760346,0.0,2019-11-28T00:00:00,0,0.0,10000.0,AprovadoAnalista,De 31 a 50 % - Médio,0.625,0.375,0.0,5000.0,,,,,,,,,,61858.0,0.0,7.0,0.0,2018.0,De 0 a 5 anos,100000.0,False,False,1.0,2880.0,2020-06-17T20:09:17
2652,2725,Sally Wilson,Ms. Geraldine Willis,CLSX97734940858704,13,0.524908043,0.0,2018-08-21T00:00:00,0,0.0,10000.0,ReprovadoAnalista,De 31 a 50 % - Médio,0.5535714285714285,0.4464285714285714,0.866025403784439,,,,,,,,,,,894645.0,0.0,12.0,0.0,2018.0,De 0 a 5 anos,150000.0,False,False,1.0,8100.0,
2653,2726,Dr. Derek Johnston,Dr. Roger Hodgson,IDUJ25741666575040,39,0.3212366949,0.0,2006-12-05T00:00:00,0,0.0,30000.0,AprovadoAnalista,De 31 a 50 % - Médio,0.5535714285714285,0.4464285714285714,0.318498151148219,20000.0,,,,,,,,,,731601.0,0.0,12.0,0.0,2002.0,Acima de 17 anos,60000.0,False,True,0.8001156608,16733.0,2020-06-18T14:46:42
2654,2727,William Simmons-Matthews,Dr. Marian Smith,UVYL53105358785066,20,0.5167641478,0.0,2010-06-22T00:00:00,12,14578.2,100000.0,AprovadoAnalista,De 31 a 50 % - Médio,0.5714285714285714,0.4285714285714285,-0.949739123780773,100000.0,,2019-06-30T03:00:00,1747927.0,3051522.0,3266353.0,-399327.0,32031.0,2635373.0,1066671.0,4396333.0,1744468.0,6.0,2651865.0,2007.0,De 11 a 16 anos,250000.0,False,False,0.7515371717,178000.0,2020-06-18T14:48:15
2656,2729,Carl Smith,Denise Clark,RHCM52780128129900,0,0.3145739639,0.0,2018-03-08T00:00:00,0,0.0,10000.0,AprovadoAnalista,De 31 a 50 % - Médio,0.6428571428571428,0.3571428571428571,0.0,10000.0,,,,,,,,,,0.0,0.0,1.0,0.0,2014.0,De 6 a 10 anos,10000.0,False,True,1.0,7260.0,2020-06-18T14:49:50
2657,2730,Mr. Kyle Coles,Mrs. Jill Quinn,BBJX42975444601381,0,0.2299472598,0.0,2017-05-03T00:00:00,0,0.0,15000.0,AprovadoAnalista,De 31 a 50 % - Médio,0.625,0.375,0.0,10000.0,,,,,,,,,,548037.0,0.0,12.0,0.0,2004.0,De 11 a 16 anos,10000.0,False,True,1.0,27071.0,2020-06-18T16:43:53
2667,2740,Jessica Anderson,Mr. Stephen Mitchell,QECR63629173086397,0,0.0,,2020-04-01T11:40:02,0,0.0,15000.0,AprovadoAnalista,De 31 a 50 % - Médio,0.5714285714285714,0.4285714285714285,0.0,10000.0,,,,,,,,,,120708.0,0.0,4.0,0.0,2017.0,De 0 a 5 anos,250000.0,False,True,0.0,5400.0,2020-06-18T17:59:26
2668,2741,Stanley Walker,Mary Harrison,TKER72373391424695,107,0.6087450151,0.0,2016-06-15T00:00:00,35,29100.0,40000.0,AprovadoAnalista,De 31 a 50 % - Médio,0.5535714285714285,0.4464285714285714,0.999924122550094,30000.0,,,,,,,,,,6747986.0,0.0,12.0,0.0,2009.0,De 11 a 16 anos,250000.0,False,True,0.6949513444,252414.0,2020-06-18T18:25:53
2677,2750,Joan Rowe,Mr. Jack Marshall,RDPM11292168507022,15,0.3668305248,0.0,2018-11-26T00:00:00,0,0.0,15000.0,AprovadoAnalista,De 31 a 50 % - Médio,0.5892857142857142,0.4107142857142857,0.0,10000.0,,,,,,,,,,945280.0,0.0,6.0,0.0,2018.0,De 0 a 5 anos,150000.0,False,False,1.0,66600.0,2020-06-18T20:35:42
2687,2760,Darren Parsons,Michael Miller,HDRF98606292430991,0,0.0,,2016-08-26T13:37:38,0,0.0,20000.0,AprovadoAnalista,De 31 a 50 % - Médio,0.6428571428571428,0.3571428571428571,0.0,15000.0,,,,,,,,,,589743.0,0.0,12.0,0.0,2013.0,De 6 a 10 anos,120000.0,False,True,0.0,87400.0,2020-06-19T14:38:31
2689,2762,Aaron Mitchell,Dr. Leon Thomas,UCXM05710193423264,5,0.3263672048,0.0,2018-09-19T00:00:00,22,2244.33,20000.0,AprovadoAnalista,De 31 a 50 % - Médio,0.5357142857142857,0.4642857142857142,0.0,15000.0,,,,,,,,,,1378708.0,0.0,12.0,0.0,2013.0,De 6 a 10 anos,93700.0,False,True,1.0,31827.0,2020-06-19T14:41:34
2692,2765,Jasmine Wilkins,Mr. Toby Fuller,XZIO26251245900707,8,0.4934818722,0.0,2019-05-16T00:00:00,0,0.0,10000.0,ReprovadoAnalista,De 31 a 50 % - Médio,0.5,0.4999999999999999,0.866025403784439,,,,,,,,,,,186280.0,0.0,5.0,0.0,2019.0,De 0 a 5 anos,5000.0,True,False,1.0,1320.0,
2693,2766,Dr. Mandy Curtis,Stacey Holden,HNJY11151368189856,1,0.0,,2019-02-04T15:06:38,0,0.0,10000.0,AprovadoAnalista,De 31 a 50 % - Médio,0.6428571428571428,0.3571428571428571,0.0,5000.0,,,,,,,,,,105548.0,0.0,12.0,0.0,2017.0,De 0 a 5 anos,30000.0,False,False,0.0,8510.0,2020-06-19T17:31:26
2697,2770,Phillip Barber,Paula Bennett,LPFJ21465680706778,3,0.4121689535,0.0,2017-11-10T00:00:00,37,17996.78,39000.0,AprovadoAnalista,De 31 a 50 % - Médio,0.6428571428571428,0.3571428571428571,0.0,25000.0,,,,,,,,,,989289.0,0.0,12.0,0.0,2017.0,De 0 a 5 anos,30000.0,False,False,1.0,16200.0,2020-06-19T19:56:58
2701,2774,Nicholas Hartley,Ms. Jennifer Mann,YLUM86294929920917,15,0.2110700572,0.0,2018-01-31T00:00:00,0,0.0,10000.0,ReprovadoAnalista,De 31 a 50 % - Médio,0.5714285714285714,0.4285714285714285,0.866025403784439,,,,,,,,,,,297359.0,0.0,12.0,0.0,2011.0,De 6 a 10 anos,10000.0,False,False,1.0,1620.0,
2705,2778,Diane Kent,Miss Janice Wells,TWGV89699737341797,3,0.4697247613,0.0,2019-11-29T00:00:00,26,16155.36,100000.0,AprovadoAnalista,De 31 a 50 % - Médio,0.5357142857142857,0.4642857142857142,0.0,80000.0,,,,,,,,,,0.0,0.0,1.0,0.0,2017.0,De 0 a 5 anos,100000.0,False,True,1.0,52000.0,2020-06-22T17:49:51
2706,2779,Kathleen Jones,Toby Coleman,TWLY57287382223459,3,0.0,,2019-10-10T11:47:29,0,0.0,1500000.0,AprovadoComite,De 31 a 50 % - Médio,0.5357142857142857,0.4642857142857142,0.0,800000.0,2020-06-22T19:01:30,,,,,,,,,0.0,0.0,1.0,0.0,2019.0,De 0 a 5 anos,100000.0,False,True,0.0,68400.0,
2707,2780,Mr. Marcus Bryant,Charlie Knight,VZDY44728067308193,0,0.0040016431,0.0,2018-06-15T00:00:00,0,12560.0,100000.0,AprovadoAnalista,De 31 a 50 % - Médio,0.6428571428571428,0.3571428571428571,0.0,40000.0,,2019-12-31T03:00:00,1174614.0,1158708.0,1174614.0,15906.0,77432.0,862986.0,55216.0,6286650.0,906781.0,12.0,5379869.0,2018.0,De 0 a 5 anos,100000.0,False,True,1.0,7040.0,2020-06-22T17:51:31
2708,2781,Dr. Tracy Chandler,Dr. Sarah Turner,FFYN25302864354791,22,0.3526450637,0.0,2015-08-18T00:00:00,15,18185.3,130000.0,AprovadoAnalista,De 31 a 50 % - Médio,0.6071428571428571,0.3928571428571428,0.997894331866043,100000.0,,2019-01-01T02:00:00,0.0,0.0,0.0,0.0,0.0,0.0,0.0,9517270.0,0.0,12.0,0.0,2014.0,De 6 a 10 anos,180000.0,False,True,0.9761517295,53400.0,2020-06-22T17:52:51
2709,2782,Douglas Parker,Gillian Mason,BWJA72636159902734,9,0.4325313281,0.0,2016-10-07T00:00:00,0,0.0,70000.0,ReprovadoAnalista,De 31 a 50 % - Médio,0.6428571428571428,0.3571428571428571,0.866025403784439,,,2019-12-31T03:00:00,7159708.0,166406.0,7205370.0,6933726.0,4665.0,242843.0,603020.0,1469048.0,-598432.0,12.0,2067480.0,2009.0,De 11 a 16 anos,30000.0,True,False,1.0,36466.0,
2712,2785,Lee Bartlett-Fletcher,Tracey Owen,JPAL72760231225093,92,0.0,,2018-12-04T10:48:15,0,0.0,250000.0,AprovadoAnalista,De 31 a 50 % - Médio,0.6428571428571428,0.3571428571428571,0.866025403784439,150000.0,,2020-03-31T03:00:00,3244940.0,2268105.0,3244940.0,574823.0,1115326.0,2325691.0,699915.0,3539940.0,924343.0,3.0,2615597.0,2017.0,De 0 a 5 anos,100000.0,False,False,0.0,49477.0,2020-06-22T18:00:27
2728,2801,Mr. Ryan Smith,Dr. Damian Smith,AZMG85217167489377,0,0.2780047594,0.0,2018-11-21T00:00:00,0,0.0,25000.0,ReprovadoAnalista,De 31 a 50 % - Médio,0.5535714285714285,0.4464285714285714,0.0,,,,,,,,,,,301827.0,0.0,12.0,0.0,2018.0,De 0 a 5 anos,0.0,True,True,1.0,960.0,
2733,2806,Mr. Mohammed Hayward,Danny Miller,JASM14953492414629,20,0.3207537313,0.0,2017-10-27T00:00:00,19,2680.0,35000.0,AprovadoAnalista,De 31 a 50 % - Médio,0.6428571428571428,0.3571428571428571,0.548772770923828,20000.0,,2019-12-31T00:00:00,1007312.0,212785.0,1154730.0,941945.0,0.0,159887.0,521581.0,4788557.0,1915423.0,12.0,2873134.0,2015.0,De 0 a 5 anos,100000.0,False,False,0.9433600003,5400.0,2020-06-23T16:12:38
2734,2807,Dr. Dorothy Ball,Dr. Hugh Begum,FNBQ99042027606413,5,0.2104147059,0.0,2017-02-20T00:00:00,0,0.0,50000.0,AprovadoAnalista,De 31 a 50 % - Médio,0.6785714285714285,0.3214285714285714,-0.866025403784439,50000.0,,2019-12-31T00:00:00,1138551.0,709633.0,1229847.0,520214.0,520760.0,598456.0,357923.0,2833660.0,1627675.0,12.0,1205985.0,2016.0,De 0 a 5 anos,200000.0,False,True,0.8905809645,186938.0,2020-06-23T16:13:28
2735,2808,Mr. Darren Grant,Sheila Jones-Blake,CXIG28465604067668,18,0.0,,2019-12-27T13:35:50,0,0.0,30000.0,AprovadoAnalista,De 31 a 50 % - Médio,0.5357142857142857,0.4642857142857142,0.0,10000.0,,,,,,,,,,1200000.0,0.0,12.0,0.0,2017.0,De 0 a 5 anos,15000.0,False,True,0.0,10800.0,2020-06-23T16:15:03
2738,2811,Rachael Lawrence,Dr. Jeremy Cooke,GYER71615106455051,31,0.0,,2017-09-22T10:02:08,0,0.0,40000.0,AprovadoAnalista,De 31 a 50 % - Médio,0.5357142857142857,0.4642857142857142,0.607017427524772,20000.0,,,,,,,,,,6533829.0,0.0,12.0,0.0,2017.0,De 0 a 5 anos,100000.0,False,True,0.0,15200.0,2020-06-23T17:45:13
2743,2816,Dr. Tracy Chandler,Dr. Sarah Turner,FFYN25302864354791,22,0.3526450637,0.0,2015-08-18T00:00:00,15,18185.3,125000.0,AprovadoAnalista,De 31 a 50 % - Médio,0.6071428571428571,0.3928571428571428,0.997894331866043,125000.0,,2019-01-01T02:00:00,0.0,0.0,0.0,0.0,0.0,0.0,0.0,9517270.0,0.0,12.0,0.0,2014.0,De 6 a 10 anos,180000.0,False,True,0.9761517295,53400.0,2020-06-23T20:32:57
2744,2817,Lydia Davies-Rhodes,Jayne Bentley,HVIV47783975907721,3,0.2571144261,0.0,2019-08-07T00:00:00,0,0.0,20000.0,AprovadoAnalista,De 31 a 50 % - Médio,0.625,0.375,0.0,15000.0,,,,,,,,,,983124.0,0.0,12.0,0.0,2017.0,De 0 a 5 anos,40000.0,False,False,1.0,21600.0,2020-06-23T19:57:34
2747,2820,Russell Ball,Katy Reynolds,BZGX33812646651601,0,0.4310526723,0.0,2020-04-03T00:00:00,0,0.0,5000.0,AprovadoAnalista,De 31 a 50 % - Médio,0.5357142857142857,0.4642857142857142,0.0,5000.0,,,,,,,,,,0.0,0.0,1.0,0.0,2016.0,De 0 a 5 anos,90000.0,False,True,1.0,26400.0,2020-06-23T20:02:54
2748,2821,Carolyn Taylor,Katy Carter-Benson,UDSU64936459507935,0,0.2817467795,0.0,2020-02-19T00:00:00,0,0.0,80000.0,AprovadoAnalista,De 31 a 50 % - Médio,0.6428571428571428,0.3571428571428571,0.0,40000.0,,2019-12-31T03:00:00,1281008.0,1162583.0,1372485.0,18377.0,100000.0,296487.0,749917.0,5345726.0,1341423.0,12.0,4004303.0,2017.0,De 0 a 5 anos,10000.0,False,True,1.0,1760.0,2020-06-23T20:04:10
2749,2822,Timothy Miah,Debra Jarvis,BIJV66580991393702,14,0.3798753393,0.0,2016-01-28T00:00:00,0,0.0,20000.0,AprovadoAnalista,De 31 a 50 % - Médio,0.5892857142857142,0.4107142857142857,0.866025403784439,20000.0,,,,,,,,,,189586.0,0.0,2.0,0.0,2008.0,De 11 a 16 anos,78800.0,False,True,1.0,4320.0,2020-06-23T20:09:54
2752,2825,Gordon Sinclair,Alan Foster,BEXC09215395787859,6,0.0,,2018-07-30T16:47:41,0,0.0,18000.0,AprovadoAnalista,De 31 a 50 % - Médio,0.6071428571428571,0.3928571428571428,0.866025403784439,13000.0,,,,,,,,,,712945.0,0.0,12.0,0.0,2016.0,De 0 a 5 anos,10000.0,False,False,0.0,5760.0,2020-06-23T20:38:26
2754,2827,Gordon Sinclair,Alan Foster,BEXC09215395787859,6,0.0,,2018-07-30T16:47:41,0,0.0,18000.0,AprovadoAnalista,De 31 a 50 % - Médio,0.6071428571428571,0.3928571428571428,0.866025403784439,18000.0,,,,,,,,,,712945.0,0.0,12.0,0.0,2016.0,De 0 a 5 anos,10000.0,False,False,0.0,5760.0,2020-06-24T15:47:51
2758,2831,Bethany Fowler-Jenkins,Ms. Leanne Harrison,GIIY27130050665364,0,0.4144889609,0.0,2019-11-08T00:00:00,0,0.0,10000.0,AprovadoAnalista,De 31 a 50 % - Médio,0.5357142857142857,0.4642857142857142,0.0,8000.0,,,,,,,,,,805250.0,0.0,8.0,0.0,2019.0,De 0 a 5 anos,100000.0,False,True,1.0,3700.0,2020-06-24T15:50:56
2781,2854,Malcolm Rahman,Margaret Jones,JMSC79005406105837,29,0.3969189612,0.0,2019-03-19T00:00:00,0,28978.33,40000.0,AprovadoAnalista,De 31 a 50 % - Médio,0.6428571428571428,0.3571428571428571,0.866025403784439,35000.0,,2019-12-31T00:00:00,4812808.0,3497282.0,4881441.0,1384159.0,432117.0,1483296.0,3158029.0,15541875.0,4882386.0,12.0,10659489.0,2016.0,De 0 a 5 anos,100000.0,False,False,1.0,111408.0,2020-06-25T12:56:11
2783,2856,Mr. Danny Davies,Gerard Marshall-Clarke,VPSW77029129679550,35,0.3104742762,0.0,2017-09-06T00:00:00,25,46949.3,300000.0,AprovadoAnalista,De 31 a 50 % - Médio,0.5714285714285714,0.4285714285714285,-0.986054828823334,200000.0,,2019-06-30T03:00:00,436463830.0,463089426.0,732841447.0,-112089780.0,123119589.0,128135703.0,153339372.0,282662079.0,76580978.0,6.0,206081101.0,1996.0,Acima de 17 anos,96791092.0,False,False,0.7694721926,0.0,2020-06-25T17:26:30
2787,2860,Sheila Holmes-Williams,Iain Brown-Taylor,YJKL12567970829015,62,0.0,,2011-07-28T10:45:04,0,0.0,100000.0,AprovadoAnalista,De 31 a 50 % - Médio,0.6071428571428571,0.3928571428571428,-0.875954892594492,70000.0,,2019-12-31T03:00:00,1007659.0,386767.0,1198807.0,253649.0,62910.0,752062.0,67800.0,4217666.0,1899182.0,12.0,2318484.0,2009.0,De 11 a 16 anos,100000.0,False,True,0.0,43000.0,2020-06-25T14:12:23
2788,2861,Dr. Hayley Freeman,Mr. Garry Green,XCGV50737515493791,224,0.3144315725,0.0,2014-02-26T00:00:00,26,31523.31,40000.0,AprovadoAnalista,De 31 a 50 % - Médio,0.5892857142857142,0.4107142857142857,0.980388761939606,40000.0,,,,,,,,,,2064710.0,0.0,12.0,0.0,2013.0,De 6 a 10 anos,95400.0,False,True,1.0,29899.0,2020-06-25T18:25:22
2790,2863,Mr. Kevin Clark,Mr. Brandon Davies,GSHZ23277827583812,6,0.4315224568,0.0,2017-01-19T00:00:00,42,41017.32,120000.0,AprovadoAnalista,De 31 a 50 % - Médio,0.5535714285714285,0.4464285714285714,-0.109207810966819,120000.0,,2020-03-30T06:00:00,1755916.0,1506236.0,1843983.0,-37573.0,311000.0,847958.0,685781.0,1792089.0,717666.0,3.0,1074423.0,2016.0,De 0 a 5 anos,850000.0,False,False,0.8210720736,72600.0,2020-06-25T18:59:11
2791,2864,Anthony Moore-Jones,Terence Dean-Thompson,XLNC07002754445884,4,0.3145752451,0.0,2019-03-08T00:00:00,0,0.0,200000.0,AprovadoAnalista,De 31 a 50 % - Médio,0.625,0.375,0.866025403784439,120000.0,,2019-12-31T03:00:00,6668591.0,7700934.0,7580135.0,-120799.0,1106681.0,4105197.0,490000.0,0.0,0.0,1.0,0.0,1990.0,Acima de 17 anos,530000.0,False,False,1.0,3101924.0,2020-06-25T17:39:57
2794,2867,Catherine Marshall-Thompson,Maria Dyer,JKAF93512474786620,5,0.5440276558,0.0,2018-07-26T00:00:00,8,4800.0,35000.0,AprovadoAnalista,De 31 a 50 % - Médio,0.5357142857142857,0.4642857142857142,0.0,35000.0,,,,,,,,,,1714093.0,0.0,12.0,0.0,2018.0,De 0 a 5 anos,30000.0,False,True,1.0,3200.0,2020-06-25T18:06:01
2795,2868,Kathleen Jones,Toby Coleman,TWLY57287382223459,3,0.0,,2019-10-10T11:47:29,0,0.0,1300000.0,AprovadoAnalista,De 31 a 50 % - Médio,0.5357142857142857,0.4642857142857142,0.0,1000000.0,,,,,,,,,,0.0,0.0,1.0,0.0,2019.0,De 0 a 5 anos,100000.0,False,True,0.0,68400.0,2020-06-29T14:36:26
2797,2870,Charles Brown,Christian Adams,SVFD06822523353016,10,0.2810686763,0.0,2019-08-20T00:00:00,0,0.0,10000.0,AprovadoAnalista,De 31 a 50 % - Médio,0.6428571428571428,0.3571428571428571,0.866025403784438,10000.0,,2019-12-31T00:00:00,381245.0,87030.0,387336.0,300306.0,15739.0,0.0,44651.0,336832.0,304453.0,12.0,32379.0,2014.0,De 6 a 10 anos,100000.0,False,True,1.0,36321.0,2020-06-25T18:07:02
2804,2877,Norman Burke,Ms. Heather Jones,KGPX68218681442386,3,0.3302411765,0.0,2017-09-26T00:00:00,122,9800.0,50000.0,AprovadoAnalista,De 31 a 50 % - Médio,0.625,0.375,-0.866025403784439,15000.0,,,,,,,,,,318821.0,0.0,6.0,0.0,2017.0,De 0 a 5 anos,100000.0,False,False,0.89980438,54000.0,2020-06-26T14:35:10
2808,2881,Miss Carole Griffiths,Vincent Wright,HTWZ77725360027310,0,0.365980795,0.0,2019-10-15T00:00:00,0,0.0,20000.0,AprovadoAnalista,De 31 a 50 % - Médio,0.5357142857142857,0.4642857142857142,0.0,15000.0,,,,,,,,,,76200.0,0.0,12.0,0.0,2016.0,De 0 a 5 anos,30000.0,False,True,1.0,5600.0,2020-06-26T15:07:55
2817,2890,Robert Dennis-Hammond,Sam Green,PPAJ29511968361175,0,0.395084798,0.0,2019-06-11T00:00:00,0,0.0,15000.0,AprovadoAnalista,De 31 a 50 % - Médio,0.5892857142857142,0.4107142857142857,0.0,10000.0,,2019-12-31T00:00:00,381245.0,87030.0,387336.0,300306.0,46634.0,0.0,44651.0,336832.0,304453.0,12.0,32379.0,2015.0,De 0 a 5 anos,80000.0,False,True,1.0,1920.0,2020-06-26T17:21:49
2819,2892,Suzanne Smith,Marian Day,AVAO63044598911311,14,0.5650457739,0.0,2019-12-17T00:00:00,42,118195.87,90000.0,AprovadoAnalista,De 31 a 50 % - Médio,0.6428571428571428,0.3571428571428571,0.0,70000.0,,2019-12-31T03:00:00,40147679.0,40222591.0,56028277.0,15136282.0,15750000.0,14799137.0,23664583.0,119119198.0,31888914.0,12.0,87230284.0,2004.0,De 11 a 16 anos,3000000.0,False,True,1.0,6480000.0,2020-06-26T17:50:48
2821,2894,Mrs. Caroline Wilson,Danielle Jones-Wilkins,PHHU98477786513545,3,0.4534606424,0.0,2013-03-22T00:00:00,37,6877.68,20000.0,AprovadoAnalista,De 31 a 50 % - Médio,0.6428571428571428,0.3571428571428571,0.0,20000.0,,,,,,,,,,0.0,0.0,1.0,0.0,2006.0,De 11 a 16 anos,10000.0,False,True,1.0,86000.0,2020-06-26T17:24:27
2828,2901,Joe Morris,Rachael Daniels,AYCN45180266672811,0,0.0,,2017-07-05T11:36:07,0,0.0,50000.0,AprovadoAnalista,De 31 a 50 % - Médio,0.6428571428571428,0.3571428571428571,0.0,50000.0,,,,,,,,,,0.0,0.0,1.0,0.0,1982.0,Acima de 17 anos,1000000.0,False,True,0.0,1651846.0,2020-06-26T18:22:16
2831,2904,Dr. Donald Brookes,Ms. Sian Moore,AMPF64772156205517,51,0.5226922849,0.0,2015-08-12T00:00:00,0,0.0,300000.0,ReprovadoComite,De 31 a 50 % - Médio,0.6071428571428571,0.3928571428571428,0.98639134370885,,,2019-12-31T03:00:00,2298964.0,1728261.0,2384534.0,-357531.0,16439.0,1722522.0,1739823.0,15197301.0,5768722.0,12.0,9428579.0,2012.0,De 6 a 10 anos,400000.0,False,True,0.4577785688,138000.0,
2840,2913,Carole Cox-Ellis,Dr. Judith Woods,CXLA78251686071546,7,0.2228348149,0.0,2019-07-02T00:00:00,0,0.0,20000.0,ReprovadoAnalista,De 31 a 50 % - Médio,0.5357142857142857,0.4642857142857142,0.0,,,2020-05-30T00:00:00,0.0,0.0,0.0,0.0,0.0,0.0,0.0,229996.0,0.0,5.0,0.0,2018.0,De 0 a 5 anos,0.0,False,False,1.0,0.0,
2846,2919,Ross Gregory-Bennett,Stephen Kelly,YISC92418507027320,18,0.4387038232,0.0,2013-11-04T00:00:00,0,0.0,20000.0,AprovadoAnalista,De 31 a 50 % - Médio,0.6607142857142857,0.3392857142857142,-0.148979155007515,10000.0,,,,,,,,,,1242126.0,0.0,12.0,0.0,2012.0,De 6 a 10 anos,100000.0,False,False,0.7372053906,43000.0,2020-06-29T15:11:22
2849,2922,Claire Murphy,Martin Price,EMNQ02028964168567,3,0.4477745004,0.0,2018-07-23T00:00:00,0,0.0,10000.0,AprovadoAnalista,De 31 a 50 % - Médio,0.6607142857142857,0.3392857142857142,0.0,10000.0,,2019-12-31T00:00:00,0.0,0.0,0.0,0.0,0.0,0.0,0.0,1180843.0,0.0,12.0,0.0,2017.0,De 0 a 5 anos,84500.0,False,False,1.0,2022.0,2020-06-29T20:24:35
2851,2924,Hazel Ross,Chelsea Singh,CASL82587952232562,16,0.4701973788,0.0,2019-12-27T00:00:00,25,985.0,15000.0,AprovadoAnalista,De 31 a 50 % - Médio,0.6428571428571428,0.3571428571428571,0.0,10000.0,,,,,,,,,,1126985.0,0.0,12.0,0.0,2018.0,De 0 a 5 anos,99800.0,False,False,1.0,6600.0,2020-06-29T18:54:15
2853,2926,Leigh Holloway,Kathleen Wallis,TSGC04752344347638,4,0.3626027927,0.0,2014-09-02T00:00:00,0,14616.0,50000.0,AprovadoAnalista,De 31 a 50 % - Médio,0.6428571428571428,0.3571428571428571,0.0,40000.0,,,,,,,,,,0.0,0.0,1.0,0.0,2011.0,De 6 a 10 anos,1000.0,False,True,1.0,9720.0,2020-06-29T20:21:45
2854,2927,Henry Freeman-Collins,Kyle Dixon,LBMG37584446113375,42,0.4802572479,0.0,2017-11-10T00:00:00,0,0.0,20000.0,ReprovadoAnalista,De 31 a 50 % - Médio,0.5535714285714285,0.4464285714285714,0.831288683172233,,,,,,,,,,,5445000.0,0.0,12.0,0.0,2013.0,De 6 a 10 anos,100000.0,True,True,1.0,0.0,
2862,2935,Andrea Thomas,Elizabeth Harrison-Davis,HLSB25210925374623,6,0.3537732052,0.0,2017-06-14T00:00:00,68,31876.9,40000.0,AprovadoAnalista,De 31 a 50 % - Médio,0.6428571428571428,0.3571428571428571,0.919369691923421,40000.0,,,,,,,,,,2774207.0,0.0,9.0,0.0,2006.0,De 11 a 16 anos,133000.0,False,True,1.0,50600.0,2020-06-29T20:42:52
2863,2936,Fiona Newton-Williams,Bruce Newman,LEQG66380970401416,26,0.5563488084,0.0,2016-02-16T00:00:00,0,0.0,40500.0,AprovadoAnalista,De 31 a 50 % - Médio,0.6428571428571428,0.3571428571428571,-0.866025403784438,10000.0,,2019-12-31T00:00:00,278770.0,30776.0,279622.0,153735.0,95111.0,2701.0,259645.0,247238.0,83912.0,12.0,163326.0,2016.0,De 0 a 5 anos,80000.0,False,False,0.6126549849,44000.0,2020-06-29T21:15:45
2866,2939,Damien Roberts,James Watts,PVJF40586196139240,15,0.2505158592,0.0,2008-03-03T00:00:00,0,0.0,20000.0,AprovadoAnalista,De 31 a 50 % - Médio,0.6785714285714285,0.3214285714285714,-0.866025403784439,20000.0,,,,,,,,,,2629444.0,0.0,12.0,0.0,1991.0,Acima de 17 anos,99000.0,False,True,0.8974315348,108900.0,2020-06-29T21:18:50
2867,2940,Dr. Harry Hill,Dr. Joshua Riley,NNMU56282801577932,10,0.6881583596,0.0,2013-01-22T00:00:00,88,7386.67,15000.0,AprovadoAnalista,De 31 a 50 % - Médio,0.6785714285714285,0.3214285714285714,-0.392923593269639,10000.0,,,,,,,,,,2748139.0,0.0,12.0,0.0,2006.0,De 11 a 16 anos,10000.0,True,False,0.8979285103,0.0,2020-06-30T12:56:41
2869,2942,Sian Kirby,Mr. Joseph Robinson,ASNJ40351175180476,236,0.5898276906,0.0,2016-05-24T00:00:00,0,0.0,30000.0,AprovadoAnalista,De 31 a 50 % - Médio,0.5892857142857142,0.4107142857142857,-0.866025403784439,30000.0,,,,,,,,,,0.0,0.0,1.0,0.0,2013.0,De 6 a 10 anos,100000.0,False,True,0.1949445308,16280.0,2020-06-30T13:16:41
2878,2951,Shaun Barlow-Owen,Dr. Peter Bryan,NTPP27145676483888,2,0.1719910304,0.0,2019-07-29T00:00:00,60,57600.0,40000.0,AprovadoAnalista,De 31 a 50 % - Médio,0.6428571428571428,0.3571428571428571,0.0,40000.0,,,,,,,,,,1806612.0,0.0,6.0,0.0,2017.0,De 0 a 5 anos,350000.0,False,True,1.0,46200.0,2020-06-30T15:02:04
2882,2955,Patricia Williams-Hutchinson,Jeremy Davies,MJWZ67281637773843,3,0.6194585212,0.0,2018-09-14T00:00:00,0,0.0,15000.0,AprovadoAnalista,De 31 a 50 % - Médio,0.625,0.375,0.0,10000.0,,,,,,,,,,693182.0,0.0,12.0,0.0,2013.0,De 6 a 10 anos,10000.0,False,True,1.0,9200.0,2020-06-30T18:51:12
2892,2965,Ms. Nicole Webb,Jay Russell,RNVV51983315806829,62,0.6189278945,0.0,2017-11-30T00:00:00,80,34503.01,25000.0,ReprovadoAnalista,De 31 a 50 % - Médio,0.6428571428571428,0.3571428571428571,0.991428482966664,,,2019-12-31T00:00:00,6984429.0,715860.0,6984088.0,6268227.0,0.0,0.0,2246701.0,2513236.0,2305957.0,12.0,207279.0,2012.0,De 6 a 10 anos,300000.0,False,True,0.8464687728,720.0,
2898,2971,Ricky Rose,Dr. Anthony Price,DFYQ41151732049496,3,0.0,,2016-01-29T11:24:54,0,0.0,40000.0,AprovadoAnalista,De 31 a 50 % - Médio,0.6428571428571428,0.3571428571428571,0.0,50000.0,,,,,,,,,,6561954.0,0.0,12.0,0.0,2009.0,De 11 a 16 anos,93700.0,True,True,0.0,6480.0,2020-06-30T21:16:59
2899,2972,Shaun Marsh,Dr. Jeffrey Griffiths,HTIH33348041670671,128,0.3418213318,0.0,2014-12-16T00:00:00,0,0.0,50000.0,AprovadoAnalista,De 31 a 50 % - Médio,0.6785714285714285,0.3214285714285714,-0.31223186753051,50000.0,,2019-12-31T00:00:00,38882371.0,31588010.0,43489332.0,938288.0,0.0,12628037.0,7014306.0,27495371.0,12613676.0,12.0,14881695.0,2005.0,De 11 a 16 anos,580000.0,False,True,0.9290382688,1027168.0,2020-06-30T21:18:09
2904,2977,Ms. Bethan Evans,Mr. Josh Sharp,FWPY81952620804455,20,0.2727318402,0.0,2017-01-27T00:00:00,0,0.0,70000.0,AprovadoAnalista,De 31 a 50 % - Médio,0.6428571428571428,0.3571428571428571,0.38535904012543,25000.0,,2019-12-31T03:00:00,0.0,0.0,0.0,0.0,0.0,0.0,0.0,3391701.0,0.0,12.0,0.0,2013.0,De 6 a 10 anos,300000.0,False,True,1.0,45600.0,2020-07-01T13:47:00
2905,2978,Victoria Smith,Ms. Jemma Roberts,XVTC97650951609322,26,0.4689179917,0.0,2020-05-25T00:00:00,19,340109.96,250000.0,AprovadoAnalista,De 31 a 50 % - Médio,0.5357142857142857,0.4642857142857142,0.0,130000.0,,,,,,,,,,0.0,0.0,1.0,0.0,2015.0,De 0 a 5 anos,80000.0,False,True,1.0,62100.0,2020-07-02T12:50:39
2909,2982,Terence Bolton,Brian Lyons,NCZS95684097595062,6,0.4539601499,0.0,2017-07-21T00:00:00,0,0.0,48000.0,AprovadoAnalista,De 31 a 50 % - Médio,0.5357142857142857,0.4642857142857142,0.0,20000.0,,,,,,,,,,118950.0,0.0,9.0,0.0,2016.0,De 0 a 5 anos,88000.0,False,True,1.0,7920.0,2020-07-01T16:58:15
2913,2986,Mrs. Marie Johnson,Paige Robinson,TWVS80124185062448,6,0.0,,2019-09-12T16:01:36,0,0.0,10000.0,AprovadoAnalista,De 31 a 50 % - Médio,0.5178571428571428,0.4821428571428571,0.0,5000.0,,,,,,,,,,1060364.0,0.0,12.0,0.0,2013.0,De 6 a 10 anos,100000.0,False,True,0.0,8800.0,2020-07-01T17:47:57
2914,2987,Fiona Weston,Aimee Marshall,LIYU34722071053277,11,0.5357123203,0.0,2018-06-26T00:00:00,0,0.0,30000.0,ReprovadoAnalista,De 31 a 50 % - Médio,0.625,0.375,0.0,,,2019-12-31T00:00:00,57589.0,31990.0,201234.0,149394.0,28586.0,0.0,0.0,296355.0,269032.0,12.0,27323.0,2013.0,De 6 a 10 anos,100000.0,False,False,1.0,7400.0,
2917,2990,Jacob Stevens,Dr. Sally Armstrong,BCZF53441107186270,3,0.3931472245,0.0,2019-02-19T00:00:00,0,0.0,50000.0,AprovadoAnalista,De 31 a 50 % - Médio,0.625,0.375,0.0,50000.0,,,,,,,,,,5984420.0,0.0,12.0,0.0,2016.0,De 0 a 5 anos,100000.0,False,True,1.0,125000.0,2020-07-01T20:15:57
2921,2994,Judith Clarke-Harris,Dr. Josephine Scott,LLKO99491789344860,17,0.6744900561,0.0,2016-02-25T00:00:00,0,0.0,15000.0,AprovadoAnalista,De 31 a 50 % - Médio,0.6785714285714285,0.3214285714285714,0.0,15000.0,,,,,,,,,,8587972.0,0.0,12.0,0.0,2010.0,De 6 a 10 anos,93700.0,False,True,1.0,237964.0,2020-07-02T14:36:33
2923,2996,Dr. Katy Campbell,Charles Harvey,EPTF32156145712225,0,0.4420691703,0.0,2020-04-07T00:00:00,0,3302.2,15000.0,AprovadoAnalista,De 31 a 50 % - Médio,0.6071428571428571,0.3928571428571428,0.0,15000.0,,2019-06-30T00:00:00,629507.0,75703.0,636584.0,-31539.0,0.0,480755.0,0.0,3021000.0,0.0,6.0,0.0,2017.0,De 0 a 5 anos,88000.0,False,True,1.0,48600.0,2020-07-02T14:52:51
2924,2997,Lisa Murphy,Mrs. Anne Morris,TPTS90307594270868,17,0.5170335648,0.0,2010-01-07T00:00:00,32,17280.0,20000.0,AprovadoAnalista,De 31 a 50 % - Médio,0.5,0.4999999999999999,0.866025403784439,10000.0,,2018-12-31T00:00:00,0.0,0.0,0.0,0.0,0.0,0.0,0.0,1272706.0,1272706.0,12.0,0.0,2000.0,Acima de 17 anos,75000.0,False,True,1.0,720.0,2020-07-02T14:58:26
2926,2999,Joyce Ward,Mark Martin,GRTO26476605372312,2,0.2606411612,0.0,2019-03-20T00:00:00,126,158627.16,20000.0,AprovadoAnalista,De 31 a 50 % - Médio,0.6785714285714285,0.3214285714285714,0.0,20000.0,,2019-12-31T00:00:00,2064090.0,3903043.0,2539062.0,-1363981.0,0.0,741680.0,545225.0,0.0,0.0,1.0,0.0,2013.0,De 6 a 10 anos,0.0,False,False,1.0,180000.0,2020-07-02T15:03:58
2928,3001,Martyn Brown-Jackson,Miss Frances Bull,EHDJ94994204173246,779,0.3460075111,0.0,2009-08-14T00:00:00,0,0.0,130000.0,AprovadoAnalista,De 31 a 50 % - Médio,0.6785714285714285,0.3214285714285714,-0.645773136509262,40000.0,,2019-12-31T03:00:00,0.0,0.0,0.0,0.0,0.0,0.0,0.0,16894288.0,0.0,12.0,0.0,2006.0,De 11 a 16 anos,400000.0,False,False,0.9388661319,71200.0,2020-07-02T15:19:45
2931,3004,Kayleigh Saunders,Josephine Webb,AXWP77730743321841,18,0.3756458677,0.0,2009-12-15T00:00:00,0,0.0,45000.0,AprovadoAnalista,De 31 a 50 % - Médio,0.5714285714285714,0.4285714285714285,-0.866025403784439,35000.0,,,,,,,,,,1258768.0,0.0,12.0,0.0,2001.0,Acima de 17 anos,80000.0,False,True,1.0,11880.0,2020-07-02T16:09:05
2933,3006,Amelia Thomas,Eleanor Wilson,OYJB24693224986182,41,0.341106362,0.0,2012-05-09T00:00:00,0,2760.0,60000.0,AprovadoAnalista,De 31 a 50 % - Médio,0.6071428571428571,0.3928571428571428,0.718537400918295,40000.0,,2019-12-31T03:00:00,20396883.0,17699263.0,47995012.0,-19514982.0,32099000.0,9550450.0,6450155.0,43509979.0,18213246.0,12.0,25296733.0,1990.0,Acima de 17 anos,600000.0,False,False,0.9700428259,320400.0,2020-07-02T18:40:56
2940,3013,Guy Thomas,Donna Wood,DKQG03119805771810,4,0.4468061529,0.0,2019-06-19T00:00:00,32,4130.81,10000.0,AprovadoAnalista,De 31 a 50 % - Médio,0.5535714285714285,0.4464285714285714,0.0,10000.0,,,,,,,,,,62186614.0,20104951.0,12.0,42081663.0,2015.0,De 0 a 5 anos,420000.0,True,False,1.0,2327613.0,2020-07-03T12:03:56
2941,3014,Simon Hall-Anderson,Jean Garner,GRNO28010711929674,0,0.3313376349,0.0,2017-10-10T00:00:00,0,0.0,20000.0,AprovadoAnalista,De 31 a 50 % - Médio,0.6785714285714285,0.3214285714285714,0.0,15000.0,,2019-12-31T00:00:00,133496.0,38259.0,202673.0,164413.0,0.0,5856.0,90655.0,1043423.0,371939.0,12.0,671484.0,2017.0,De 0 a 5 anos,80000.0,False,True,1.0,7360.0,2020-07-03T12:06:39
2947,3020,Mr. Jordan Stevens,Miss Ellie Kelly,UCBM91111020900951,23,0.3297961267,0.0,2016-08-03T00:00:00,0,0.0,150000.0,AprovadoComite,De 31 a 50 % - Médio,0.5535714285714285,0.4464285714285714,-0.927590165600965,150000.0,2020-07-03T19:54:44,2019-12-31T03:00:00,7346700.0,5304185.0,8945697.0,1678506.0,1963005.0,4278294.0,2690647.0,20052539.0,3766634.0,12.0,16285905.0,2014.0,De 6 a 10 anos,1500000.0,True,True,0.9588687939,587379.0,
2950,3023,Bernard Bradshaw,Dr. Jeffrey Giles,YALU84296861519346,41,0.531556155,0.0,2016-02-26T00:00:00,0,0.0,50000.0,AprovadoAnalista,De 31 a 50 % - Médio,0.6607142857142857,0.3392857142857142,-0.929425950564417,30000.0,,,,,,,,,,3108957.0,0.0,6.0,0.0,2012.0,De 6 a 10 anos,20000.0,False,False,0.8856161763,12800.0,2020-07-03T14:15:58
2961,3034,Jacob Davies,Jeffrey Knight,DDKM09644704282712,0,0.4251900346,0.0,2019-01-29T00:00:00,0,0.0,45000.0,AprovadoAnalista,De 31 a 50 % - Médio,0.5357142857142857,0.4642857142857142,0.0,20000.0,,,,,,,,,,0.0,0.0,1.0,0.0,2018.0,De 0 a 5 anos,800000.0,False,True,1.0,114000.0,2020-07-03T19:58:53
2962,3035,Natalie Allen-Davies,Brandon Davies,BUNK47917149545751,19,0.3628337579,0.0,2017-09-25T00:00:00,82,13646.0,12000.0,AprovadoAnalista,De 31 a 50 % - Médio,0.6071428571428571,0.3928571428571428,0.999808283449608,12000.0,,2019-12-31T00:00:00,0.0,0.0,0.0,0.0,0.0,0.0,0.0,2638700.0,0.0,11.0,0.0,2000.0,Acima de 17 anos,100000.0,False,True,1.0,13200.0,2020-07-03T20:02:42
2964,3037,Mr. Brett Davies,Mr. Brian James,FEFJ71470655671577,3,0.3087965651,0.0,2019-08-05T00:00:00,0,0.0,72000.0,AprovadoAnalista,De 31 a 50 % - Médio,0.5357142857142857,0.4642857142857142,0.0,20000.0,,2019-12-31T03:00:00,1003550.0,839850.0,1074895.0,167556.0,551053.0,248549.0,657713.0,852803.0,292771.0,12.0,560032.0,2018.0,De 0 a 5 anos,96000.0,False,True,1.0,2508.0,2020-07-06T16:13:30
2972,3045,Georgina Thompson,Dr. Henry Smart,MMEM21286090279300,5,0.0,,2019-09-12T13:49:13,0,0.0,20000.0,AprovadoAnalista,De 31 a 50 % - Médio,0.625,0.375,0.0,15000.0,,,,,,,,,,753741.0,0.0,12.0,0.0,2017.0,De 0 a 5 anos,200000.0,False,False,0.0,9504.0,2020-07-06T18:46:27
2973,3046,Damien Hart,Josh Bryan-Wilson,VIJS49154641676716,4,0.0,,2018-02-28T16:18:18,0,0.0,50000.0,AprovadoAnalista,De 31 a 50 % - Médio,0.6428571428571428,0.3571428571428571,0.0,30000.0,,,,,,,,,,1110498.0,0.0,12.0,0.0,2018.0,De 0 a 5 anos,50000.0,False,False,0.0,7360.0,2020-07-06T18:47:24
2976,3049,Mr. Brett Davies,Mr. Brian James,FEFJ71470655671577,3,0.3087965651,0.0,2019-08-05T00:00:00,0,0.0,50000.0,AprovadoComite,De 31 a 50 % - Médio,0.5892857142857142,0.4107142857142857,0.0,50000.0,2020-07-06T18:16:05,2019-12-31T03:00:00,1003550.0,839850.0,1074895.0,167556.0,551053.0,248549.0,657713.0,852803.0,292771.0,12.0,560032.0,2018.0,De 0 a 5 anos,96000.0,False,True,1.0,2508.0,
2978,3051,Dr. Craig Ward,Elliott Morris,DRRD47656732254599,7,0.5596954651,0.0,2012-10-04T00:00:00,0,0.0,30000.0,AprovadoAnalista,De 31 a 50 % - Médio,0.5535714285714285,0.4464285714285714,0.0,20000.0,,2019-12-31T00:00:00,3663292.0,2525785.0,3911571.0,-396013.0,215000.0,848539.0,502925.0,5297611.0,2272506.0,12.0,3025105.0,1999.0,Acima de 17 anos,100000.0,False,True,1.0,394258.0,2020-07-06T20:04:07
2980,3053,Francesca McKenzie-Collins,Nathan Jones,GZCK88227659465876,27,0.0,,2018-08-14T17:49:56,0,0.0,20000.0,AprovadoAnalista,De 31 a 50 % - Médio,0.5535714285714285,0.4464285714285714,0.866025403784439,5000.0,,2019-12-31T00:00:00,241533.0,38120.0,241533.0,203412.0,0.0,16048.0,189241.0,496968.0,243515.0,12.0,253453.0,2018.0,De 0 a 5 anos,20000.0,False,False,0.0,1480.0,2020-07-06T20:06:52
2983,3056,Alex Riley-Wood,Miss Shirley Noble,NFTJ24029491710055,159,0.2291906595,0.0,2009-04-28T00:00:00,0,0.0,50000.0,AprovadoAnalista,De 31 a 50 % - Médio,0.625,0.375,0.289951135172381,15000.0,,2019-12-31T00:00:00,0.0,0.0,0.0,0.0,0.0,0.0,0.0,1798918.0,0.0,12.0,0.0,2008.0,De 11 a 16 anos,100000.0,False,True,0.501050022,39600.0,2020-07-07T16:40:30
2988,3061,Bernard Bradshaw,Dr. Jeffrey Giles,YALU84296861519346,41,0.531556155,0.0,2016-02-26T00:00:00,0,0.0,50000.0,AprovadoAnalista,De 31 a 50 % - Médio,0.6607142857142857,0.3392857142857142,-0.929425950564417,50000.0,,,,,,,,,,3108957.0,0.0,6.0,0.0,2012.0,De 6 a 10 anos,20000.0,False,False,0.8856161763,12800.0,2020-07-06T20:42:32
2989,3062,Amelia Reid,Mrs. Geraldine Gray,PXNS26198304149891,21,0.3955521614,0.0,2011-06-27T00:00:00,70,54935.49,50000.0,AprovadoAnalista,De 31 a 50 % - Médio,0.6607142857142857,0.3392857142857142,0.866025403784439,50000.0,,,,,,,,,,61149400.0,0.0,12.0,0.0,2005.0,De 11 a 16 anos,50000.0,False,False,1.0,480600.0,2020-07-06T21:00:49
2995,3068,Barbara Mitchell,Andrea Butler,CUAJ96526112324372,6,0.4632769629,0.0,2017-06-21T00:00:00,0,0.0,15000.0,AprovadoAnalista,De 31 a 50 % - Médio,0.5892857142857142,0.4107142857142857,0.9751145556012,10000.0,,2019-12-31T00:00:00,23972.0,28183.0,30263.0,-6213.0,11228.0,13016.0,5342.0,65551.0,26227.0,12.0,39324.0,2000.0,Acima de 17 anos,6000.0,False,False,1.0,910430.0,2020-07-07T16:44:38
2996,3069,Dr. Douglas Vaughan,Mr. Jason Harding,ACIN83899744948830,2,0.546338481,0.0,2018-02-16T00:00:00,121,4940.62,20000.0,AprovadoAnalista,De 31 a 50 % - Médio,0.6428571428571428,0.3571428571428571,0.0,20000.0,,,,,,,,,,752221.0,0.0,6.0,0.0,2017.0,De 0 a 5 anos,93700.0,False,True,1.0,3960.0,2020-07-07T16:45:35
2999,3072,Elliott Rose,Deborah Jones-Gibson,JJJO86195665960207,9,0.5932736371,0.0,2016-11-18T00:00:00,31,5549.21,20000.0,AprovadoAnalista,De 31 a 50 % - Médio,0.5357142857142857,0.4642857142857142,0.0,20000.0,,2019-12-31T00:00:00,522357.0,360340.0,525745.0,73702.0,13797.0,133931.0,355654.0,0.0,0.0,12.0,0.0,2016.0,De 0 a 5 anos,100000.0,False,True,1.0,53200.0,2020-07-07T17:46:07
3002,3075,Miss Sheila Wright,Maria Johnson-Lewis,XWMA62720821739797,6,0.3838095238,0.0,2018-04-13T00:00:00,0,0.0,15000.0,AprovadoAnalista,De 31 a 50 % - Médio,0.5714285714285714,0.4285714285714285,0.0,5000.0,,2019-12-31T00:00:00,0.0,0.0,0.0,0.0,0.0,0.0,0.0,57472.0,0.0,12.0,0.0,2016.0,De 0 a 5 anos,20000.0,False,True,1.0,880.0,2020-07-08T14:11:44
3005,3078,Amber Hopkins-Carr,Dr. Frederick Wright,UVJA03993311901207,76,0.6142713193,0.0,2016-11-23T00:00:00,0,0.0,15000.0,AprovadoAnalista,De 31 a 50 % - Médio,0.5535714285714285,0.4464285714285714,0.912541576046406,10000.0,,,,,,,,,,1272458.0,0.0,12.0,0.0,2016.0,De 0 a 5 anos,20000.0,False,False,0.9596777974,4400.0,2020-07-08T14:13:38
3007,3080,Marilyn Jones,Maria Brown,GQFK26168122235945,8,0.6268993835,0.0,2017-05-15T00:00:00,16,3938589.7,4900000.0,AprovadoComite,De 31 a 50 % - Médio,0.5178571428571428,0.4821428571428571,0.0050664714298976,4000000.0,2020-07-08T18:02:08,,,,,,,,,0.0,0.0,1.0,0.0,2016.0,De 0 a 5 anos,97650000.0,False,False,0.9644017794,132233152.0,
3010,3083,Mr. Kevin Clark,Mr. Brandon Davies,GSHZ23277827583812,6,0.4315224568,0.0,2017-01-19T00:00:00,42,41017.32,120000.0,AprovadoAnalista,De 31 a 50 % - Médio,0.5535714285714285,0.4464285714285714,-0.109207810966819,100000.0,,2020-03-30T06:00:00,1755916.0,1506236.0,1843983.0,-37573.0,311000.0,847958.0,685781.0,1792089.0,717666.0,3.0,1074423.0,2016.0,De 0 a 5 anos,850000.0,False,False,0.8210720736,72600.0,2020-07-08T15:13:15
3011,3084,Kimberley Bond,Mr. Wayne Moore,FUSY91282616624333,0,0.4323632674,0.0,2020-04-24T00:00:00,0,0.0,12000.0,AprovadoAnalista,De 31 a 50 % - Médio,0.6428571428571428,0.3571428571428571,0.0,12000.0,,,,,,,,,,0.0,0.0,1.0,0.0,2016.0,De 0 a 5 anos,81541540.0,False,False,1.0,284800.0,2020-07-08T15:11:02
3012,3085,Abdul West-Goddard,Joseph Lee,HYNB58011790687263,5,0.1565259963,0.0,2018-10-29T00:00:00,0,0.0,150000.0,AprovadoAnalista,De 31 a 50 % - Médio,0.6785714285714285,0.3214285714285714,0.0,150000.0,,2019-12-31T03:00:00,3212470.0,2344435.0,3214239.0,479891.0,0.0,1643090.0,235961.0,11085102.0,2296114.0,12.0,8788988.0,2017.0,De 0 a 5 anos,100000.0,False,True,1.0,0.0,2020-07-08T15:16:35
3015,3088,Reece King,Victoria Harper,VUQY80070392818665,35,0.0,,2016-07-12T15:45:43,0,0.0,25000.0,AprovadoAnalista,De 31 a 50 % - Médio,0.5,0.4999999999999999,0.94350034220801,15000.0,,2019-12-31T00:00:00,0.0,0.0,0.0,0.0,0.0,0.0,0.0,6649273.0,0.0,12.0,0.0,2015.0,De 0 a 5 anos,105000.0,False,True,0.0,5200.0,2020-07-08T15:07:19
3019,3092,Damien Hart,Josh Bryan-Wilson,VIJS49154641676716,4,0.0,,2018-02-28T16:18:18,0,0.0,40000.0,AprovadoAnalista,De 31 a 50 % - Médio,0.6607142857142857,0.3392857142857142,0.0,30000.0,,2019-12-31T00:00:00,0.0,0.0,0.0,0.0,0.0,0.0,0.0,1110498.0,0.0,12.0,0.0,2018.0,De 0 a 5 anos,50000.0,False,False,0.0,7360.0,2020-07-08T15:08:19
3024,3097,Mohammed Johnson,Dr. Kathryn McDonald,WYIH16679678336347,4,0.5643683209,0.0,2019-09-27T00:00:00,0,0.0,20000.0,ReprovadoAnalista,De 31 a 50 % - Médio,0.6428571428571428,0.3571428571428571,0.866025403784439,,,2019-12-31T00:00:00,533529.0,375978.0,608871.0,232892.0,0.0,58008.0,447270.0,169845.0,84923.0,12.0,84922.0,2019.0,De 0 a 5 anos,200000.0,False,False,1.0,66000.0,
3026,3099,Victoria Smith,Ms. Jemma Roberts,XVTC97650951609322,26,0.4689179917,0.0,2020-05-25T00:00:00,19,340109.96,130000.0,AprovadoAnalista,De 31 a 50 % - Médio,0.5357142857142857,0.4642857142857142,0.0,130000.0,,,,,,,,,,0.0,0.0,1.0,0.0,2015.0,De 0 a 5 anos,80000.0,False,True,1.0,62100.0,2020-07-08T17:52:53
3032,3105,Shaun Giles,Phillip Rees,LLHK77055509342084,44,0.298744452,0.0,2015-08-07T00:00:00,13,6073.6,35000.0,AprovadoAnalista,De 31 a 50 % - Médio,0.5714285714285714,0.4285714285714285,-0.962219620715599,25000.0,,,,,,,,,,4856931.0,0.0,12.0,0.0,2015.0,De 0 a 5 anos,50000.0,False,False,0.644604823,720.0,2020-07-08T18:37:53
3035,3108,Raymond Johnson,Tracey Harrison,BZHM58512774010566,4,0.6483538983,0.0,2020-03-25T00:00:00,57,15226.37,50000.0,AprovadoAnalista,De 31 a 50 % - Médio,0.6785714285714285,0.3214285714285714,0.0,35000.0,,,,,,,,,,2969283.0,0.0,12.0,0.0,2018.0,De 0 a 5 anos,80000.0,False,False,1.0,39600.0,2020-07-08T19:55:18
3036,3109,Mr. Christian Evans,Lindsey Goodwin,RHVV79953839420282,4,0.6568458514,0.0,2020-01-23T00:00:00,101,10313.39,20000.0,AprovadoAnalista,De 31 a 50 % - Médio,0.5357142857142857,0.4642857142857142,0.0,5000.0,,,,,,,,,,514712.0,0.0,12.0,0.0,2019.0,De 0 a 5 anos,120000.0,False,False,1.0,2640.0,2020-07-08T19:57:36
3038,3111,Neil Gordon-Ford,Miss Lydia Morris,BXDV28832924531744,0,0.6834396835,0.0,2020-05-22T00:00:00,0,0.0,20000.0,AprovadoAnalista,De 31 a 50 % - Médio,0.6607142857142857,0.3392857142857142,0.0,20000.0,,2019-12-31T03:00:00,1004060.0,1116249.0,1146902.0,-204971.0,347712.0,141942.0,247867.0,12811010.0,6503462.0,12.0,6307548.0,2012.0,De 6 a 10 anos,100000.0,False,True,1.0,1620.0,2020-07-08T19:58:36
3040,3113,Dean Clayton,Abdul Wood,BZFA06542301998587,6,0.0,,2015-07-07T15:43:00,0,0.0,50000.0,AprovadoAnalista,De 31 a 50 % - Médio,0.6607142857142857,0.3392857142857142,0.0,50000.0,,2019-12-31T03:00:00,5060748.0,5224949.0,5392990.0,178305.0,346346.0,1199591.0,3472742.0,0.0,0.0,1.0,0.0,2015.0,De 0 a 5 anos,30000.0,False,False,0.0,249200.0,2020-07-08T19:56:51
3044,3117,Ms. Bethan Evans,Mr. Josh Sharp,FWPY81952620804455,20,0.2727318402,0.0,2017-01-27T00:00:00,0,0.0,30000.0,AprovadoAnalista,De 31 a 50 % - Médio,0.625,0.375,0.38535904012543,20000.0,,2019-12-31T03:00:00,0.0,0.0,0.0,0.0,0.0,0.0,0.0,1390961.0,0.0,5.0,0.0,2013.0,De 6 a 10 anos,300000.0,False,True,1.0,45600.0,2020-07-08T20:59:51
3045,3118,Bethany Cox-Mitchell,Charles Jones-Roberts,JQCL82195765051362,8,0.0,,2017-04-17T14:52:21,0,0.0,48000.0,AprovadoAnalista,De 31 a 50 % - Médio,0.6607142857142857,0.3392857142857142,-0.866025403784438,15000.0,,,,,,,,,,559066.0,0.0,12.0,0.0,1966.0,Acima de 17 anos,2.0,True,False,0.0,0.0,2020-07-08T21:01:17
3047,3120,Amelia Reid,Mrs. Geraldine Gray,PXNS26198304149891,21,0.3955521614,0.0,2011-06-27T00:00:00,70,54935.49,70000.0,AprovadoAnalista,De 31 a 50 % - Médio,0.6607142857142857,0.3392857142857142,0.866025403784439,70000.0,,,,,,,,,,61149400.0,0.0,12.0,0.0,2005.0,De 11 a 16 anos,50000.0,False,False,1.0,480600.0,2020-07-08T21:02:58
3052,3125,John Howard,Martin Price-Collins,DGFA43623485232793,8,0.4766808982,0.0,2006-08-18T00:00:00,0,0.0,20000.0,AprovadoAnalista,De 31 a 50 % - Médio,0.625,0.375,-0.866025403784439,15000.0,,2019-12-31T00:00:00,308543.0,694793.0,323465.0,-45769.0,288067.0,0.0,294465.0,692163.0,692163.0,12.0,0.0,2001.0,Acima de 17 anos,50000.0,False,False,0.981281418,87400.0,2020-07-09T12:50:18
3056,3129,Deborah Jones-Chapman,Brenda Powell,XDOI61813662894279,96,0.376022528,0.0,2013-03-04T00:00:00,0,0.0,40000.0,AprovadoAnalista,De 31 a 50 % - Médio,0.6428571428571428,0.3571428571428571,0.0,25000.0,,,,,,,,,,1385953.0,0.0,12.0,0.0,2005.0,De 11 a 16 anos,220000.0,False,False,0.9236243543,8800.0,2020-07-09T16:33:40
3057,3130,Mrs. Amber Hawkins,Mr. Robin Smith,CXBK25746260819457,0,0.4316802789,0.0,2020-03-04T00:00:00,64,5400.0,15000.0,DocumentacaoReprovada,De 31 a 50 % - Médio,0.6607142857142857,0.3392857142857142,0.0,,,2019-12-31T00:00:00,0.0,0.0,0.0,0.0,0.0,0.0,0.0,0.0,0.0,1.0,0.0,2019.0,De 0 a 5 anos,900000000.0,False,False,1.0,77058410.0,
3061,3134,Dr. Stanley Smith,Dylan Robinson-Nolan,OPBS54742125672882,3,0.4602844489,0.0,2018-07-24T00:00:00,0,0.0,47000.0,AprovadoAnalista,De 31 a 50 % - Médio,0.625,0.375,0.0,47000.0,,,,,,,,,,794952.0,0.0,4.0,0.0,2017.0,De 0 a 5 anos,40000.0,False,True,1.0,4400.0,2020-07-09T16:41:30
3063,3136,Clifford Hussain,Catherine Evans,EEKP72671069539936,0,0.5489402615,0.0,2019-10-29T00:00:00,0,0.0,10000.0,AprovadoAnalista,De 31 a 50 % - Médio,0.6785714285714285,0.3214285714285714,0.0,5000.0,,,,,,,,,,225992.0,0.0,6.0,0.0,2019.0,De 0 a 5 anos,50000.0,False,False,1.0,960.0,2020-07-09T16:51:41
3066,3139,Dennis Rogers,Dr. Ellie Davey,BHDY63712433971525,2,0.4564914189,0.0,2018-06-26T00:00:00,0,8258.23,15000.0,AprovadoAnalista,De 31 a 50 % - Médio,0.6607142857142857,0.3392857142857142,0.14104567774697,15000.0,,2018-12-31T00:00:00,0.0,0.0,0.0,0.0,0.0,0.0,0.0,379038.0,0.0,6.0,0.0,2018.0,De 0 a 5 anos,200000.0,False,False,0.9402295435,6400.0,2020-07-09T18:16:52
3069,3142,Russell Kirby,Dr. Diane Bird,SQYW10688933765755,43,0.3501461909,0.0,2017-03-23T00:00:00,0,0.0,30000.0,AprovadoAnalista,De 31 a 50 % - Médio,0.5535714285714285,0.4464285714285714,0.835862323576417,10000.0,,2019-12-31T00:00:00,2586263.0,1257545.0,2586263.0,1328718.0,0.0,47088.0,115000.0,3554593.0,967974.0,12.0,2586619.0,2016.0,De 0 a 5 anos,95400.0,False,True,0.9454513316,19800.0,2020-07-09T18:30:44
3071,3144,Dr. Tom Allen,Alex Day,RRLU17114106394880,0,0.2170787595,0.0,2019-11-13T00:00:00,0,0.0,10000.0,AprovadoAnalista,De 31 a 50 % - Médio,0.625,0.3749999999999999,0.0,5000.0,,2019-12-31T00:00:00,258518.0,1590.0,258518.0,256928.0,0.0,5000.0,0.0,183564.0,170571.0,12.0,12993.0,2017.0,De 0 a 5 anos,93700.0,False,True,1.0,2700.0,2020-07-09T19:02:46
3075,3148,Marie Fox,Ian Baker,OKFK11813743879606,3,0.3808040168,0.0,2017-10-23T00:00:00,0,0.0,20000.0,AprovadoAnalista,De 31 a 50 % - Médio,0.5892857142857142,0.4107142857142857,0.0,20000.0,,2019-01-01T00:00:00,0.0,0.0,0.0,0.0,0.0,0.0,0.0,1182718.0,0.0,12.0,0.0,2017.0,De 0 a 5 anos,100000.0,False,True,1.0,5120.0,2020-07-09T19:39:40
3083,3156,Suzanne Smith,Marian Day,AVAO63044598911311,14,0.5650457739,0.0,2019-12-17T00:00:00,42,118195.87,200000.0,AprovadoAnalista,De 31 a 50 % - Médio,0.6428571428571428,0.3571428571428571,0.0,140000.0,,2019-12-31T03:00:00,40147679.0,40222591.0,56028277.0,15136282.0,15750000.0,14799137.0,23664583.0,119119198.0,31888914.0,12.0,87230284.0,2004.0,De 11 a 16 anos,3000000.0,False,True,1.0,6480000.0,2020-07-09T20:47:57
3092,3165,Simon Perry,Mr. Bernard Cooper,XXKN68171995852950,0,0.3948925501,0.0,2017-09-29T00:00:00,33,29316.0,32000.0,AprovadoAnalista,De 31 a 50 % - Médio,0.6428571428571428,0.3571428571428571,0.0,25000.0,,,,,,,,,,2600564.0,0.0,12.0,0.0,2016.0,De 0 a 5 anos,90000.0,False,True,1.0,180000.0,2020-07-10T12:56:53
3101,3174,Mr. Christian Wilkinson,Rachael Bradshaw,XQET87428871843993,0,0.4655674265,0.0,2019-11-05T00:00:00,28,46608.0,50000.0,ReprovadoAnalista,De 31 a 50 % - Médio,0.6071428571428571,0.3928571428571428,0.0,,,2019-12-31T00:00:00,3634606.0,230478.0,3853826.0,0.0,0.0,3446.0,946251.0,6057987.0,2782229.0,12.0,3275758.0,2019.0,De 0 a 5 anos,99800.0,True,True,1.0,9900.0,
3103,3176,Lewis Rowe,Dr. Joanna Parsons,MIDV55684626213777,39,0.2887542774,0.0,2019-08-27T00:00:00,12,1589.76,49000.0,AprovadoAnalista,De 31 a 50 % - Médio,0.6785714285714285,0.3214285714285714,0.0,25000.0,,,,,,,,,,2276557.0,0.0,12.0,0.0,2015.0,De 0 a 5 anos,80000.0,False,True,1.0,23154.0,2020-07-10T17:30:59
3104,3177,Sarah Hussain,Mr. Carl Barker,XFWI12089429071477,6,0.4354233282,0.0,2018-05-14T00:00:00,65,2163.22,3000.0,AprovadoAnalista,De 31 a 50 % - Médio,0.6428571428571428,0.3571428571428571,0.866025403784439,3000.0,,,,,,,,,,0.0,0.0,1.0,0.0,2009.0,De 11 a 16 anos,100000.0,False,False,1.0,6160.0,2020-07-10T17:33:17
3106,3179,Leigh Holloway,Kathleen Wallis,TSGC04752344347638,4,0.3626027927,0.0,2014-09-02T00:00:00,0,14616.0,50000.0,AprovadoAnalista,De 31 a 50 % - Médio,0.6428571428571428,0.3571428571428571,0.0,50000.0,,,,,,,,,,0.0,0.0,1.0,0.0,2011.0,De 6 a 10 anos,1000.0,False,True,1.0,9720.0,2020-07-10T17:34:01
3109,3182,Norman Burke,Ms. Heather Jones,KGPX68218681442386,3,0.3302411765,0.0,2017-09-26T00:00:00,122,9800.0,40000.0,AprovadoAnalista,De 31 a 50 % - Médio,0.6428571428571428,0.3571428571428571,-0.866025403784439,20000.0,,,,,,,,,,318821.0,0.0,6.0,0.0,2017.0,De 0 a 5 anos,100000.0,False,False,0.89980438,54000.0,2020-07-10T18:05:03
3110,3183,Suzanne Smith,Marian Day,AVAO63044598911311,14,0.5650457739,0.0,2019-12-17T00:00:00,42,118195.87,200000.0,AprovadoAnalista,De 31 a 50 % - Médio,0.6428571428571428,0.3571428571428571,0.0,200000.0,,2019-12-31T03:00:00,40147679.0,40222591.0,56028277.0,15136282.0,15750000.0,14799137.0,23664583.0,119119198.0,31888914.0,12.0,87230284.0,2004.0,De 11 a 16 anos,3000000.0,False,True,1.0,6480000.0,2020-07-10T19:20:14
3112,3185,Victoria Morgan,Dr. Bernard Taylor,GECS58472958094606,7,0.5308016238,0.0,2018-03-02T00:00:00,0,0.0,15000.0,AprovadoAnalista,De 31 a 50 % - Médio,0.5357142857142857,0.4642857142857142,0.0,15000.0,,,,,,,,,,785886.0,0.0,12.0,0.0,2017.0,De 0 a 5 anos,10000.0,False,False,1.0,6160.0,2020-07-10T19:22:34
3125,3198,Trevor Williams-Clarke,Tony Kemp-Hurst,YCNW31004406514039,89,0.0,,2006-03-01T14:54:59,0,0.0,40000.0,AprovadoAnalista,De 31 a 50 % - Médio,0.6428571428571428,0.3571428571428571,0.0,5000000.0,,,,,,,,,,50000.0,0.0,1.0,0.0,1990.0,Acima de 17 anos,10000.0,False,False,0.0,1000.0,2020-07-12T13:31:59
3128,3201,Liam Pope,Reece James,SEEQ86070143271468,18,0.4777727384,0.0,2017-08-17T00:00:00,0,0.0,20000.0,AprovadoAnalista,De 31 a 50 % - Médio,0.5357142857142857,0.4642857142857142,-0.677260331636915,20000.0,,,,,,,,,,1046898.0,0.0,12.0,0.0,2016.0,De 0 a 5 anos,100000.0,False,False,0.7889557064,22289.0,2020-07-13T15:10:00
3129,3202,Lynda Herbert,Mohammed Davies,ZNVJ76130674911402,0,0.3767650865,0.0,2017-12-06T00:00:00,0,0.0,15000.0,AprovadoAnalista,De 31 a 50 % - Médio,0.6428571428571428,0.3571428571428571,0.0,5000.0,,,,,,,,,,107547.0,0.0,12.0,0.0,2007.0,De 11 a 16 anos,20000.0,False,True,1.0,12800.0,2020-07-13T14:44:13
3131,3204,Carole Morley,Mrs. Marion Cartwright,LTAA11561861743947,24,0.3215564843,0.0,2014-02-04T00:00:00,0,0.0,30000.0,AprovadoAnalista,De 31 a 50 % - Médio,0.5357142857142857,0.4642857142857142,0.0,10000.0,,,,,,,,,,296719.0,0.0,12.0,0.0,2012.0,De 6 a 10 anos,65000.0,False,True,0.7073911326,16280.0,2020-07-13T15:17:29
3133,3206,Lisa Murphy,Mrs. Anne Morris,TPTS90307594270868,17,0.5170335648,0.0,2010-01-07T00:00:00,32,17280.0,20000.0,AprovadoAnalista,De 31 a 50 % - Médio,0.6071428571428571,0.3928571428571428,0.866025403784439,20000.0,,2018-12-31T00:00:00,0.0,0.0,0.0,0.0,0.0,0.0,0.0,1683762.0,0.0,12.0,0.0,2000.0,Acima de 17 anos,75000.0,False,True,1.0,720.0,2020-07-13T17:18:25
3134,3207,Charlene Khan,Dr. Mohamed Phillips,QMBA55941613517601,0,0.5150166153,0.0,2019-02-06T00:00:00,20,5040.0,30000.0,AprovadoAnalista,De 31 a 50 % - Médio,0.6428571428571428,0.3571428571428571,0.0,30000.0,,2019-12-31T00:00:00,955332.0,122626.0,1451165.0,1328538.0,0.0,93030.0,99760.0,1377924.0,405259.0,12.0,972665.0,2016.0,De 0 a 5 anos,30000.0,False,True,1.0,8800.0,2020-07-13T17:19:32
3136,3209,Lynda Harrison,Mrs. Susan Barker,DIKW95064845122941,22,0.0,,2017-01-03T17:19:26,0,0.0,60000.0,ReprovadoAnalista,De 31 a 50 % - Médio,0.6607142857142857,0.3392857142857142,0.0,,,2019-12-31T03:00:00,2206382.0,148087.0,2398884.0,2250797.0,0.0,0.0,504314.0,867918.0,100213.0,12.0,767705.0,1978.0,Acima de 17 anos,1000000.0,True,False,0.0,22215.0,
3140,3213,Dr. Amelia Clark,Gregory Bibi,SWZY94650399760835,0,0.0,,2019-03-28T17:28:01,0,0.0,30000.0,AprovadoAnalista,De 31 a 50 % - Médio,0.625,0.375,0.0,5000.0,,,,,,,,,,230179.0,0.0,12.0,0.0,2018.0,De 0 a 5 anos,600000.0,False,False,0.0,19800.0,2020-07-13T17:27:18
3142,3215,Francesca Gardner,Jade Williams,XIZO16297367608746,24,0.3054181818,0.0,2015-10-06T00:00:00,25,1100.0,48000.0,AprovadoAnalista,De 31 a 50 % - Médio,0.6428571428571428,0.3571428571428571,0.0,30000.0,,,,,,,,,,2404120.0,0.0,12.0,0.0,2015.0,De 0 a 5 anos,150000.0,False,False,0.8202834602,39028.0,2020-07-13T18:51:30
3145,3218,Mr. Christian Wilkinson,Rachael Bradshaw,XQET87428871843993,0,0.4655674265,0.0,2019-11-05T00:00:00,28,46608.0,50000.0,AprovadoAnalista,De 31 a 50 % - Médio,0.6071428571428571,0.3928571428571428,0.0,40000.0,,2019-12-31T00:00:00,3634606.0,230478.0,3853826.0,0.0,0.0,3446.0,946251.0,6057987.0,2782229.0,12.0,3275758.0,2019.0,De 0 a 5 anos,99800.0,True,True,1.0,9900.0,2020-07-13T18:44:09
3152,3225,Miss Claire Hobbs,Frank Marsden,GSJR46279064925184,3,0.6350975525,0.0,2018-05-30T00:00:00,26,3240.0,30000.0,AprovadoAnalista,De 31 a 50 % - Médio,0.6428571428571428,0.3571428571428571,0.0,30000.0,,,,,,,,,,3049376.0,0.0,12.0,0.0,2017.0,De 0 a 5 anos,200000.0,False,True,1.0,39600.0,2020-07-13T20:33:26
3153,3226,Dr. Gerald Freeman,Terence Barton,KSYH96179613395011,6,0.5015648875,0.0,2020-01-16T00:00:00,35,1936.0,6000.0,AprovadoAnalista,De 31 a 50 % - Médio,0.625,0.375,0.0,6000.0,,,,,,,,,,756838.0,0.0,12.0,0.0,2018.0,De 0 a 5 anos,80000.0,False,False,1.0,18000.0,2020-07-13T20:34:51
3161,3234,Neil Reid,Julie King,CIQM50735029754246,5,0.5754074074,0.0,2018-06-12T00:00:00,27,3375.0,20000.0,AprovadoAnalista,De 31 a 50 % - Médio,0.5357142857142857,0.4642857142857142,0.0,15000.0,,,,,,,,,,828857.0,0.0,12.0,0.0,2017.0,De 0 a 5 anos,10000.0,False,False,1.0,6660.0,2020-07-14T14:23:28
3167,3240,Natalie Allen-Davies,Brandon Davies,BUNK47917149545751,19,0.3628337579,0.0,2017-09-25T00:00:00,82,13646.0,25000.0,AprovadoAnalista,De 31 a 50 % - Médio,0.6071428571428571,0.3928571428571428,0.999808283449608,20000.0,,2019-12-31T00:00:00,0.0,0.0,0.0,0.0,0.0,0.0,0.0,2234482.0,0.0,12.0,0.0,2000.0,Acima de 17 anos,100000.0,False,True,1.0,13200.0,2020-07-14T16:52:00
3170,3243,Martyn Brown-Jackson,Miss Frances Bull,EHDJ94994204173246,779,0.3460075111,0.0,2009-08-14T00:00:00,0,0.0,60000.0,AprovadoAnalista,De 31 a 50 % - Médio,0.6785714285714285,0.3214285714285714,-0.645773136509262,30000.0,,2019-12-31T03:00:00,0.0,0.0,0.0,0.0,0.0,0.0,0.0,16894288.0,0.0,12.0,0.0,2006.0,De 11 a 16 anos,400000.0,False,False,0.9388661319,71200.0,2020-07-14T18:16:41
3174,3247,Mr. Kyle Harvey,Alexandra Fraser,GZIG27910236832013,19,0.6451193471,0.0,2016-04-30T00:00:00,0,0.0,30000.0,AprovadoAnalista,De 31 a 50 % - Médio,0.6607142857142857,0.3392857142857142,0.866025403784439,30000.0,,,,,,,,,,1266346.0,0.0,12.0,0.0,1995.0,Acima de 17 anos,200000.0,False,False,1.0,1161045.0,2020-07-14T18:18:19
3178,3251,Mary Davis,Jay Hurst,XPVZ80447104399027,3,0.5261150209,0.0,2019-04-26T00:00:00,23,20471.75,30000.0,AprovadoAnalista,De 31 a 50 % - Médio,0.5357142857142857,0.4642857142857142,0.0,30000.0,,2019-12-31T00:00:00,302267.0,152127.0,302517.0,52659.0,28280.0,0.0,125496.0,1338030.0,0.0,12.0,0.0,2018.0,De 0 a 5 anos,100000.0,False,True,1.0,39600.0,2020-07-14T18:21:47
3180,3253,Annette Payne,Dr. Adrian Carr,YJAW94222371363532,5,0.3793966492,0.0,2018-08-17T00:00:00,0,0.0,11000.0,AprovadoAnalista,De 31 a 50 % - Médio,0.6428571428571428,0.3571428571428571,0.0,11000.0,,,,,,,,,,301817.0,0.0,5.0,0.0,2014.0,De 6 a 10 anos,10000.0,False,False,1.0,3240.0,2020-07-14T18:28:18
3182,3255,Mr. Joe Cole,Marilyn Murphy,GTVQ76975945735585,30,0.0981947592,0.0,2014-03-26T00:00:00,17,776.0,60000.0,AprovadoAnalista,De 31 a 50 % - Médio,0.5,0.5,0.0,60000.0,,,,,,,,,,0.0,0.0,1.0,0.0,2001.0,Acima de 17 anos,150000.0,True,False,1.0,11536462.0,2020-07-14T18:35:38
3184,3257,Fiona Rahman,Cheryl McDonald,FVTR63954049050783,47,0.3262416324,0.0,2019-09-25T00:00:00,28,9600.0,100000.0,AprovadoAnalista,De 31 a 50 % - Médio,0.5535714285714285,0.4464285714285714,0.866025403784439,12000.0,,2019-12-31T03:00:00,421413.0,121413.0,421413.0,300000.0,0.0,0.0,120457.0,69518.0,57812.0,12.0,11706.0,2015.0,De 0 a 5 anos,1500000.0,False,False,1.0,0.0,2020-07-14T19:18:09
3188,3261,Miss Jennifer Walsh,Ms. Kate Forster,AADW74046123201866,13,0.4075752116,0.0,2018-01-30T00:00:00,0,12780.0,48000.0,AprovadoAnalista,De 31 a 50 % - Médio,0.5892857142857142,0.4107142857142857,0.866025403784439,48000.0,,,,,,,,,,1785326.0,0.0,6.0,0.0,2015.0,De 0 a 5 anos,60000.0,False,False,1.0,51600.0,2020-07-14T19:22:15
3203,3276,Kimberley Barton,Karen Reynolds,BFRW45357875791361,27,0.5185961055,0.0,2015-11-04T00:00:00,29,8534.0,25000.0,AprovadoAnalista,De 31 a 50 % - Médio,0.5535714285714285,0.4464285714285714,0.866025403784439,15000.0,,,,,,,,,,1549367.0,0.0,12.0,0.0,2013.0,De 6 a 10 anos,120000.0,False,True,1.0,3240.0,2020-07-15T13:32:35
3213,3286,Marion Lynch-Taylor,Kathryn Power-Mason,OGWM99265986867408,0,0.3859177578,0.0,2016-12-19T00:00:00,0,0.0,30000.0,AprovadoAnalista,De 31 a 50 % - Médio,0.625,0.375,0.0,20000.0,,,,,,,,,,603757.0,0.0,12.0,0.0,2014.0,De 6 a 10 anos,80000.0,False,True,1.0,36000.0,2020-07-15T19:07:04
3214,3287,Bernard Bradshaw,Dr. Jeffrey Giles,YALU84296861519346,41,0.531556155,0.0,2016-02-26T00:00:00,0,0.0,50000.0,AprovadoAnalista,De 31 a 50 % - Médio,0.6607142857142857,0.3392857142857142,-0.929425950564417,50000.0,,,,,,,,,,3108957.0,0.0,6.0,0.0,2012.0,De 6 a 10 anos,20000.0,False,False,0.8856161763,12800.0,2020-07-15T19:06:17
3216,3289,Carol Farrell,Martin Wilson,FWUU39842946740208,19,0.4016885714,0.0,2012-08-27T00:00:00,10,3240.0,50000.0,AprovadoAnalista,De 31 a 50 % - Médio,0.6428571428571428,0.3571428571428571,0.920300801704821,25000.0,,2019-12-31T03:00:00,2257239.0,1934642.0,4199397.0,1380599.0,1654036.0,106121.0,1754992.0,4855324.0,2708771.0,12.0,2146553.0,2005.0,De 11 a 16 anos,500000.0,False,True,0.9982632314,720.0,2020-07-15T19:10:38
3222,3295,Irene Bailey,Teresa Clark,JMMY53933775148014,204,0.3014885419,0.0,2015-11-10T00:00:00,0,0.0,30000.0,AprovadoAnalista,De 31 a 50 % - Médio,0.6607142857142857,0.3392857142857142,0.168551069653753,20000.0,,2019-12-31T00:00:00,0.0,0.0,0.0,0.0,0.0,0.0,0.0,3147761.0,0.0,12.0,0.0,2013.0,De 6 a 10 anos,200000.0,False,False,0.4835577599,9720.0,2020-07-15T21:14:02
3232,3305,Mrs. Melissa Pearce,Dr. Malcolm Elliott,BJRD93893554444259,0,0.4413395729,0.0,2019-01-23T00:00:00,0,0.0,10000.0,AprovadoAnalista,De 31 a 50 % - Médio,0.5892857142857142,0.4107142857142857,0.0,10000.0,,2019-12-31T00:00:00,463023.0,267032.0,465610.0,198577.0,21467.0,194330.0,184388.0,1154101.0,214961.0,12.0,939140.0,2018.0,De 0 a 5 anos,95400.0,False,True,1.0,35200.0,2020-07-16T14:21:00
3237,3310,Dr. Donald Graham,Mr. Tony Walker,TCZC81490587003343,5,0.0,,2019-08-19T11:36:21,0,0.0,600000.0,AprovadoComite,De 31 a 50 % - Médio,0.5714285714285714,0.4285714285714285,0.0,600000.0,2020-07-16T19:16:31,2019-12-31T03:00:00,4284504.0,2369584.0,4303056.0,1993471.0,0.0,3064506.0,36084.0,7578810.0,2777564.0,12.0,4801246.0,2018.0,De 0 a 5 anos,500000.0,False,True,0.0,720.0,
3244,3317,John Morgan,Marian Warren,VXWS74052051948169,3,0.5372281337,0.0,2018-03-14T00:00:00,0,0.0,20000.0,AprovadoAnalista,De 31 a 50 % - Médio,0.6428571428571428,0.3571428571428571,0.0,15000.0,,,,,,,,,,0.0,0.0,1.0,0.0,2010.0,De 6 a 10 anos,95000.0,False,True,1.0,5400.0,2020-07-16T15:17:00
3247,3320,Janet Barnes,Clifford Allan,XSME54122165353551,30,0.316048996,0.0,2019-10-28T00:00:00,32,8300.0,100000.0,AprovadoAnalista,De 31 a 50 % - Médio,0.5178571428571428,0.4821428571428571,0.0,80000.0,,2019-12-31T03:00:00,3316100.0,1845792.0,3360028.0,1148381.0,50000.0,2415975.0,306079.0,11753319.0,4543400.0,12.0,7209919.0,2017.0,De 0 a 5 anos,100000.0,False,True,1.0,19749.0,2020-07-16T17:17:39
3252,3325,Ms. Leanne Lane,Sian Simpson,SLZM38683459065738,0,0.6076713014,0.0,2020-05-27T00:00:00,0,0.0,15000.0,ReprovadoAnalista,De 31 a 50 % - Médio,0.5178571428571428,0.4821428571428571,0.0,,,,,,,,,,,124825.0,0.0,12.0,0.0,2018.0,De 0 a 5 anos,95400.0,False,True,1.0,4400.0,
3257,3330,Reece King,Victoria Harper,VUQY80070392818665,35,0.0,,2016-07-12T15:45:43,0,0.0,60000.0,AprovadoAnalista,De 31 a 50 % - Médio,0.5,0.4999999999999999,0.94350034220801,25000.0,,2019-12-31T03:00:00,7062955.0,2101846.0,7192697.0,341871.0,4491726.0,5361456.0,1540286.0,6824982.0,2040258.0,12.0,4784724.0,2015.0,De 0 a 5 anos,105000.0,False,True,0.0,5200.0,2020-07-16T20:36:01
3258,3331,Rosie Thornton,Alex Clark,POPU32025062275349,6,0.5914350962,0.0,2018-03-07T00:00:00,0,0.0,30000.0,AprovadoAnalista,De 31 a 50 % - Médio,0.6428571428571428,0.3571428571428571,0.866025403784439,25000.0,,,,,,,,,,752516.0,0.0,12.0,0.0,2017.0,De 0 a 5 anos,20000.0,False,False,1.0,11100.0,2020-07-16T20:37:00
3261,3334,Mrs. Ruth Wilson,Kerry Pritchard-Hussain,YBUA65254642886758,18,0.4116718687,0.0,2009-01-20T00:00:00,29,1624.0,20000.0,ReprovadoAnalista,De 31 a 50 % - Médio,0.5892857142857142,0.4107142857142857,-0.866025403784439,,,2019-12-31T00:00:00,3642393.0,4087024.0,5839438.0,-2075497.0,327976.0,1098205.0,1939395.0,1761067.0,0.0,12.0,0.0,1995.0,Acima de 17 anos,400000.0,True,False,0.402382571,0.0,
3262,3335,Martyn Brown-Jackson,Miss Frances Bull,EHDJ94994204173246,779,0.3460075111,0.0,2009-08-14T00:00:00,0,0.0,70000.0,AprovadoComite,De 31 a 50 % - Médio,0.6785714285714285,0.3214285714285714,-0.645773136509262,30000.0,2020-07-17T18:56:37,2019-12-31T03:00:00,0.0,0.0,0.0,0.0,0.0,0.0,0.0,16894288.0,0.0,12.0,0.0,2006.0,De 11 a 16 anos,400000.0,False,False,0.9388661319,71200.0,
3263,3336,Mr. Robert Elliott,Mr. Brett Kelly,HNNC71234011503718,17,0.5233159885,0.0,2019-08-20T00:00:00,0,0.0,96000.0,AprovadoAnalista,De 31 a 50 % - Médio,0.5,0.4999999999999999,0.866025403784439,96000.0,,2019-12-31T03:00:00,2296426.0,801242.0,2315834.0,1385366.0,14468.0,1303268.0,753163.0,6428760.0,2305640.0,12.0,4123120.0,2016.0,De 0 a 5 anos,300000.0,False,True,1.0,110934.0,2020-07-16T20:17:16
3264,3337,Dale O'Sullivan-Moore,Nathan Jones,KDZJ41266928454221,19,0.4798450253,0.0,2018-10-22T00:00:00,41,8880.0,25000.0,AprovadoAnalista,De 31 a 50 % - Médio,0.5357142857142857,0.4642857142857142,0.0,10000.0,,,,,,,,,,678376.0,406269.0,11.0,272107.0,2018.0,De 0 a 5 anos,95700.0,False,False,1.0,9720.0,2020-07-16T20:44:08
3265,3338,Judith Bird,Gerald Jones-Wilson,SFMF44466482611764,7,0.0,,2019-12-03T08:24:48,0,0.0,10000.0,ReprovadoAnalista,De 31 a 50 % - Médio,0.5178571428571428,0.4821428571428571,0.0,,,,,,,,,,,30763.0,0.0,5.0,0.0,2019.0,De 0 a 5 anos,150000.0,False,True,0.0,4480.0,
3273,3346,Ms. Leanne Lane,Sian Simpson,SLZM38683459065738,0,0.6076713014,0.0,2020-05-27T00:00:00,0,0.0,9000.0,ReprovadoAnalista,De 31 a 50 % - Médio,0.5178571428571428,0.4821428571428571,0.0,,,,,,,,,,,124825.0,0.0,12.0,0.0,2018.0,De 0 a 5 anos,95400.0,False,True,1.0,4400.0,
3274,3347,Mr. Mohammed Hayward,Danny Miller,JASM14953492414629,20,0.3207537313,0.0,2017-10-27T00:00:00,19,2680.0,20000.0,AprovadoAnalista,De 31 a 50 % - Médio,0.6428571428571428,0.3571428571428571,0.548772770923828,15000.0,,2019-12-31T00:00:00,1007312.0,212785.0,1154730.0,941945.0,0.0,159887.0,521581.0,4788557.0,1915423.0,12.0,2873134.0,2015.0,De 0 a 5 anos,100000.0,False,False,0.9433600003,5400.0,2020-07-17T13:54:53
3277,3350,Dawn Walton,Dr. Simon Howard,KEGF59242061144844,794,0.5459746079,0.0,2012-09-14T00:00:00,61,22176.0,45000.0,ReprovadoAnalista,De 31 a 50 % - Médio,0.5535714285714285,0.4464285714285714,0.0,,,,,,,,,,,4280478.0,0.0,12.0,0.0,2012.0,De 6 a 10 anos,100000.0,True,True,0.6367696733,0.0,
3278,3351,Dr. Cheryl Lee,Dr. Simon Howard,RDCH28687737008977,45,0.5631451343,0.0,2006-06-05T00:00:00,51,46343.25,50000.0,ReprovadoAnalista,De 31 a 50 % - Médio,0.6607142857142857,0.3392857142857142,0.0,,,,,,,,,,,12736848.0,0.0,12.0,0.0,2004.0,De 11 a 16 anos,100000.0,True,False,0.9174951162,97000.0,
3285,3358,Ms. Margaret Jordan,Dr. Alexandra Hart,RLNB95781018361855,3,0.0,,2017-08-22T14:52:56,0,0.0,20000.0,AprovadoAnalista,De 31 a 50 % - Médio,0.6428571428571428,0.3571428571428571,0.0,15000.0,,2019-12-31T00:00:00,3642393.0,4087024.0,5839438.0,-2075497.0,327976.0,1098205.0,1939395.0,1761067.0,1466678.0,12.0,294389.0,2008.0,De 11 a 16 anos,100000.0,False,True,0.0,0.0,2020-07-17T17:22:10
3286,3359,Mrs. Shannon Hall,Richard Ali,CQUF69699095208472,4,1.0,0.0,2017-10-20T00:00:00,0,0.0,10000.0,ReprovadoAnalista,De 31 a 50 % - Médio,0.6607142857142857,0.3392857142857142,0.0,,,,,,,,,,,849680.0,0.0,5.0,0.0,1983.0,Acima de 17 anos,30000.0,True,False,1.0,12900.0,
3287,3360,Mr. Malcolm Harris,Henry Williams,FAMY05606066275204,6,0.0,,2017-02-03T16:33:42,0,0.0,20000.0,AprovadoAnalista,De 31 a 50 % - Médio,0.5892857142857142,0.4107142857142857,1.1e-15,20000.0,,2019-12-31T00:00:00,401023.0,126533.0,417355.0,290822.0,11666.0,121733.0,193405.0,1016484.0,365266.0,12.0,651218.0,2016.0,De 0 a 5 anos,90000.0,False,True,0.0,8510.0,2020-07-17T18:26:45
3289,3362,Eric Hill-Higgins,Chloe Chapman,AWLB59487092897674,46,0.467796779,0.0,2010-12-09T00:00:00,0,0.0,15000.0,ReprovadoAnalista,De 31 a 50 % - Médio,0.5892857142857142,0.4107142857142857,0.509558912586152,,,2019-12-31T00:00:00,0.0,0.0,0.0,0.0,0.0,0.0,0.0,6450850.0,0.0,12.0,0.0,2009.0,De 11 a 16 anos,700000.0,True,False,0.5180531,487713.0,
3292,3365,Dr. Mandy Humphreys,Dr. Antony Holden,WRAA58548614983881,9,0.0,,2012-07-25T13:41:52,0,0.0,30000.0,AprovadoAnalista,De 31 a 50 % - Médio,0.6785714285714285,0.3214285714285714,0.0,30000.0,,,,,,,,,,1520370.0,0.0,12.0,0.0,2008.0,De 11 a 16 anos,100000.0,False,True,0.0,89469.0,2020-07-17T19:38:43
3294,3367,Dr. Angela Bell,Dr. Andrew Atkinson,PSXB80896434201281,83,0.0,,2017-03-23T13:35:03,0,0.0,50000.0,AprovadoAnalista,De 31 a 50 % - Médio,0.6607142857142857,0.3392857142857142,0.471957091949922,10000.0,,,,,,,,,,2187416.0,0.0,12.0,0.0,2014.0,De 6 a 10 anos,150000.0,False,False,0.0,39600.0,2020-07-17T19:41:38
3298,3371,Amber Browne,Natasha Powell,URHT04866185134825,26,0.0,,2017-04-06T08:46:48,0,0.0,15000.0,AprovadoAnalista,De 31 a 50 % - Médio,0.5357142857142857,0.4642857142857142,0.0,15000.0,,,,,,,,,,988379.0,0.0,12.0,0.0,2015.0,De 0 a 5 anos,20000.0,False,True,0.0,5280.0,2020-07-20T12:35:03
3302,3375,Damien Hart,Josh Bryan-Wilson,VIJS49154641676716,4,0.0,,2018-02-28T16:18:18,0,0.0,40000.0,AprovadoAnalista,De 31 a 50 % - Médio,0.6607142857142857,0.3392857142857142,0.0,30000.0,,2019-12-31T00:00:00,0.0,0.0,0.0,0.0,0.0,0.0,0.0,958364.0,0.0,12.0,0.0,2018.0,De 0 a 5 anos,50000.0,False,False,0.0,7360.0,2020-07-20T12:41:37
3303,3376,Ms. Nicole Webb,Jay Russell,RNVV51983315806829,62,0.6189278945,0.0,2017-11-30T00:00:00,80,34503.01,10000.0,AprovadoAnalista,De 31 a 50 % - Médio,0.6607142857142857,0.3392857142857142,0.991428482966664,10000.0,,2019-12-31T00:00:00,6984429.0,715860.0,6984088.0,6268227.0,0.0,0.0,2246701.0,2513236.0,2305957.0,12.0,207279.0,2012.0,De 6 a 10 anos,300000.0,False,True,0.8464687728,720.0,2020-07-20T12:55:26
3306,3379,Dr. Rita Robinson,Elaine Hawkins,OKRW24435138073897,79,0.4123809234,0.0,2006-01-23T00:00:00,51,788908.66,2200000.0,AprovadoComite,De 31 a 50 % - Médio,0.625,0.375,0.768394914892389,1500000.0,2020-07-20T19:52:21,2019-09-30T03:00:00,224793000.0,121726000.0,257240000.0,84877000.0,62026000.0,75206000.0,25561000.0,280055000.0,81777000.0,9.0,198278000.0,1991.0,Acima de 17 anos,69000000.0,True,False,0.9999818961,0.0,
3312,3385,Laura Taylor-Jones,Dr. Luke Marsh,GPRI81316087934659,60,0.0,,2017-03-09T14:26:13,0,0.0,20000.0,AprovadoAnalista,De 31 a 50 % - Médio,0.5357142857142857,0.4642857142857142,0.375328340830402,8000.0,,,,,,,,,,5610131.0,0.0,12.0,0.0,2001.0,Acima de 17 anos,500000.0,False,True,0.0,632880.0,2020-07-20T18:04:56
3321,3394,Brian Ferguson,Mr. Charles Thomas,FIGO66059539305030,3,0.4227695299,0.0,2019-03-12T00:00:00,12,2916.0,30000.0,AprovadoAnalista,De 31 a 50 % - Médio,0.5357142857142857,0.4642857142857142,0.0,15000.0,,,,,,,,,,0.0,0.0,1.0,0.0,2016.0,De 0 a 5 anos,300000.0,False,True,1.0,8640.0,2020-07-20T18:33:05
3322,3395,Vanessa Lewis,Graeme Storey,GIGH19668946585573,3,0.4534146011,0.0,2016-08-25T00:00:00,53,840.0,10000.0,AprovadoAnalista,De 31 a 50 % - Médio,0.5357142857142857,0.4642857142857142,0.0,10000.0,,,,,,,,,,0.0,0.0,1.0,0.0,2015.0,De 0 a 5 anos,50000.0,False,True,1.0,23987.0,2020-07-20T18:39:36
3336,3409,Jessica Hughes,Sophie Powell,PMUO95840226130668,0,0.0,0.0,,0,0.0,140000.0,AprovadoAnalista,De 31 a 50 % - Médio,0.6428571428571428,0.3571428571428571,0.0,23000.0,,2019-12-31T03:00:00,692615.0,796197.0,741581.0,-54614.0,28328.0,547698.0,0.0,3664930.0,907049.0,12.0,2757881.0,2011.0,De 6 a 10 anos,72400.0,False,True,0.0,33040.0,2020-07-20T20:33:10
3337,3410,Clare Newton,Ms. Gail Hill,VPHF31719668379280,7,0.0550653092,0.0,2019-03-28T00:00:00,0,0.0,160000.0,AprovadoAnalista,De 31 a 50 % - Médio,0.625,0.375,0.0,160000.0,,2019-12-31T03:00:00,10938006.0,2003960.0,12193006.0,488144.0,506955.0,1489400.0,7621578.0,11785502.0,0.0,12.0,0.0,2018.0,De 0 a 5 anos,600000.0,False,True,1.0,720.0,2020-07-20T20:38:12
3338,3411,William Cross,Nathan Jones,XJMR91365010548565,6,0.287824889,0.0,2018-05-29T00:00:00,0,0.0,15000.0,AprovadoAnalista,De 31 a 50 % - Médio,0.5178571428571428,0.4821428571428571,0.866025403784438,15000.0,,,,,,,,,,582951.0,0.0,12.0,0.0,2017.0,De 0 a 5 anos,100000.0,True,False,1.0,3330.0,2020-07-20T20:39:43
3342,3415,Mr. Cameron Evans,Judith Fowler,ASYQ56754435258650,29,0.6599290191,0.0,2020-07-06T00:00:00,0,0.0,30000.0,AprovadoAnalista,De 31 a 50 % - Médio,0.5714285714285714,0.4285714285714285,0.0,10000.0,,,,,,,,,,409756.0,0.0,5.0,0.0,2006.0,De 11 a 16 anos,10000.0,False,True,1.0,1480.0,2020-07-21T14:24:40
3345,3418,Leigh Bailey,Colin Evans,TLUZ01264776107138,16,0.5204969471,0.0,2018-01-22T00:00:00,33,8254.4,25000.0,AprovadoAnalista,De 31 a 50 % - Médio,0.6071428571428571,0.3928571428571428,0.866025403784439,25000.0,,2019-12-31T00:00:00,1794670.0,628842.0,2258487.0,379377.0,68400.0,466461.0,1198050.0,3329399.0,1708721.0,12.0,1620678.0,2015.0,De 0 a 5 anos,100000.0,False,True,1.0,25484.0,2020-07-21T15:01:44
3346,3419,Bethany Turner,Graeme Turnbull,DRLH79413672718892,0,0.5143666319,0.0,2019-11-13T00:00:00,97,3916.18,10000.0,AprovadoAnalista,De 31 a 50 % - Médio,0.6785714285714285,0.3214285714285714,0.0,5000.0,,,,,,,,,,642374.0,0.0,12.0,0.0,2019.0,De 0 a 5 anos,50000.0,False,False,1.0,122100.0,2020-07-21T15:03:45
3351,3424,Victoria Smith,Ms. Jemma Roberts,XVTC97650951609322,26,0.4689179917,0.0,2020-05-25T00:00:00,19,340109.96,500000.0,AprovadoComite,De 31 a 50 % - Médio,0.5357142857142857,0.4642857142857142,0.0,200000.0,2020-07-21T13:47:52,,,,,,,,,0.0,0.0,1.0,0.0,2015.0,De 0 a 5 anos,80000.0,False,True,1.0,62100.0,
3358,3431,Anne Reynolds-Allan,Leonard King,JIZH39563758226581,3,0.3176916667,0.0,2018-05-17T00:00:00,0,0.0,30000.0,AprovadoAnalista,De 31 a 50 % - Médio,0.5892857142857142,0.4107142857142857,0.0,20000.0,,2019-12-31T00:00:00,0.0,0.0,0.0,0.0,0.0,0.0,0.0,1276236.0,0.0,12.0,0.0,2018.0,De 0 a 5 anos,150000.0,False,True,1.0,5280.0,2020-07-21T15:51:56
3360,3433,Douglas Taylor,Dale Lowe,JXCH36268697453955,18,0.3745726656,0.0,2014-02-21T00:00:00,44,90290.9,60000.0,AprovadoAnalista,De 31 a 50 % - Médio,0.6785714285714285,0.3214285714285714,0.944120201989244,20000.0,,2019-09-30T00:00:00,2655027.0,2666384.0,3522857.0,464879.0,422216.0,1202929.0,452251.0,9049348.0,-167469.0,9.0,9216817.0,2009.0,De 11 a 16 anos,30000.0,False,False,0.8306436156,106800.0,2020-07-21T17:43:19
3361,3434,Stanley Walker,Mary Harrison,TKER72373391424695,107,0.6087450151,0.0,2016-06-15T00:00:00,35,29100.0,20000.0,AprovadoAnalista,De 31 a 50 % - Médio,0.5535714285714285,0.4464285714285714,0.999924122550094,20000.0,,,,,,,,,,6747986.0,0.0,12.0,0.0,2009.0,De 11 a 16 anos,250000.0,False,True,0.6949513444,252414.0,2020-07-21T17:46:32
3364,3437,Eric Hill-Higgins,Chloe Chapman,AWLB59487092897674,46,0.467796779,0.0,2010-12-09T00:00:00,0,0.0,15000.0,AprovadoAnalista,De 31 a 50 % - Médio,0.625,0.375,0.509558912586152,10000.0,,2020-05-31T00:00:00,2636169.0,1385413.0,2808212.0,692722.0,59252.0,1513358.0,329066.0,4418941.0,2861899.0,5.0,1557042.0,2009.0,De 11 a 16 anos,700000.0,True,False,0.5180531,487713.0,2020-07-21T18:37:53
3365,3438,Sophie Gregory,Aaron Sheppard-Martin,CCNN68995260849827,79,0.3793522128,0.0,2006-03-27T00:00:00,0,1000.0,20000.0,AprovadoAnalista,De 31 a 50 % - Médio,0.6071428571428571,0.3928571428571428,-0.738034589045169,15000.0,,2019-12-31T00:00:00,1615709.0,814660.0,1624556.0,809896.0,13246.0,1078379.0,531019.0,1563538.0,569932.0,12.0,993606.0,2003.0,Acima de 17 anos,200000.0,False,True,0.8333885823,4860.0,2020-07-21T18:41:15
3368,3441,Glen Gill,Shirley Hanson-Harrison,HXEY17172238017839,12,0.5897155712,0.0,2013-04-05T00:00:00,0,0.0,20000.0,AprovadoAnalista,De 31 a 50 % - Médio,0.5892857142857142,0.4107142857142857,0.0,20000.0,,,,,,,,,,3410099.0,0.0,12.0,0.0,1986.0,Acima de 17 anos,110000.0,False,True,1.0,156000.0,2020-07-21T20:02:29
3378,3451,Dr. Dylan Harris,Mrs. Julie Forster,PWER73798838345083,3,0.5990610826,0.49506232,2020-07-16T00:00:00,0,0.0,50000.0,AprovadoAnalista,De 31 a 50 % - Médio,0.5714285714285714,0.4285714285714285,0.0,15000.0,,,,,,,,,,619991.0,0.0,6.0,0.0,2018.0,De 0 a 5 anos,3000.0,False,True,1.0,720.0,2020-07-21T20:29:51
3379,3452,Kathleen Jones,Toby Coleman,TWLY57287382223459,3,0.0,,2019-10-10T11:47:29,0,0.0,1300000.0,AprovadoComite,De 31 a 50 % - Médio,0.5357142857142857,0.4642857142857142,0.0,1000000.0,2020-07-22T11:32:59,,,,,,,,,0.0,0.0,1.0,0.0,2019.0,De 0 a 5 anos,100000.0,False,True,0.0,68400.0,
3384,3457,Brandon Wilson,Lisa Cameron,JKGJ86804363799426,17,0.3110553406,0.0,2016-02-02T00:00:00,16,14250.2,40000.0,AprovadoAnalista,De 31 a 50 % - Médio,0.5357142857142857,0.4642857142857142,0.966219514587816,15000.0,,,,,,,,,,1198468.0,0.0,12.0,0.0,2012.0,De 6 a 10 anos,73000.0,False,True,1.0,17820.0,2020-07-21T20:55:07
3387,3460,Samuel Hall,Bryan Evans,LMUD99155275729553,0,0.5448081389,0.0,2020-06-09T00:00:00,0,0.0,20000.0,AprovadoAnalista,De 31 a 50 % - Médio,0.6785714285714285,0.3214285714285714,0.0,20000.0,,,,,,,,,,13314982.0,0.0,12.0,0.0,2016.0,De 0 a 5 anos,95400.0,False,True,1.0,345000.0,2020-07-22T12:55:35
3388,3461,Douglas Taylor,Dale Lowe,JXCH36268697453955,18,0.3745726656,0.0,2014-02-21T00:00:00,44,90290.9,60000.0,AprovadoAnalista,De 31 a 50 % - Médio,0.625,0.375,0.944120201989244,35000.0,,2019-12-31T03:00:00,2759006.0,3330872.0,3517355.0,78710.0,741650.0,264302.0,507868.0,12035481.0,5540332.0,12.0,6495149.0,2009.0,De 11 a 16 anos,30000.0,False,False,0.8306436156,106800.0,2020-07-22T12:52:35
3393,3466,Gregory Smith-Carter,Miss Charlotte Clark,LWJH30689749886218,23,0.3308452671,0.0,2017-08-07T00:00:00,0,0.0,30000.0,AprovadoAnalista,De 31 a 50 % - Médio,0.5892857142857142,0.4107142857142857,0.0,10000.0,,,,,,,,,,829124.0,-165728.0,12.0,994852.0,2012.0,De 6 a 10 anos,100000.0,False,True,1.0,7400.0,2020-07-22T13:12:20
3395,3468,Ross Dixon,Jenna Hamilton,BURR08716804692293,3,0.4267279522,0.0,2014-04-30T00:00:00,0,0.0,40000.0,AprovadoAnalista,De 31 a 50 % - Médio,0.6428571428571428,0.3571428571428571,0.0,35000.0,,,,,,,,,,756168.0,0.0,12.0,0.0,2013.0,De 6 a 10 anos,100000.0,False,True,1.0,122100.0,2020-07-22T14:23:23
3397,3470,Elliot Smith,Dr. Antony Clark,SBTO02806906107421,14,0.5201578649,0.0,2013-11-05T00:00:00,0,0.0,20000.0,AprovadoAnalista,De 31 a 50 % - Médio,0.6071428571428571,0.3928571428571428,0.0,20000.0,,2018-12-31T00:00:00,0.0,0.0,0.0,0.0,0.0,0.0,0.0,1069685.0,0.0,12.0,0.0,2013.0,De 6 a 10 anos,72400.0,True,True,1.0,3960.0,2020-07-22T14:41:08
3398,3471,Frank Sullivan,Natalie King,NMFH55661019134279,17,0.368013309,0.0,2016-02-02T00:00:00,13,5450.0,50000.0,AprovadoAnalista,De 31 a 50 % - Médio,0.6428571428571428,0.3571428571428571,0.0369729544760378,50000.0,,2019-12-31T00:00:00,2648895.0,40921.0,2694461.0,2541835.0,33500.0,1379822.0,230000.0,5406990.0,2246205.0,12.0,3160785.0,2015.0,De 0 a 5 anos,150000.0,False,True,0.9639938015,42280.0,2020-07-22T14:43:46
3400,3473,Terence Foster,Brandon Gibson,QHZV29713047888758,93,0.5669856041,0.0,2011-11-24T00:00:00,0,0.0,30000.0,AprovadoAnalista,De 31 a 50 % - Médio,0.5892857142857142,0.4107142857142857,-1.1e-15,15000.0,,,,,,,,,,320858.0,0.0,2.0,0.0,2010.0,De 6 a 10 anos,10000.0,False,True,1.0,8640.0,2020-07-22T14:49:57
3403,3476,Mr. Brandon Harvey,Gerald Carter,BAKQ80361753127845,6,0.4200234266,0.0,2019-11-08T00:00:00,0,0.0,10000.0,AprovadoAnalista,De 31 a 50 % - Médio,0.6428571428571428,0.3571428571428571,0.0,10000.0,,,,,,,,,,657833.0,0.0,10.0,0.0,1996.0,Acima de 17 anos,10000.0,False,False,1.0,33000.0,2020-07-22T14:56:16
3409,3482,Eileen Wilson,Leah Oliver,IFBY01637045967891,40,0.4932755544,0.0,2013-11-28T00:00:00,0,0.0,200000.0,AprovadoAnalista,De 31 a 50 % - Médio,0.6071428571428571,0.3928571428571428,0.0518592759360114,200000.0,,,,,,,,,,0.0,0.0,1.0,0.0,2007.0,De 11 a 16 anos,5000000.0,True,False,0.9526697043,4248000.0,2020-07-22T17:15:45
3414,3487,Sam Carey,Dr. Bethany Stephens,JUTB52764243383702,10,0.0486285157,0.0,2019-02-27T00:00:00,203,7182.0,30000.0,AprovadoAnalista,De 31 a 50 % - Médio,0.5357142857142857,0.4642857142857142,0.866025403784438,5000.0,,,,,,,,,,0.0,0.0,1.0,0.0,2017.0,De 0 a 5 anos,50000.0,False,False,1.0,2640.0,2020-07-22T18:54:31
3416,3489,Janice Mellor,Dr. Naomi Hunt,DHIQ17375149374504,0,0.5821607878,0.0,2013-09-18T00:00:00,0,0.0,30000.0,ReprovadoAnalista,De 31 a 50 % - Médio,0.6607142857142857,0.3392857142857142,0.0,,,,,,,,,,,1857679.0,0.0,12.0,0.0,2013.0,De 6 a 10 anos,100000.0,True,True,1.0,0.0,
3420,3493,Lindsey Hunt-Brown,Mr. Bernard Hutchinson,WWRH55472016049075,3,0.0,,2020-07-28T10:35:36,0,0.0,500000.0,ReprovadoAnalista,De 31 a 50 % - Médio,0.6607142857142857,0.3392857142857142,0.0,,,2019-12-31T03:00:00,634924000.0,328532000.0,910616000.0,910616000.0,7194000.0,138580000.0,412125000.0,0.0,0.0,1.0,0.0,1995.0,Acima de 17 anos,6792500.0,True,False,0.0,64296176.0,
3426,3499,Amber Evans,Jennifer Little-Allan,HHDV87070786136116,8,0.5741542772,0.0,2016-04-15T00:00:00,3,40293.08,2000000.0,AprovadoComite,De 31 a 50 % - Médio,0.6428571428571428,0.3571428571428571,0.876721752370822,800000.0,2020-07-22T22:24:30,2019-12-31T03:00:00,52193824.0,54522992.0,56131518.0,1000000.0,608525.0,22968974.0,18059756.0,138427655.0,56945272.0,12.0,81482383.0,2015.0,De 0 a 5 anos,1000000.0,False,True,0.9967354229,12342768.0,
3436,3509,Amber Evans,Jennifer Little-Allan,HHDV87070786136116,8,0.5741542772,0.0,2016-04-15T00:00:00,3,40293.08,1500000.0,AprovadoAnalista,De 31 a 50 % - Médio,0.6428571428571428,0.3571428571428571,0.876721752370822,1500000.0,,2019-12-31T03:00:00,52193824.0,54522992.0,56131518.0,1000000.0,608525.0,22968974.0,18059756.0,138427655.0,56945272.0,12.0,81482383.0,2015.0,De 0 a 5 anos,1000000.0,False,True,0.9967354229,12342768.0,2020-07-23T12:34:53
3437,3510,Dale Hicks,Dr. Lynne Taylor,YGAV24439860580925,4,0.4739860289,0.0,2019-03-26T00:00:00,0,0.0,10000.0,AprovadoAnalista,De 31 a 50 % - Médio,0.6428571428571428,0.3571428571428571,0.0,6000.0,,,,,,,,,,260114.0,0.0,12.0,0.0,2019.0,De 0 a 5 anos,100000.0,False,False,1.0,4400.0,2020-07-23T13:43:27
3440,3513,Ashleigh Brown-Harrison,Ms. Debra Leach,HUJZ10998040233700,3,0.4444104952,0.0,2019-03-28T00:00:00,2,3310.89,85000.0,AprovadoAnalista,De 31 a 50 % - Médio,0.5892857142857142,0.4107142857142857,0.0,85000.0,,2020-03-31T03:00:00,11966679.0,3952216.0,12139199.0,7455030.0,1000000.0,4465307.0,3589317.0,8930896.0,3004491.0,3.0,5926405.0,2017.0,De 0 a 5 anos,300000.0,False,True,1.0,50000.0,2020-07-23T14:27:51
3444,3517,Ashleigh Brown-Harrison,Ms. Debra Leach,HUJZ10998040233700,3,0.4444104952,0.0,2019-03-28T00:00:00,2,3310.89,120000.0,AprovadoAnalista,De 31 a 50 % - Médio,0.5892857142857142,0.4107142857142857,0.0,120000.0,,2020-03-31T03:00:00,11966679.0,3952216.0,12139199.0,7455030.0,1000000.0,4465307.0,3589317.0,8930896.0,3004491.0,3.0,5926405.0,2017.0,De 0 a 5 anos,300000.0,False,True,1.0,50000.0,2020-07-23T14:49:42
3447,3520,Dr. Tracy Chandler,Dr. Sarah Turner,FFYN25302864354791,22,0.3526450637,0.0,2015-08-18T00:00:00,15,18185.3,200000.0,AprovadoComite,De 31 a 50 % - Médio,0.6071428571428571,0.3928571428571428,0.997894331866043,100000.0,2020-07-23T18:12:25,2019-12-31T03:00:00,4054209.0,3304081.0,4256415.0,914803.0,680431.0,2162369.0,1714930.0,4354907.0,1319645.0,12.0,3035262.0,2014.0,De 6 a 10 anos,180000.0,False,True,0.9761517295,53400.0,
3449,3522,Miss Angela Baker,Dr. Frederick Cooper,WVXT55510443217415,57,0.1877488153,0.0,2014-01-10T00:00:00,0,0.0,30000.0,ReprovadoAnalista,De 31 a 50 % - Médio,0.5178571428571428,0.4821428571428571,0.109902285645256,,,2019-12-31T00:00:00,1731656.0,287555.0,1779825.0,1492270.0,89330.0,0.0,1714492.0,1147373.0,1095075.0,12.0,52298.0,2013.0,De 6 a 10 anos,80000.0,False,True,0.6901990073,25800.0,
3459,3532,Louise Davies,Dr. Nigel Peters,ABGB63739462819218,21,0.5881468596,0.0,2010-08-17T00:00:00,0,0.0,20000.0,AprovadoAnalista,De 31 a 50 % - Médio,0.6428571428571428,0.3571428571428571,0.830822563812937,15000.0,,,,,,,,,,4905479.0,0.0,12.0,0.0,2002.0,Acima de 17 anos,100000.0,False,True,0.9783789146,131505.0,2020-07-23T18:38:46
3469,3542,Dr. Tom Owen,Ms. Laura Jones,VSIF58228032234545,2,0.1331797028,0.0,2017-07-19T00:00:00,0,0.0,20000.0,AprovadoAnalista,De 31 a 50 % - Médio,0.5714285714285714,0.4285714285714285,0.0,10000.0,,2019-12-31T00:00:00,101975.0,78126.0,101975.0,23848.0,0.0,71103.0,0.0,280034.0,82438.0,12.0,197596.0,2017.0,De 0 a 5 anos,95000.0,False,True,1.0,5120.0,2020-07-23T20:51:10
3473,3546,Dr. Katy Campbell,Charles Harvey,EPTF32156145712225,0,0.4420691703,0.0,2020-04-07T00:00:00,0,3302.2,20000.0,AprovadoAnalista,De 31 a 50 % - Médio,0.6428571428571428,0.3571428571428571,0.0,15000.0,,,,,,,,,,6800762.0,0.0,12.0,0.0,2017.0,De 0 a 5 anos,88000.0,False,True,1.0,48600.0,2020-07-24T13:56:53
3481,3554,Francesca McKenzie-Collins,Nathan Jones,GZCK88227659465876,27,0.0,,2018-08-14T17:49:56,0,0.0,10000.0,ReprovadoAnalista,De 31 a 50 % - Médio,0.5535714285714285,0.4464285714285714,0.866025403784439,,,2019-12-31T00:00:00,241533.0,38120.0,241533.0,203412.0,0.0,16048.0,189241.0,496968.0,243515.0,12.0,253453.0,2018.0,De 0 a 5 anos,20000.0,False,False,0.0,1480.0,
3488,3561,Phillip Barber,Paula Bennett,LPFJ21465680706778,3,0.4121689535,0.0,2017-11-10T00:00:00,37,17996.78,35000.0,AprovadoAnalista,De 31 a 50 % - Médio,0.6428571428571428,0.3571428571428571,0.0,25000.0,,,,,,,,,,909059.0,0.0,12.0,0.0,2017.0,De 0 a 5 anos,30000.0,False,False,1.0,16200.0,2020-07-24T18:11:56
3491,3564,Dr. Callum Warner,Samantha Field,MTPH85183072573357,99,0.0,,2006-06-13T17:04:22,0,0.0,50000.0,ReprovadoAnalista,De 31 a 50 % - Médio,0.6607142857142857,0.3392857142857142,0.0,,,,,,,,,,,9724562.0,2917369.0,12.0,6807193.0,1990.0,Acima de 17 anos,2500000.0,True,False,0.0,1110.0,
3492,3565,Kate Blackburn,Gareth Hussain,YIQH62542186185688,2,0.5607103857,0.0,2018-08-23T00:00:00,55,5400.0,50000.0,AprovadoAnalista,De 31 a 50 % - Médio,0.625,0.375,0.0,35000.0,,,,,,,,,,9223405.0,0.0,12.0,0.0,2015.0,De 0 a 5 anos,0.0,False,True,1.0,38700.0,2020-07-24T18:20:47
3497,3570,Ms. Diana Rose,Christian Hawkins-Bentley,IMCM05865046111486,5,0.4141159308,0.0,2017-09-04T00:00:00,0,0.0,40000.0,AprovadoAnalista,De 31 a 50 % - Médio,0.6428571428571428,0.3571428571428571,0.0,30000.0,,,,,,,,,,777457.0,0.0,12.0,0.0,1996.0,Acima de 17 anos,100000.0,False,True,0.9996596424,6160.0,2020-07-24T19:09:59
3498,3571,Lynda Pearson,Mr. Stuart Jones,REWP06119465167230,21,0.3720848214,0.0,2012-06-13T00:00:00,0,0.0,22000.0,ReprovadoAnalista,De 31 a 50 % - Médio,0.6071428571428571,0.3928571428571428,0.0,,,,,,,,,,,608900.0,0.0,4.0,0.0,2010.0,De 6 a 10 anos,94000.0,True,True,1.0,9600.0,
3499,3572,Michael Ali,Yvonne Garner,WNMF23294348311972,4,0.437155852,0.0,2019-11-01T00:00:00,0,0.0,20000.0,AprovadoAnalista,De 31 a 50 % - Médio,0.6428571428571428,0.3571428571428571,0.0,10000.0,,,,,,,,,,251070.0,0.0,5.0,0.0,2018.0,De 0 a 5 anos,10000.0,False,False,1.0,3200.0,2020-07-24T19:00:18
3504,3577,Timothy Smith,Sam Collins-Bibi,LYTI34499533573184,1,0.4863966071,0.0,2015-07-28T00:00:00,0,0.0,50000.0,AprovadoAnalista,De 31 a 50 % - Médio,0.6607142857142857,0.3392857142857142,0.0,35000.0,,2019-12-31T00:00:00,2815447.0,4364792.0,3121865.0,-1616253.0,2754072.0,1432523.0,482236.0,5164528.0,0.0,12.0,0.0,2012.0,De 6 a 10 anos,193691.0,False,True,1.0,51600.0,2020-07-24T19:34:09
3505,3578,Dylan Patel,Pamela O'Connor-Elliott,UROK12989214376913,6,0.5139604305,0.0,2017-08-04T00:00:00,0,0.0,34000.0,ReprovadoAnalista,De 31 a 50 % - Médio,0.6785714285714285,0.3214285714285714,-0.940223005840747,,,2019-12-31T00:00:00,13519750.0,0.0,13528750.0,0.0,0.0,24108.0,578566.0,0.0,0.0,1.0,0.0,2000.0,Acima de 17 anos,120000.0,True,False,0.8922904451,1620.0,
3506,3579,Dr. Tracy Chandler,Dr. Sarah Turner,FFYN25302864354791,22,0.3526450637,0.0,2015-08-18T00:00:00,15,18185.3,108000.0,AprovadoAnalista,De 31 a 50 % - Médio,0.6071428571428571,0.3928571428571428,0.997894331866043,108000.0,,2019-12-31T03:00:00,4054209.0,3304081.0,4256415.0,914803.0,680431.0,2162369.0,1714930.0,4354907.0,1319645.0,12.0,3035262.0,2014.0,De 6 a 10 anos,180000.0,False,True,0.9761517295,53400.0,2020-07-24T19:34:38
3507,3580,Megan Reynolds,Mr. Stuart Jones,JNIU99569015376320,0,0.3349973009,0.0,2017-03-13T00:00:00,0,0.0,10000.0,AprovadoAnalista,De 31 a 50 % - Médio,0.5357142857142857,0.4642857142857142,0.0,10000.0,,,,,,,,,,967102.0,0.0,12.0,0.0,2015.0,De 0 a 5 anos,20000.0,False,True,1.0,11840.0,2020-07-24T19:45:38
3508,3581,Shane Jones,Naomi Collins-West,MKJF58620620105856,117,0.0,0.0,2006-03-16T00:00:00,0,0.0,400000.0,AprovadoComite,De 31 a 50 % - Médio,0.6428571428571428,0.3571428571428571,0.0,400000.0,2020-07-24T19:41:42,2017-12-31T02:00:00,6706431.0,4820790.0,24031756.0,-107626630.0,0.0,4531526.0,1630445.0,0.0,0.0,1.0,0.0,1985.0,Acima de 17 anos,15230000.0,False,False,1.0,2220000.0,
3512,3585,Mathew Mitchell,Graham Collins-Pugh,TPAP99152822865357,22,0.2502195751,0.0,2017-12-12T00:00:00,42,21113.39,50000.0,AprovadoAnalista,De 31 a 50 % - Médio,0.5892857142857142,0.4107142857142857,0.0,30000.0,,,,,,,,,,1308080.0,0.0,12.0,0.0,2007.0,De 11 a 16 anos,30000.0,False,False,1.0,81400.0,2020-07-27T14:11:11
3521,3594,Guy Ellis-Hughes,Barry Nicholls-Winter,FPKG36165827910951,17,0.3594557077,0.0,2018-01-31T00:00:00,0,0.0,60000.0,AprovadoAnalista,De 31 a 50 % - Médio,0.625,0.375,0.0,50000.0,,2018-12-31T02:00:00,0.0,0.0,0.0,0.0,0.0,0.0,0.0,6887316.0,0.0,12.0,0.0,1991.0,Acima de 17 anos,400000.0,False,True,1.0,140600.0,2020-07-27T18:38:34
3524,3597,Peter Barlow,Mrs. Sally Walker,FOZQ39728582407424,103,0.4744776638,0.0,2016-08-02T00:00:00,0,0.0,15000.0,AprovadoAnalista,De 31 a 50 % - Médio,0.5535714285714285,0.4464285714285714,0.96927554762106,5000.0,,,,,,,,,,3808903.0,0.0,12.0,0.0,2001.0,Acima de 17 anos,99800.0,False,True,0.8943651265,4300.0,2020-07-27T19:14:00
3528,3601,Dr. Tracy Chandler,Dr. Sarah Turner,FFYN25302864354791,22,0.3526450637,0.0,2015-08-18T00:00:00,15,18185.3,105000.0,AprovadoAnalista,De 31 a 50 % - Médio,0.6071428571428571,0.3928571428571428,0.997894331866043,105000.0,,2019-12-31T03:00:00,4054209.0,3304081.0,4256415.0,914803.0,680431.0,2162369.0,1714930.0,4354907.0,1319645.0,12.0,3035262.0,2014.0,De 6 a 10 anos,180000.0,False,True,0.9761517295,53400.0,2020-07-27T21:14:54
3529,3602,Suzanne Smith,Marian Day,AVAO63044598911311,14,0.5650457739,0.0,2019-12-17T00:00:00,42,118195.87,170000.0,AprovadoAnalista,De 31 a 50 % - Médio,0.6428571428571428,0.3571428571428571,0.0,170000.0,,2019-12-31T03:00:00,40147679.0,40222591.0,56028277.0,15136282.0,15775862.0,14799137.0,23664583.0,119119198.0,31888914.0,12.0,87230284.0,2004.0,De 11 a 16 anos,3000000.0,False,True,1.0,6480000.0,2020-07-28T13:01:15
3540,3613,Dr. Marion Miller,Benjamin Brown-Evans,MOLC95396719727980,13,0.4256613191,0.0,2017-01-30T00:00:00,31,14025.0,120000.0,AprovadoAnalista,De 31 a 50 % - Médio,0.5535714285714285,0.4464285714285714,0.0,120000.0,,2020-06-30T03:00:00,1156161.0,895057.0,1481518.0,-47052.0,251470.0,899221.0,441519.0,5436263.0,2058404.0,6.0,3377859.0,2016.0,De 0 a 5 anos,30000.0,False,False,1.0,52800.0,2020-07-28T13:46:20
3543,3616,Justin Moore,Elliot Welch,HBBY23279208444554,6,0.0,,2019-11-26T16:03:46,0,0.0,10000.0,AprovadoAnalista,De 31 a 50 % - Médio,0.6428571428571428,0.3571428571428571,0.0,10000.0,,,,,,,,,,218262.0,0.0,5.0,0.0,2019.0,De 0 a 5 anos,20000.0,False,False,0.0,3240.0,2020-07-28T13:59:00
3545,3618,Robin Carpenter,Mr. Josh White,IMWA08405853350486,42,0.2795324133,0.0,2006-08-16T00:00:00,0,0.0,20000.0,AprovadoAnalista,De 31 a 50 % - Médio,0.6428571428571428,0.3571428571428571,0.759581951290129,10000.0,,,,,,,,,,3130563.0,0.0,12.0,0.0,2000.0,Acima de 17 anos,5000.0,False,False,1.0,19800.0,2020-07-28T15:10:52
3546,3619,Mathew Mitchell,Graham Collins-Pugh,TPAP99152822865357,22,0.2502195751,0.0,2017-12-12T00:00:00,42,21113.39,40000.0,AprovadoAnalista,De 31 a 50 % - Médio,0.5892857142857142,0.4107142857142857,0.0,40000.0,,,,,,,,,,1308080.0,0.0,12.0,0.0,2007.0,De 11 a 16 anos,30000.0,False,False,1.0,81400.0,2020-07-28T15:13:15
3548,3621,Simon Peacock,Sally Young,NRUC91959983742030,9,0.5365127399,0.0,2010-09-17T00:00:00,9,12018.83,200000.0,AprovadoAnalista,De 31 a 50 % - Médio,0.625,0.375,0.866025403784439,200000.0,,2019-12-31T03:00:00,55918000.0,12762000.0,86810000.0,72069000.0,2524000.0,32433000.0,19497000.0,67143000.0,25210000.0,12.0,41933000.0,2002.0,Acima de 17 anos,500000.0,True,True,1.0,2525360.0,2020-07-28T17:51:02
3549,3622,Miss Holly Dyer,Louis O'Donnell,LAHP29255752573624,65,0.326171528,0.0,2012-05-16T00:00:00,0,0.0,25000.0,AprovadoAnalista,De 31 a 50 % - Médio,0.6607142857142857,0.3392857142857142,0.887153704499029,7000.0,,,,,,,,,,4424052.0,0.0,12.0,0.0,2011.0,De 6 a 10 anos,10000.0,False,False,0.9342657706,25200.0,2020-07-28T17:52:56
3552,3625,Ms. Emily Franklin,Denise Metcalfe,MQVK07333858929355,4,0.3622206994,0.0,2018-04-06T00:00:00,0,0.0,45000.0,AprovadoAnalista,De 31 a 50 % - Médio,0.6428571428571428,0.3571428571428571,0.0,10000.0,,,,,,,,,,406117.0,0.0,12.0,0.0,2018.0,De 0 a 5 anos,15000.0,False,False,1.0,3840.0,2020-07-28T18:37:16
3555,3628,Timothy Smith,Sam Collins-Bibi,LYTI34499533573184,1,0.4863966071,0.0,2015-07-28T00:00:00,0,0.0,70000.0,AprovadoAnalista,De 31 a 50 % - Médio,0.6607142857142857,0.3392857142857142,0.0,35000.0,,2019-09-30T03:00:00,2815447.0,4364792.0,3121865.0,-1616253.0,2754072.0,1432523.0,482236.0,791632.0,231889.0,3.0,559743.0,2012.0,De 6 a 10 anos,193691.0,False,True,1.0,51600.0,2020-07-28T19:09:01
3556,3629,Ian Miller,Mrs. Jacqueline Watkins,GYGE33983390446233,3,0.6727071429,0.0,2018-06-26T00:00:00,0,0.0,15000.0,AprovadoAnalista,De 31 a 50 % - Médio,0.6785714285714285,0.3214285714285714,0.0,5000.0,,,,,,,,,,535589.0,0.0,12.0,0.0,2013.0,De 6 a 10 anos,5000.0,False,True,1.0,6210.0,2020-07-28T19:11:48
3563,3636,Darren Davies,Ms. Irene Roberts,JKVH25350554879768,0,0.2351149187,0.0,2019-03-21T00:00:00,0,0.0,20000.0,AprovadoAnalista,De 31 a 50 % - Médio,0.625,0.375,0.0,20000.0,,,,,,,,,,3642973.0,0.0,12.0,0.0,2017.0,De 0 a 5 anos,200000.0,False,True,1.0,4440.0,2020-07-28T20:46:59
3567,3640,Dominic Gardner-Power,Mr. Raymond Potts,KSOW42272877316783,7,0.5998675045,0.0,2018-10-23T00:00:00,0,0.0,30000.0,AprovadoAnalista,De 31 a 50 % - Médio,0.5357142857142857,0.4642857142857142,0.0,30000.0,,,,,,,,,,1311228.0,0.0,12.0,0.0,2018.0,De 0 a 5 anos,50000.0,False,True,1.0,13200.0,2020-07-28T20:59:53
3568,3641,Peter Barlow,Mrs. Sally Walker,FOZQ39728582407424,103,0.4744776638,0.0,2016-08-02T00:00:00,0,0.0,7000.0,AprovadoAnalista,De 31 a 50 % - Médio,0.5535714285714285,0.4464285714285714,0.96927554762106,7000.0,,,,,,,,,,3808903.0,0.0,12.0,0.0,2001.0,Acima de 17 anos,99800.0,False,True,0.8943651265,4300.0,2020-07-29T13:05:45
3571,3644,Suzanne Smith,Marian Day,AVAO63044598911311,14,0.5650457739,0.0,2019-12-17T00:00:00,42,118195.87,190000.0,AprovadoAnalista,De 31 a 50 % - Médio,0.6428571428571428,0.3571428571428571,0.0,190000.0,,2019-12-31T03:00:00,40147679.0,40222591.0,56028277.0,15136282.0,15775862.0,14799137.0,23664583.0,119119198.0,31888914.0,12.0,87230284.0,2004.0,De 11 a 16 anos,3000000.0,False,True,1.0,6480000.0,2020-07-29T13:05:00
3573,3646,Alexander Birch-Goddard,Edward Potter,WJON98010373261861,7,0.5013081671,0.0,2017-07-21T00:00:00,215,39173.13,70000.0,AprovadoAnalista,De 31 a 50 % - Médio,0.6607142857142857,0.3392857142857142,0.866025403784439,40000.0,,2018-12-31T02:00:00,0.0,0.0,0.0,0.0,0.0,0.0,0.0,2120088.0,0.0,12.0,0.0,2014.0,De 6 a 10 anos,100000.0,False,True,1.0,46200.0,2020-07-29T13:15:18
3574,3647,Dr. Alexandra Pearce,Brenda Begum,BYBT78372454417353,4,0.4481176357,0.0,2019-05-30T00:00:00,0,15600.0,30000.0,AprovadoAnalista,De 31 a 50 % - Médio,0.6785714285714285,0.3214285714285714,0.0,15000.0,,,,,,,,,,730444.0,0.0,12.0,0.0,2018.0,De 0 a 5 anos,20000.0,False,False,1.0,1760.0,2020-07-29T13:20:31
3575,3648,Sian Evans,Marie Chapman,AXJA46741304327572,20,0.2964319012,0.0,2017-03-20T00:00:00,0,0.0,30000.0,AprovadoAnalista,De 31 a 50 % - Médio,0.5,0.4999999999999999,0.865836711660915,30000.0,,2019-12-31T00:00:00,3034015.0,3472019.0,3713742.0,241723.0,33657.0,409524.0,1721044.0,4101313.0,2060458.0,12.0,2040855.0,2016.0,De 0 a 5 anos,100000.0,False,True,1.0,13200.0,2020-07-29T13:53:54
3584,3657,Mrs. Nicole Parry,Carole Davis,ZUZT79747647875702,0,0.3245100455,0.0,2018-10-24T00:00:00,27,2963.17,20000.0,AprovadoAnalista,De 31 a 50 % - Médio,0.6428571428571428,0.3571428571428571,0.0,20000.0,,,,,,,,,,5136984.0,0.0,12.0,0.0,2018.0,De 0 a 5 anos,180000.0,False,True,1.0,9900.0,2020-07-29T18:23:07
3593,3666,Sophie Williams-Craig,Mr. Guy Lamb,AMVK70950785139481,9,0.6533681481,0.0,2017-04-26T00:00:00,723,513580.14,600000.0,AprovadoAnalista,De 31 a 50 % - Médio,0.625,0.375,0.98453788288906,600000.0,,2019-12-31T03:00:00,14534249.0,121608189.0,22560504.0,10399685.0,7603324.0,7760018.0,5648647.0,56858056.0,24111638.0,12.0,32746418.0,2015.0,De 0 a 5 anos,99800.0,False,True,0.9861354842,1309856.0,2020-07-29T20:05:44
3599,3672,Jason Lawson-Grant,Aimee Cooper,JPUZ50072874608789,4,0.0,,2009-01-15T11:50:06,0,0.0,30000.0,AprovadoAnalista,De 31 a 50 % - Médio,0.5357142857142857,0.4642857142857142,0.0,25000.0,,,,,,,,,,1398369.0,0.0,12.0,0.0,1997.0,Acima de 17 anos,78800.0,False,True,0.0,8640.0,2020-07-30T12:45:22
3603,3676,Timothy Khan,Mr. Alan Martin,LRIZ03645710256655,119,0.3294012033,0.0,2016-10-27T00:00:00,0,0.0,20000.0,ReprovadoAnalista,De 31 a 50 % - Médio,0.5892857142857142,0.4107142857142857,-0.112941726758749,,,,,,,,,,,1163829.0,0.0,12.0,0.0,2013.0,De 6 a 10 anos,10000.0,False,False,0.9628405954,1480.0,
3609,3682,Jill Shah,Catherine John-Young,KHSE54280264956283,3,0.4533904213,0.0,2019-01-11T00:00:00,0,0.0,20000.0,AprovadoAnalista,De 31 a 50 % - Médio,0.6428571428571428,0.3571428571428571,0.0,20000.0,,,,,,,,,,1283091.0,0.0,12.0,0.0,2002.0,Acima de 17 anos,510000.0,False,True,1.0,2640.0,2020-07-30T15:06:13
3622,3695,Dr. Katherine Brown,Leonard Phillips-Wells,OQIW93819789803879,37,0.0,,2018-06-07T09:29:05,0,0.0,20000.0,AprovadoAnalista,De 31 a 50 % - Médio,0.5,0.4999999999999999,0.866025403784439,20000.0,,2018-12-31T00:00:00,0.0,0.0,0.0,0.0,0.0,0.0,0.0,1044990.0,0.0,12.0,0.0,2015.0,De 0 a 5 anos,20000.0,False,True,0.0,1920.0,2020-07-30T18:24:13
3624,3697,Brandon Wilson,Lisa Cameron,JKGJ86804363799426,17,0.3110553406,0.0,2016-02-02T00:00:00,16,14250.2,50000.0,AprovadoAnalista,De 31 a 50 % - Médio,0.6428571428571428,0.3571428571428571,0.966219514587816,25000.0,,2019-12-31T00:00:00,617499.0,23583.0,617499.0,593916.0,0.0,0.0,448028.0,1356476.0,844803.0,12.0,511673.0,2012.0,De 6 a 10 anos,73000.0,False,True,1.0,17820.0,2020-07-30T18:33:31
3627,3700,June Sharpe,Ms. Katie Hamilton,AIPX51927758701432,22,0.2091506775,0.0,2016-04-18T00:00:00,0,0.0,15000.0,AprovadoAnalista,De 31 a 50 % - Médio,0.5714285714285714,0.4285714285714285,0.0,10000.0,,,,,,,,,,762428.0,0.0,12.0,0.0,2016.0,De 0 a 5 anos,10000.0,False,False,0.6806767116,10560.0,2020-07-30T19:15:05
3628,3701,Ms. Janice Hewitt,Kathleen Turner,WXGP05968206409100,58,0.4239918686,0.0,2009-02-02T00:00:00,0,0.0,50000.0,AprovadoAnalista,De 31 a 50 % - Médio,0.6071428571428571,0.3928571428571428,0.0,30000.0,,2019-12-31T00:00:00,296299.0,611343.0,511329.0,-157004.0,201098.0,575206.0,0.0,7497219.0,3504774.0,12.0,3992445.0,1993.0,Acima de 17 anos,290000.0,False,True,1.0,57000.0,2020-07-30T19:29:59
3631,3704,Clive Parkin-Hurst,Arthur Sinclair,GTMK03848083681073,0,0.3599646281,0.0,2017-10-06T00:00:00,0,0.0,25000.0,ReprovadoAnalista,De 31 a 50 % - Médio,0.6428571428571428,0.3571428571428571,0.0,,,,,,,,,,,0.0,0.0,1.0,0.0,2017.0,De 0 a 5 anos,93700.0,False,False,1.0,2430.0,
3637,3710,Miss Anna Ross,James Matthews,RKGL05620009953075,23,0.4455297784,0.0,2018-07-24T00:00:00,0,0.0,10000.0,AprovadoAnalista,De 31 a 50 % - Médio,0.5535714285714285,0.4464285714285714,0.866025403784439,5000.0,,,,,,,,,,529682.0,0.0,12.0,0.0,1998.0,Acima de 17 anos,60000.0,False,False,1.0,5920.0,2020-07-30T20:25:31
3638,3711,Shannon Evans,Stewart Fisher,ZXOH34061227638698,37,0.3418942725,0.0,2018-08-23T00:00:00,0,0.0,15000.0,ReprovadoAnalista,De 31 a 50 % - Médio,0.5714285714285714,0.4285714285714285,0.909691558150421,,,,,,,,,,,1595105.0,0.0,12.0,0.0,2013.0,De 6 a 10 anos,10000.0,True,False,0.9480222138,10800.0,
3639,3712,Kelly Baxter,Dr. Pauline Stewart,ZFKA70203512888324,4,0.3569211716,0.0,2019-02-06T00:00:00,15,43239.01,200000.0,AprovadoAnalista,De 31 a 50 % - Médio,0.6607142857142857,0.3392857142857142,0.866025403784439,120000.0,,2019-12-31T03:00:00,6920082.0,1341873.0,7178052.0,4571225.0,402348.0,2762682.0,1252871.0,4013625.0,2213421.0,12.0,1800204.0,2017.0,De 0 a 5 anos,100000.0,False,True,1.0,66000.0,2020-07-30T20:57:03
3641,3714,Toby Ryan,Roy Williams-Jones,GVXV15907942706096,22,0.3364757571,0.0,2018-01-02T00:00:00,40,24655.27,40000.0,AprovadoAnalista,De 31 a 50 % - Médio,0.6607142857142857,0.3392857142857142,0.422626535345145,40000.0,,2019-12-31T00:00:00,2507702.0,57854.0,2566724.0,2508869.0,0.0,0.0,87004.0,4789045.0,1594716.0,12.0,3194329.0,2010.0,De 6 a 10 anos,100000.0,False,True,1.0,60200.0,2020-07-31T13:02:41
3642,3715,Dr. Rita Davies,Sheila Webb,AAWG49188894081780,18,0.4448676845,0.0,2019-07-30T00:00:00,0,0.0,5000.0,ReprovadoAnalista,De 31 a 50 % - Médio,0.6428571428571428,0.3571428571428571,0.0,,,2019-12-31T00:00:00,40604.0,270.0,40604.0,40334.0,0.0,11075.0,7762.0,11075.0,5538.0,12.0,5537.0,2018.0,De 0 a 5 anos,15000.0,False,False,1.0,4400.0,
3645,3718,Carol Farrell,Martin Wilson,FWUU39842946740208,19,0.4016885714,0.0,2012-08-27T00:00:00,10,3240.0,30000.0,ReprovadoAnalista,De 31 a 50 % - Médio,0.5535714285714285,0.4464285714285714,0.920300801704821,,,2019-12-31T00:00:00,2257239.0,1934642.0,4199397.0,1380599.0,1654036.0,106121.0,1754992.0,4855324.0,2708771.0,12.0,2146553.0,2005.0,De 11 a 16 anos,500000.0,True,True,0.9982632314,0.0,
3647,3720,Dr. Terence Whitehouse,Janice Gill,TXPT30965274360157,3,0.3044278231,0.0,2016-04-20T00:00:00,17,2968.0,30000.0,AprovadoAnalista,De 31 a 50 % - Médio,0.6428571428571428,0.3571428571428571,0.0,30000.0,,2019-12-31T00:00:00,398502.0,135101.0,58845.0,131095.0,69777.0,61927.0,325929.0,775287.0,256325.0,12.0,518962.0,2007.0,De 11 a 16 anos,150000.0,False,True,1.0,0.0,2020-07-31T14:02:52
3649,3722,Eleanor Pugh,Kathryn Wyatt-Carr,WSZD97479860996508,15,0.3730334256,0.0,2016-06-14T00:00:00,0,12.05,50000.0,AprovadoAnalista,De 31 a 50 % - Médio,0.6607142857142857,0.3392857142857142,0.866025403784439,40000.0,,,,,,,,,,5744422.0,0.0,12.0,0.0,2011.0,De 6 a 10 anos,250000.0,False,False,1.0,499661.0,2020-07-31T13:08:36
3651,3724,Matthew Hughes,Rachel Hussain-Brady,EGPX74969793499965,3,0.2435228153,0.0,2020-08-04T00:00:00,26,38187.99,100000.0,AprovadoAnalista,De 31 a 50 % - Médio,0.6428571428571428,0.3571428571428571,0.0,30000.0,,2019-12-31T03:00:00,3481707.0,542363.0,4450179.0,3907816.0,0.0,968472.0,310061.0,1696100.0,1195779.0,12.0,500321.0,2019.0,De 0 a 5 anos,3000000.0,True,True,1.0,0.0,2020-07-31T13:55:49
3658,3731,Miss Anna Ross,James Matthews,RKGL05620009953075,23,0.4455297784,0.0,2018-07-24T00:00:00,0,0.0,7200.0,AprovadoAnalista,De 31 a 50 % - Médio,0.5535714285714285,0.4464285714285714,0.866025403784439,7200.0,,,,,,,,,,529682.0,0.0,12.0,0.0,1998.0,Acima de 17 anos,60000.0,False,False,1.0,5920.0,2020-07-31T13:45:27
3661,3734,Russell Kirby,Dr. Diane Bird,SQYW10688933765755,43,0.3501461909,0.0,2017-03-23T00:00:00,0,0.0,20000.0,AprovadoAnalista,De 31 a 50 % - Médio,0.5535714285714285,0.4464285714285714,0.835862323576417,10000.0,,2019-12-31T00:00:00,2586263.0,1257545.0,2586263.0,1328718.0,0.0,47088.0,115000.0,3554593.0,967974.0,12.0,2586619.0,2016.0,De 0 a 5 anos,95400.0,False,True,0.9454513316,19800.0,2020-07-31T14:33:03
3662,3735,Caroline Coles,Victor Smith,AKZS23563799033383,4,0.0795060403,0.0,2015-05-27T00:00:00,0,0.0,30000.0,AprovadoAnalista,De 31 a 50 % - Médio,0.625,0.375,0.0,15000.0,,,,,,,,,,547183.0,0.0,12.0,0.0,1996.0,Acima de 17 anos,22000.0,False,False,1.0,2220.0,2020-07-31T15:00:26
3673,3746,Shannon Evans,Stewart Fisher,ZXOH34061227638698,37,0.3418942725,0.0,2018-08-23T00:00:00,0,0.0,15000.0,AprovadoAnalista,De 31 a 50 % - Médio,0.5714285714285714,0.4285714285714285,0.909691558150421,10000.0,,,,,,,,,,1595105.0,0.0,12.0,0.0,2013.0,De 6 a 10 anos,10000.0,True,False,0.9480222138,10800.0,2020-07-31T18:51:28
3683,3756,Marcus Hale,Amanda Thomas,YHMX38406630146130,34,0.4538031294,0.0,2018-01-22T00:00:00,0,0.0,10000.0,AprovadoAnalista,De 31 a 50 % - Médio,0.6785714285714285,0.3214285714285714,0.925529409005582,5000.0,,,,,,,,,,2741688.0,0.0,8.0,0.0,1997.0,Acima de 17 anos,146574.0,True,False,1.0,46200.0,2020-07-31T20:06:43
3690,3763,Mr. Darren Grant,Sheila Jones-Blake,CXIG28465604067668,18,0.0,,2019-12-27T13:35:50,0,0.0,20000.0,AprovadoAnalista,De 31 a 50 % - Médio,0.6428571428571428,0.3571428571428571,0.0,20000.0,,,,,,,,,,1779460.0,0.0,6.0,0.0,2017.0,De 0 a 5 anos,15000.0,False,True,0.0,20800.0,2020-08-03T13:09:13
3696,3769,Dr. Georgina Carpenter,Cheryl Kent,QZVR56016894332795,3,0.3740439274,0.0,2018-05-24T00:00:00,0,0.0,20000.0,AprovadoAnalista,De 31 a 50 % - Médio,0.5357142857142857,0.4642857142857142,0.0,20000.0,,,,,,,,,,686683.0,0.0,12.0,0.0,2017.0,De 0 a 5 anos,0.0,False,True,1.0,3330.0,2020-08-03T13:27:34
3699,3772,Alexander Birch-Goddard,Edward Potter,WJON98010373261861,7,0.5013081671,0.0,2017-07-21T00:00:00,215,39173.13,42000.0,AprovadoAnalista,De 31 a 50 % - Médio,0.6607142857142857,0.3392857142857142,0.866025403784439,42000.0,,2018-12-31T02:00:00,0.0,0.0,0.0,0.0,0.0,0.0,0.0,1631910.0,0.0,12.0,0.0,2014.0,De 6 a 10 anos,100000.0,False,True,1.0,46200.0,2020-08-03T13:23:29
3700,3773,Rosie Riley,Gordon Campbell-Wright,GXHN03222822812668,0,0.3231663958,0.0,2018-04-03T00:00:00,0,0.0,20000.0,AprovadoAnalista,De 31 a 50 % - Médio,0.6428571428571428,0.3571428571428571,0.0,20000.0,,,,,,,,,,0.0,0.0,1.0,0.0,2016.0,De 0 a 5 anos,200000.0,False,False,1.0,11520.0,2020-08-03T13:32:07
3702,3775,Pamela Ahmed,Amber Saunders,ALCA60228288746610,0,0.3965044764,0.0,2017-04-05T00:00:00,0,0.0,40000.0,AprovadoAnalista,De 31 a 50 % - Médio,0.6428571428571428,0.3571428571428571,0.0,30000.0,,,,,,,,,,1410363.0,0.0,12.0,0.0,1992.0,Acima de 17 anos,1500.0,False,False,1.0,59400.0,2020-08-03T14:27:18
3704,3777,Kenneth Atkinson,Mr. Conor Jones,KCIH08010584528978,68,0.0,,2019-07-03T10:14:36,0,0.0,35000.0,AprovadoAnalista,De 31 a 50 % - Médio,0.5,0.5,0.0,20000.0,,,,,,,,,,229996561.0,0.0,5.0,0.0,2018.0,De 0 a 5 anos,0.0,True,False,0.0,0.0,2020-08-03T14:34:52
3714,3787,Alexander Baker-Wells,Dr. Caroline Ali,PYOL43118620147076,16,0.0,,2011-03-02T11:27:13,0,0.0,80000.0,AprovadoAnalista,De 31 a 50 % - Médio,0.6607142857142857,0.3392857142857142,0.997517069602544,60000.0,,2020-06-30T03:00:00,307905559.0,86673742.0,447268159.0,331010581.0,10924413.0,43565112.0,45990651.0,149238970.0,63453409.0,6.0,85785561.0,2004.0,De 11 a 16 anos,30515674.0,True,False,0.0,20635703.0,2020-08-04T12:48:20
3717,3790,Ms. Margaret Skinner,Connor Barker-Taylor,AWJU62480001134871,13,0.4471301007,0.0,2018-11-27T00:00:00,0,0.0,120000.0,AprovadoAnalista,De 31 a 50 % - Médio,0.6071428571428571,0.3928571428571428,0.644695757609833,15000.0,,2019-12-31T03:00:00,763669.0,337445.0,779588.0,442163.0,30000.0,441452.0,100000.0,2231437.0,733872.0,12.0,1497565.0,2018.0,De 0 a 5 anos,300000.0,False,False,0.2089595166,1695.0,2020-08-03T20:34:44
3718,3791,Mohammed Johnson,Dr. Kathryn McDonald,WYIH16679678336347,4,0.5643683209,0.0,2019-09-27T00:00:00,0,0.0,15000.0,ReprovadoAnalista,De 31 a 50 % - Médio,0.6428571428571428,0.3571428571428571,0.866025403784439,,,2019-12-31T00:00:00,533529.0,375978.0,608871.0,232892.0,0.0,58008.0,447270.0,169845.0,84923.0,12.0,84922.0,2019.0,De 0 a 5 anos,200000.0,False,False,1.0,66000.0,
3720,3793,Dr. Robin Hunt,Kathleen Thomas,ZNJR27212948626053,0,0.6511511999,0.0,2019-07-26T00:00:00,5,14993.0,70000.0,AprovadoAnalista,De 31 a 50 % - Médio,0.5357142857142857,0.4642857142857142,0.0,15000.0,,2019-12-31T03:00:00,353995.0,179964.0,391364.0,49069.0,42400.0,70506.0,343959.0,1031762.0,934513.0,12.0,97249.0,2000.0,Acima de 17 anos,100000.0,False,True,1.0,51600.0,2020-08-03T20:44:32
3729,3802,Gavin Jackson,Mr. Lee Cox,KSTQ47740856148764,3,0.3271595618,0.0,2017-02-02T00:00:00,0,0.0,15000.0,AprovadoAnalista,De 31 a 50 % - Médio,0.5357142857142857,0.4642857142857142,0.0,8000.0,,,,,,,,,,80271.0,0.0,12.0,0.0,2016.0,De 0 a 5 anos,10000.0,False,True,1.0,4620.0,2020-08-04T12:51:44
3737,3810,Jack Norris-James,Brian Benson-Brown,EQHY62128162767172,87,0.0,,2017-01-19T11:11:37,0,0.0,60000.0,AprovadoAnalista,De 31 a 50 % - Médio,0.6071428571428571,0.3928571428571428,-0.866025403784439,30000.0,,2019-12-31T03:00:00,1324056.0,789887.0,1373136.0,-124692.0,275520.0,466902.0,578702.0,4256692.0,1711382.0,12.0,2545310.0,2010.0,De 6 a 10 anos,100000.0,False,True,0.0,0.0,2020-08-04T19:03:46
3740,3813,Amber Smith,Chelsea Smith-Cox,EFMB43041243982596,4,0.5074172904,0.0,2013-03-28T00:00:00,0,0.0,500000.0,AprovadoAnalista,De 31 a 50 % - Médio,0.6607142857142857,0.3392857142857142,-0.866025403784439,500000.0,,2019-12-31T03:00:00,12951488.0,147497243.0,17587509.0,-46604.0,203556.0,0.0,9471366.0,22532139.0,7269481.0,12.0,15262658.0,1996.0,Acima de 17 anos,95400.0,False,True,1.0,0.0,2020-08-04T19:54:56
3745,3818,Dr. Grace Smith,Billy Bolton,XKXY96762412914186,41,0.5298735164,0.0,2010-09-14T00:00:00,11,6985.33,100000.0,AprovadoAnalista,De 31 a 50 % - Médio,0.625,0.375,0.388412348823896,35000.0,,2019-12-31T00:00:00,3003602.0,830828.0,3203569.0,2139352.0,284752.0,1402746.0,1527917.0,4824041.0,1996380.0,12.0,2827661.0,2008.0,De 11 a 16 anos,100000.0,True,False,0.7458995387,0.0,2020-08-04T19:39:19
3747,3820,Mr. Jake Bell,Mrs. Sally Berry,JMEO07911359226509,27,0.3152502595,0.0,2018-05-30T00:00:00,0,0.0,15000.0,ReprovadoAnalista,De 31 a 50 % - Médio,0.5535714285714285,0.4464285714285714,0.866025403784439,,,,,,,,,,,524147.0,0.0,12.0,0.0,2006.0,De 11 a 16 anos,25000.0,False,False,1.0,7040.0,
3754,3827,Phillip Barber,Paula Bennett,LPFJ21465680706778,3,0.4121689535,0.0,2017-11-10T00:00:00,37,17996.78,49999.0,AprovadoAnalista,De 31 a 50 % - Médio,0.6428571428571428,0.3571428571428571,0.0,30000.0,,,,,,,,,,1183599.0,0.0,12.0,0.0,2017.0,De 0 a 5 anos,30000.0,False,False,1.0,16200.0,2020-08-04T20:30:04
3757,3830,Jack Norris-James,Brian Benson-Brown,EQHY62128162767172,87,0.0,,2017-01-19T11:11:37,0,0.0,48000.0,AprovadoAnalista,De 31 a 50 % - Médio,0.6071428571428571,0.3928571428571428,-0.866025403784439,30000.0,,2019-12-31T03:00:00,1324056.0,789887.0,1373136.0,-124692.0,275520.0,466902.0,578702.0,4277737.0,1773951.0,12.0,2503786.0,2010.0,De 6 a 10 anos,100000.0,False,True,0.0,0.0,2020-08-04T20:39:14
3759,3832,Ms. Bethan Evans,Mr. Josh Sharp,FWPY81952620804455,20,0.2727318402,0.0,2017-01-27T00:00:00,0,0.0,50000.0,AprovadoAnalista,De 31 a 50 % - Médio,0.625,0.375,0.38535904012543,20000.0,,2019-12-31T03:00:00,2719337.0,1718492.0,3172256.0,1147748.0,995000.0,1101292.0,502887.0,3799042.0,1482413.0,12.0,2316629.0,2013.0,De 6 a 10 anos,300000.0,False,True,1.0,45600.0,2020-08-04T20:46:54
3761,3834,Nicola Turnbull,Hazel Dennis,XYOK79084874197647,3,0.2994522306,0.0,2018-10-10T00:00:00,0,0.0,10000.0,AprovadoAnalista,De 31 a 50 % - Médio,0.5357142857142857,0.4642857142857142,0.0,5000.0,,,,,,,,,,52439.0,0.0,12.0,0.0,2017.0,De 0 a 5 anos,94000.0,False,True,1.0,2640.0,2020-08-05T13:52:47
3763,3836,Shaun Sanders,Diana Wells-Robinson,VQUA74680885687084,82,0.5255814394,0.0,2016-10-28T00:00:00,0,0.0,50000.0,AprovadoAnalista,De 31 a 50 % - Médio,0.5,0.4999999999999999,-0.973379001625139,5000.0,,2018-12-31T00:00:00,0.0,0.0,0.0,0.0,0.0,0.0,0.0,328081.0,0.0,12.0,0.0,2016.0,De 0 a 5 anos,30000.0,False,True,0.1028686542,5120.0,2020-08-05T14:19:21
3767,3840,Mrs. Mary Long,Diana Berry,QYNW94208030341457,22,0.5223494949,0.0,2018-07-11T00:00:00,0,0.0,20000.0,AprovadoAnalista,De 31 a 50 % - Médio,0.5535714285714285,0.4464285714285714,0.866025403784439,20000.0,,2019-12-31T00:00:00,312197.0,172966.0,348617.0,175650.0,0.0,182504.0,123440.0,1487891.0,609699.0,12.0,878192.0,2017.0,De 0 a 5 anos,300000.0,False,True,1.0,52800.0,2020-08-05T19:00:40
3776,3849,Miss Angela Baker,Dr. Frederick Cooper,WVXT55510443217415,57,0.1877488153,0.0,2014-01-10T00:00:00,0,0.0,10000.0,AprovadoAnalista,De 31 a 50 % - Médio,0.5178571428571428,0.4821428571428571,0.109902285645256,5000.0,,2019-12-31T00:00:00,1731656.0,287555.0,1779825.0,1492270.0,89330.0,0.0,1714492.0,1147373.0,1095075.0,12.0,52298.0,2013.0,De 6 a 10 anos,80000.0,False,True,0.6901990073,25800.0,2020-08-05T14:37:12
3780,3853,Dr. Tom Owen,Ms. Laura Jones,VSIF58228032234545,2,0.1331797028,0.0,2017-07-19T00:00:00,0,0.0,15000.0,AprovadoAnalista,De 31 a 50 % - Médio,0.5714285714285714,0.4285714285714285,0.0,10000.0,,2019-12-31T00:00:00,101975.0,78126.0,101975.0,23848.0,0.0,60933.0,10084.0,280034.0,82438.0,12.0,197596.0,2017.0,De 0 a 5 anos,95000.0,False,True,1.0,5120.0,2020-08-05T14:27:15
3781,3854,Francesca McKenzie-Collins,Nathan Jones,GZCK88227659465876,27,0.0,,2018-08-14T17:49:56,0,0.0,10000.0,AprovadoAnalista,De 31 a 50 % - Médio,0.5535714285714285,0.4464285714285714,0.866025403784439,5000.0,,2019-12-31T00:00:00,241533.0,38120.0,241533.0,203412.0,0.0,16048.0,189241.0,496968.0,243515.0,12.0,253453.0,2018.0,De 0 a 5 anos,20000.0,False,False,0.0,1480.0,2020-08-05T17:14:11
3783,3856,Dale O'Sullivan-Moore,Nathan Jones,KDZJ41266928454221,19,0.4798450253,0.0,2018-10-22T00:00:00,41,8880.0,20000.0,AprovadoAnalista,De 31 a 50 % - Médio,0.5,0.4999999999999999,0.0,10000.0,,2018-12-31T00:00:00,0.0,0.0,0.0,0.0,0.0,0.0,0.0,808000.0,0.0,12.0,0.0,2018.0,De 0 a 5 anos,95700.0,False,False,1.0,9720.0,2020-08-05T19:03:43
3786,3859,Ms. Bethan Evans,Mr. Josh Sharp,FWPY81952620804455,20,0.2727318402,0.0,2017-01-27T00:00:00,0,0.0,25000.0,AprovadoAnalista,De 31 a 50 % - Médio,0.625,0.375,0.38535904012543,25000.0,,2019-12-31T03:00:00,2719337.0,1718492.0,3172256.0,1147748.0,995000.0,1101292.0,502887.0,3799042.0,1482413.0,12.0,2316629.0,2013.0,De 6 a 10 anos,300000.0,False,True,1.0,45600.0,2020-08-05T19:16:34
3789,3862,Miss Janet Stanley,Mandy Gordon,GBVU36208579018512,19,0.0,,2016-12-05T14:33:43,0,0.0,25000.0,AprovadoAnalista,De 31 a 50 % - Médio,0.6071428571428571,0.3928571428571428,0.93678791459104,10000.0,,2019-12-31T00:00:00,0.0,0.0,0.0,0.0,0.0,0.0,0.0,3818990.0,0.0,6.0,0.0,2004.0,De 11 a 16 anos,200000.0,False,True,0.0,38700.0,2020-08-05T19:19:01
3793,3866,Ms. Eleanor Brown,Carolyn Hodgson-Stephenson,JCGD95559729656381,15,0.0,,2017-07-31T15:37:10,0,0.0,20000.0,AprovadoAnalista,De 31 a 50 % - Médio,0.5892857142857142,0.4107142857142857,0.0,20000.0,,,,,,,,,,2893910.0,0.0,3.0,0.0,2016.0,De 0 a 5 anos,905000.0,False,False,0.0,29700.0,2020-08-05T20:08:47
3810,3883,Declan Bishop-Whittaker,Gail O'Brien-Oliver,WYOA92559502323865,67,0.0,,2006-08-01T10:18:08,0,0.0,100000.0,AprovadoAnalista,De 31 a 50 % - Médio,0.625,0.375,0.780665944853074,40000.0,,2019-12-31T03:00:00,18244767.0,0.0,42576493.0,0.0,313138.0,5845250.0,0.0,11532088.0,2867872.0,12.0,8664216.0,1999.0,Acima de 17 anos,850000.0,False,False,0.0,72750.0,2020-08-06T18:21:07
3813,3886,Dr. Max Smith,Mr. Leon Shaw,EZGB51670537747591,0,0.4787325175,0.0,2019-06-18T00:00:00,0,0.0,8000.0,AprovadoAnalista,De 31 a 50 % - Médio,0.6428571428571428,0.3571428571428571,0.0,5000.0,,,,,,,,,,47533.0,0.0,12.0,0.0,2019.0,De 0 a 5 anos,200000.0,False,False,1.0,2220.0,2020-08-06T15:51:36
3821,3894,Michael Butler,Ms. Josephine Moran,CBOR06498157284064,0,0.6919159692,0.0,2020-08-07T00:00:00,48,2773.34,15000.0,AprovadoAnalista,De 31 a 50 % - Médio,0.625,0.375,0.0,10000.0,,,,,,,,,,670015.0,0.0,12.0,0.0,2015.0,De 0 a 5 anos,10000.0,False,False,1.0,7400.0,2020-08-06T18:57:09
3827,3900,Mohammed Johnson,Dr. Kathryn McDonald,WYIH16679678336347,4,0.5643683209,0.0,2019-09-27T00:00:00,0,0.0,15000.0,AprovadoAnalista,De 31 a 50 % - Médio,0.6428571428571428,0.3571428571428571,0.866025403784439,5000.0,,2019-12-31T00:00:00,533529.0,375978.0,608871.0,232892.0,0.0,58008.0,447270.0,169845.0,84923.0,12.0,84922.0,2019.0,De 0 a 5 anos,200000.0,False,False,1.0,66000.0,2020-08-06T21:16:54
3828,3901,Clive Parkin-Hurst,Arthur Sinclair,GTMK03848083681073,0,0.3599646281,0.0,2017-10-06T00:00:00,0,0.0,20000.0,AprovadoAnalista,De 31 a 50 % - Médio,0.6428571428571428,0.3571428571428571,0.0,5000.0,,,,,,,,,,0.0,0.0,1.0,0.0,2017.0,De 0 a 5 anos,93700.0,False,False,1.0,2430.0,2020-08-07T13:59:05
3844,3917,Denise Thompson,Dr. Christian Smith,LHGO39484013568564,22,0.399997093,0.0,2018-03-27T00:00:00,173,10212.0,50000.0,AprovadoAnalista,De 31 a 50 % - Médio,0.5892857142857142,0.4107142857142857,0.085528244590572,45000.0,,,,,,,,,,2700351.0,0.0,6.0,0.0,2015.0,De 0 a 5 anos,93700.0,False,False,1.0,5400.0,2020-08-07T16:05:41
3846,3919,Andrew Barlow,Dr. Barry Carpenter,ZBJI53890581783095,4,0.3748695035,0.0,2018-03-13T00:00:00,39,7050.0,50000.0,AprovadoAnalista,De 31 a 50 % - Médio,0.6428571428571428,0.3571428571428571,0.0,15000.0,,2019-12-31T00:00:00,247790.0,43623.0,247790.0,204167.0,0.0,123658.0,31852.0,298883.0,141641.0,12.0,157242.0,2017.0,De 0 a 5 anos,100000.0,False,True,0.9680354669,5480.0,2020-08-07T16:07:58
3852,3925,Dr. Cameron Davies,Guy Miles-Short,LWSR47369169506797,0,0.410914466,0.0,2020-07-10T00:00:00,0,0.0,5000.0,AprovadoAnalista,De 31 a 50 % - Médio,0.5714285714285714,0.4285714285714285,0.0,5000.0,,,,,,,,,,578500.0,0.0,12.0,0.0,2016.0,De 0 a 5 anos,2300.0,False,True,1.0,3330.0,2020-08-07T16:14:18
3854,3927,Nicola Turnbull,Hazel Dennis,XYOK79084874197647,3,0.2994522306,0.0,2018-10-10T00:00:00,0,0.0,30000.0,AprovadoAnalista,De 31 a 50 % - Médio,0.6428571428571428,0.3571428571428571,0.0,5000.0,,2019-12-31T00:00:00,96424.0,8876.0,96424.0,87548.0,0.0,49551.0,34231.0,43191.0,24338.0,12.0,18853.0,2017.0,De 0 a 5 anos,94000.0,False,True,1.0,2640.0,2020-08-07T17:43:29
3855,3928,Carole Rogers,Pauline Knowles,SRGB05213912102284,10,0.4897021476,0.0,2015-12-02T00:00:00,0,0.0,20000.0,AprovadoAnalista,De 31 a 50 % - Médio,0.6785714285714285,0.3214285714285714,-0.866025403784438,20000.0,,,,,,,,,,1297543.0,0.0,6.0,0.0,1999.0,Acima de 17 anos,78800.0,False,True,1.0,50600.0,2020-08-07T17:45:22
3862,3935,Annette Nicholls-Lee,Charlotte Curtis-Wheeler,VYUM99988571081997,0,0.3752349398,0.0,2020-07-16T00:00:00,0,0.0,5000.0,ReprovadoAnalista,De 31 a 50 % - Médio,0.6785714285714285,0.3214285714285714,0.0,,,,,,,,,,,2029069.0,0.0,12.0,0.0,2020.0,De 0 a 5 anos,110000.0,False,True,1.0,0.0,
3872,3945,Damien Hart,Josh Bryan-Wilson,VIJS49154641676716,4,0.0,,2018-02-28T16:18:18,0,0.0,50000.0,AprovadoAnalista,De 31 a 50 % - Médio,0.6607142857142857,0.3392857142857142,0.0,30000.0,,2019-12-31T00:00:00,0.0,0.0,0.0,0.0,0.0,0.0,0.0,1110498.0,0.0,12.0,0.0,2018.0,De 0 a 5 anos,50000.0,False,False,0.0,7360.0,2020-08-07T19:07:06
3873,3946,Mrs. Patricia Godfrey,Julian Norman-Davis,LVRL87863325413180,0,0.5081952921,0.0,2020-07-28T00:00:00,0,0.0,20000.0,ReprovadoAnalista,De 31 a 50 % - Médio,0.6428571428571428,0.3571428571428571,0.0,,,2019-12-31T00:00:00,55918.0,12762.0,86810.0,72069.0,1979.0,32433.0,19497.0,67143.0,25150.0,12.0,41993.0,2020.0,De 0 a 5 anos,10000.0,False,False,1.0,15200.0,
3875,3948,Sheila Holmes-Williams,Iain Brown-Taylor,YJKL12567970829015,62,0.0,,2011-07-28T10:45:04,0,0.0,70000.0,AprovadoAnalista,De 31 a 50 % - Médio,0.5535714285714285,0.4464285714285714,-0.875954892594492,60000.0,,2019-12-31T03:00:00,1007659.0,386767.0,1198807.0,253649.0,62910.0,752062.0,67800.0,4217666.0,1899182.0,12.0,2318484.0,2009.0,De 11 a 16 anos,100000.0,False,True,0.0,43000.0,2020-08-07T19:18:19
3882,3955,Robin Ward,Keith Hussain,PZZM78903535170982,18,0.4478086045,0.0,2013-03-05T00:00:00,121,2405.75,20000.0,ReprovadoAnalista,De 31 a 50 % - Médio,0.5892857142857142,0.4107142857142857,0.0,,,2019-12-31T00:00:00,1874281.0,4767194.0,3336933.0,1430261.0,4685139.0,947122.0,291.0,616874.0,153677.0,12.0,463197.0,2011.0,De 6 a 10 anos,700000.0,True,True,1.0,0.0,
3883,3956,Dr. Jacob Walsh,Dr. Joyce Atkins,MXRY81483989898276,6,0.4603992173,0.0,2018-05-22T00:00:00,0,0.0,8000.0,AprovadoAnalista,De 31 a 50 % - Médio,0.5357142857142857,0.4642857142857142,0.0,8000.0,,,,,,,,,,1682167.0,0.0,3.0,0.0,2017.0,De 0 a 5 anos,100000.0,False,True,1.0,9900.0,2020-08-07T21:26:58
3885,3958,Dominic Gardner-Power,Mr. Raymond Potts,KSOW42272877316783,7,0.5998675045,0.0,2018-10-23T00:00:00,0,0.0,40000.0,AprovadoAnalista,De 31 a 50 % - Médio,0.5357142857142857,0.4642857142857142,0.0,15000.0,,,,,,,,,,1311228.0,0.0,12.0,0.0,2018.0,De 0 a 5 anos,50000.0,False,True,1.0,13200.0,2020-08-10T15:09:47
3887,3960,Sian Higgins,Lindsey Daniels-Scott,DXOR49994053124587,3,0.4380159577,0.0,2019-02-19T00:00:00,6,10644.89,60000.0,AprovadoAnalista,De 31 a 50 % - Médio,0.5892857142857142,0.4107142857142857,0.0,20000.0,,2019-12-31T03:00:00,193134.0,76817.0,193134.0,11616.0,0.0,0.0,126020.0,886601.0,384299.0,12.0,502302.0,2018.0,De 0 a 5 anos,0.0,False,True,1.0,1963.0,2020-08-10T15:12:06
3888,3961,Malcolm Rahman,Margaret Jones,JMSC79005406105837,29,0.3969189612,0.0,2019-03-19T00:00:00,0,28978.33,50000.0,AprovadoAnalista,De 31 a 50 % - Médio,0.6428571428571428,0.3571428571428571,0.866025403784439,50000.0,,2019-12-31T00:00:00,4812808.0,3497282.0,4881441.0,1384159.0,432117.0,1483296.0,3158029.0,15541875.0,4882386.0,12.0,10659489.0,2016.0,De 0 a 5 anos,100000.0,False,False,1.0,111408.0,2020-08-10T15:20:10
3893,3966,Jessica Anderson-Fuller,Mrs. Frances Buckley,HZJB07110281971580,3,0.4418016071,0.0,2019-09-26T00:00:00,21,1839.95,15000.0,AprovadoAnalista,De 31 a 50 % - Médio,0.5357142857142857,0.4642857142857142,0.0,10000.0,,,,,,,,,,618847.0,0.0,12.0,0.0,2019.0,De 0 a 5 anos,99800.0,False,True,1.0,50600.0,2020-08-10T18:19:24
3896,3969,Carole Taylor,Mr. Maurice Lord,VAQA31569989749457,0,0.4155849085,0.0,2019-05-06T00:00:00,19,3071.0,30000.0,AprovadoAnalista,De 31 a 50 % - Médio,0.6785714285714285,0.3214285714285714,0.0,7000.0,,,,,,,,,,261824.0,0.0,12.0,0.0,2017.0,De 0 a 5 anos,150000.0,False,False,1.0,4560.0,2020-08-10T20:19:41
3902,3975,Carol Farrell,Martin Wilson,FWUU39842946740208,19,0.4016885714,0.0,2012-08-27T00:00:00,10,3240.0,25000.0,ReprovadoAnalista,De 31 a 50 % - Médio,0.5535714285714285,0.4464285714285714,0.920300801704821,,,2019-12-31T00:00:00,2257239.0,1934642.0,4199397.0,1380599.0,1654036.0,106121.0,1754992.0,4855324.0,2708771.0,12.0,2146553.0,2005.0,De 11 a 16 anos,500000.0,True,True,0.9982632314,0.0,
3905,3978,Dr. Rita Davies,Sheila Webb,AAWG49188894081780,18,0.4448676845,0.0,2019-07-30T00:00:00,0,0.0,5000.0,ReprovadoAnalista,De 31 a 50 % - Médio,0.6428571428571428,0.3571428571428571,0.0,,,2019-12-31T00:00:00,40604.0,270.0,40604.0,40334.0,0.0,11075.0,7762.0,11075.0,5538.0,12.0,5537.0,2018.0,De 0 a 5 anos,15000.0,False,False,1.0,4400.0,
3906,3979,Charles Stanley,Julie Welch,KIQD44382774047348,3,0.3224337626,0.0,2019-12-04T00:00:00,26,2972.38,15000.0,AprovadoAnalista,De 31 a 50 % - Médio,0.5892857142857142,0.4107142857142857,0.0,10000.0,,2020-03-31T00:00:00,773285.0,352539.0,777393.0,424853.0,58088.0,43095.0,617407.0,194572.0,126472.0,3.0,68100.0,2019.0,De 0 a 5 anos,350000.0,False,True,1.0,2200.0,2020-08-11T14:22:17
3909,3982,Martin Fletcher,Douglas Wilson-Simpson,TDAR25967861820022,14,0.398663723,0.0,2013-01-17T00:00:00,49,32886.49,50000.0,AprovadoAnalista,De 31 a 50 % - Médio,0.6071428571428571,0.3928571428571428,0.0,40000.0,,2019-12-31T00:00:00,8147237.0,10725298.0,11907176.0,317277.0,2541100.0,4499981.0,3733307.0,0.0,0.0,1.0,0.0,2007.0,De 11 a 16 anos,118000.0,False,False,1.0,444035.0,2020-08-11T14:30:18
3910,3983,Gail Brown,Henry Cooper,XNYD03419746677869,7,0.0,,2018-04-16T09:01:08,0,0.0,30000.0,AprovadoAnalista,De 31 a 50 % - Médio,0.5357142857142857,0.4642857142857142,-1e-16,25000.0,,,,,,,,,,2383715.0,0.0,12.0,0.0,2016.0,De 0 a 5 anos,400000.0,False,True,0.0,720.0,2020-08-11T14:31:07
3914,3987,Mr. Cameron Evans,Judith Fowler,ASYQ56754435258650,29,0.6599290191,0.0,2020-07-06T00:00:00,0,0.0,30000.0,AprovadoAnalista,De 31 a 50 % - Médio,0.5357142857142857,0.4642857142857142,0.0,15000.0,,,,,,,,,,409756.0,0.0,5.0,0.0,2006.0,De 11 a 16 anos,10000.0,False,True,1.0,1480.0,2020-08-11T16:02:30
3915,3988,Mrs. Ruth Wilson,Kerry Pritchard-Hussain,YBUA65254642886758,18,0.4116718687,0.0,2009-01-20T00:00:00,29,1624.0,10000.0,AprovadoAnalista,De 31 a 50 % - Médio,0.5892857142857142,0.4107142857142857,-0.866025403784439,10000.0,,2019-12-31T00:00:00,3642393.0,4087024.0,5839438.0,-2075497.0,327976.0,1098205.0,1939395.0,1761067.0,0.0,12.0,0.0,1995.0,Acima de 17 anos,400000.0,True,False,0.402382571,0.0,2020-08-11T16:03:08
3916,3989,Miss Fiona Martin,Ms. Lydia Russell,HVSZ56294836659177,35,0.5733283555,0.0,2014-03-26T00:00:00,0,0.0,10000.0,AprovadoAnalista,De 31 a 50 % - Médio,0.5892857142857142,0.4107142857142857,0.0,10000.0,,,,,,,,,,0.0,0.0,1.0,0.0,1990.0,Acima de 17 anos,550000.0,False,False,0.9406712013,1407843.0,2020-08-11T16:03:58
3917,3990,Elizabeth Fox,Shane Taylor-Weston,UGLY63529566283906,5,0.50927711,0.0,2019-04-09T00:00:00,54,14228.03,10000.0,AprovadoAnalista,De 31 a 50 % - Médio,0.5357142857142857,0.4642857142857142,0.0,10000.0,,,,,,,,,,516022.0,0.0,12.0,0.0,2017.0,De 0 a 5 anos,30000.0,False,False,1.0,7920.0,2020-08-11T16:04:40
3918,3991,Miss Fiona Martin,Ms. Lydia Russell,HVSZ56294836659177,35,0.5733283555,0.0,2014-03-26T00:00:00,0,0.0,20000.0,AprovadoAnalista,De 31 a 50 % - Médio,0.5892857142857142,0.4107142857142857,0.0,15000.0,,,,,,,,,,0.0,0.0,1.0,0.0,1990.0,Acima de 17 anos,550000.0,False,False,0.9406712013,1407843.0,2020-08-11T16:19:46
3920,3993,Timothy Miah,Debra Jarvis,BIJV66580991393702,14,0.3798753393,0.0,2016-01-28T00:00:00,0,0.0,30000.0,AprovadoAnalista,De 31 a 50 % - Médio,0.5892857142857142,0.4107142857142857,0.866025403784439,25000.0,,,,,,,,,,562998.0,0.0,7.0,0.0,2008.0,De 11 a 16 anos,78800.0,False,True,1.0,4320.0,2020-08-11T16:24:59
3938,4011,Mrs. Rita Patel,Adrian Frost,KITM20826703149419,6,0.2642910547,0.0,2020-04-15T00:00:00,0,0.0,5000.0,ReprovadoAnalista,De 31 a 50 % - Médio,0.5357142857142857,0.4642857142857142,0.0,,,,,,,,,,,1385592.0,0.0,12.0,0.0,2003.0,Acima de 17 anos,30000.0,True,False,1.0,1320.0,
3944,4017,Timothy Khan,Mr. Alan Martin,LRIZ03645710256655,119,0.3294012033,0.0,2016-10-27T00:00:00,0,0.0,30000.0,AprovadoAnalista,De 31 a 50 % - Médio,0.5892857142857142,0.4107142857142857,-0.112941726758749,20000.0,,,,,,,,,,1163829.0,0.0,12.0,0.0,2013.0,De 6 a 10 anos,10000.0,False,False,0.9628405954,1480.0,2020-08-12T13:56:42
3951,4024,Andrew Barlow,Dr. Barry Carpenter,ZBJI53890581783095,4,0.3748695035,0.0,2018-03-13T00:00:00,39,7050.0,50000.0,AprovadoAnalista,De 31 a 50 % - Médio,0.6428571428571428,0.3571428571428571,0.0,15000.0,,2019-12-31T00:00:00,247790.0,43623.0,247790.0,204167.0,0.0,123658.0,31852.0,298883.0,141641.0,12.0,157242.0,2017.0,De 0 a 5 anos,100000.0,False,True,0.9680354669,5480.0,2020-08-11T20:09:41
3959,4032,Miss Angela Baker,Dr. Frederick Cooper,WVXT55510443217415,57,0.1877488153,0.0,2014-01-10T00:00:00,0,0.0,15000.0,AprovadoComite,De 31 a 50 % - Médio,0.5178571428571428,0.4821428571428571,0.109902285645256,10000.0,2020-08-12T14:41:15,2019-12-31T00:00:00,1731656.0,287555.0,1779825.0,1492270.0,89330.0,0.0,1714492.0,1147373.0,1095075.0,12.0,52298.0,2013.0,De 6 a 10 anos,80000.0,False,True,0.6901990073,25800.0,
3964,4037,Lisa Parker,Carole Pickering,ARLG39955776479526,4,0.4673365729,0.0,2015-03-11T00:00:00,52,351900.0,155000.0,AprovadoAnalista,De 31 a 50 % - Médio,0.6607142857142857,0.3392857142857142,0.866025403784439,155000.0,,2019-12-31T03:00:00,5918350.0,447408.0,5918350.0,4385866.0,10206.0,840914.0,3521105.0,4732636.0,3245357.0,3.0,1487279.0,2010.0,De 6 a 10 anos,200000.0,False,True,1.0,437844.0,2020-08-12T11:18:02
3967,4040,Mr. Mohammed Morrison,Joe Rowe-Jennings,QKSA08184464246759,35,0.5845285889,0.0,2013-03-01T00:00:00,0,164500.0,100000.0,AprovadoAnalista,De 31 a 50 % - Médio,0.6428571428571428,0.3571428571428571,0.0,100000.0,,2019-12-31T03:00:00,7168061.0,3108909.0,8062784.0,4695015.0,216722.0,3518585.0,3000124.0,33454007.0,11746478.0,12.0,21707529.0,2001.0,Acima de 17 anos,250000.0,False,True,1.0,1516122.0,2020-08-11T20:57:23
3970,4043,Mrs. Rita Patel,Adrian Frost,KITM20826703149419,6,0.2642910547,0.0,2020-04-15T00:00:00,0,0.0,5000.0,AprovadoAnalista,De 31 a 50 % - Médio,0.5357142857142857,0.4642857142857142,0.0,5000.0,,,,,,,,,,1385592.0,0.0,12.0,0.0,2003.0,Acima de 17 anos,30000.0,True,False,1.0,1320.0,2020-08-11T21:29:21
3971,4044,Dr. Kieran Jones,Dr. Keith Wilson,BUEV96444215022431,52,0.3882764929,0.0,2017-03-21T00:00:00,0,0.0,20000.0,AprovadoAnalista,De 31 a 50 % - Médio,0.5535714285714285,0.4464285714285714,0.439006620677413,20000.0,,,,,,,,,,3041363.0,0.0,7.0,0.0,2017.0,De 0 a 5 anos,20000.0,False,False,1.0,3330.0,2020-08-11T21:54:20
3977,4050,Jessica Anderson-Fuller,Mrs. Frances Buckley,HZJB07110281971580,3,0.4418016071,0.0,2019-09-26T00:00:00,21,1839.95,12000.0,AprovadoAnalista,De 31 a 50 % - Médio,0.5357142857142857,0.4642857142857142,0.0,12000.0,,,,,,,,,,618847.0,0.0,12.0,0.0,2019.0,De 0 a 5 anos,99800.0,False,True,1.0,50600.0,2020-08-12T13:05:57
3981,4054,Andrea Donnelly,Liam Harper,YUOY26007213593673,6,0.0,,2019-07-03T15:15:39,0,0.0,15000.0,AprovadoAnalista,De 31 a 50 % - Médio,0.6428571428571428,0.3571428571428571,0.0,5000.0,,,,,,,,,,171045.0,0.0,12.0,0.0,2018.0,De 0 a 5 anos,50000.0,False,False,0.0,1320.0,2020-08-12T13:09:08
3982,4055,Elaine Hughes,Dr. Alex Ward,LYQY24097893612376,0,0.4168647751,0.0,2020-03-13T00:00:00,0,0.0,20000.0,ReprovadoAnalista,De 31 a 50 % - Médio,0.5178571428571428,0.4821428571428571,0.0,,,2019-12-31T00:00:00,5457877.0,7748882.0,6174882.0,-1708710.0,492506.0,3455716.0,1523497.0,5143077.0,2598467.0,12.0,2544610.0,2016.0,De 0 a 5 anos,150000.0,True,False,1.0,3300.0,
3984,4057,Colin West,Ricky Smith,QSHY05315053136613,34,0.8257523148,0.0,2016-05-25T00:00:00,18,22257.71,25000.0,AprovadoAnalista,De 31 a 50 % - Médio,0.5892857142857142,0.4107142857142857,0.0,25000.0,,,,,,,,,,460055.0,0.0,12.0,0.0,2010.0,De 6 a 10 anos,80000.0,False,True,1.0,60800.0,2020-08-12T14:04:55
3988,4061,Dr. Henry Jones,Toby Taylor,RKYL60948261495604,3,0.4576666993,0.0,2009-06-29T00:00:00,0,0.0,50000.0,AprovadoAnalista,De 31 a 50 % - Médio,0.625,0.375,0.0,50000.0,,,,,,,,,,0.0,0.0,1.0,0.0,2008.0,De 11 a 16 anos,78800.0,False,True,1.0,81400.0,2020-08-12T15:27:50
3993,4066,Mrs. Rosie Watkins,Jasmine Ashton-Daniels,SNVA72373709693442,21,0.0,,2014-03-31T17:14:27,0,0.0,20000.0,AprovadoAnalista,De 31 a 50 % - Médio,0.5892857142857142,0.4107142857142857,0.951675319369407,20000.0,,,,,,,,,,2296739.0,0.0,12.0,0.0,1975.0,Acima de 17 anos,100000.0,False,True,0.0,116100.0,2020-08-12T15:49:22
3995,4068,Mitchell Bibi-Greenwood,Graham Thorpe,VWEH77527368527919,98,0.6054713933,0.0,2013-04-08T00:00:00,0,0.0,30000.0,AprovadoAnalista,De 31 a 50 % - Médio,0.6607142857142857,0.3392857142857142,0.95141874012098,20000.0,,,,,,,,,,1148304.0,0.0,12.0,0.0,2012.0,De 6 a 10 anos,62200.0,False,False,0.854757422,81000.0,2020-08-12T19:04:46
3996,4069,Graham Harvey,Mr. Leon Wilkinson,AYLA06199962278666,105,0.2730283729,0.0,2007-02-05T00:00:00,11,2040.0,40000.0,AprovadoAnalista,De 31 a 50 % - Médio,0.5535714285714285,0.4464285714285714,0.980137658099318,25000.0,,,,,,,,,,9496315.0,-29803.0,12.0,9526118.0,2006.0,De 11 a 16 anos,500000.0,False,True,0.9801490393,5200.0,2020-08-12T19:02:27
4004,4077,Jeremy Ward-Grant,Grace Lambert,AUZR18230288099013,3,0.4297211727,0.0,2019-09-23T00:00:00,0,0.0,50000.0,AprovadoAnalista,De 31 a 50 % - Médio,0.6428571428571428,0.3571428571428571,0.0,15000.0,,2019-12-31T00:00:00,222228.0,92198.0,272288.0,180089.0,0.0,124572.0,95363.0,545680.0,72806.0,12.0,472874.0,2019.0,De 0 a 5 anos,100000.0,False,True,1.0,81000.0,2020-08-12T20:48:46
4012,4085,Mr. Mohammed Hayward,Danny Miller,JASM14953492414629,20,0.3207537313,0.0,2017-10-27T00:00:00,19,2680.0,60000.0,AprovadoAnalista,De 31 a 50 % - Médio,0.6607142857142857,0.3392857142857142,0.548772770923828,60000.0,,2019-12-31T00:00:00,1007312.0,212785.0,1154730.0,941945.0,0.0,159887.0,521581.0,4788557.0,1915423.0,12.0,2873134.0,2015.0,De 0 a 5 anos,100000.0,False,False,0.9433600003,5400.0,2020-08-13T14:35:49
4017,4090,Donald Henderson,Albert Morris,CKSY54133066648140,2,0.7015738964,0.0,2020-08-18T00:00:00,0,0.0,7000.0,AprovadoAnalista,De 31 a 50 % - Médio,0.625,0.375,0.0,7000.0,,,,,,,,,,450996.0,0.0,12.0,0.0,2018.0,De 0 a 5 anos,100000.0,False,False,1.0,1320.0,2020-08-13T19:25:15
4019,4092,Patricia Miles-O'Connor,Steven Morgan,LEKH15898039517032,3,0.5672013598,0.0,2019-02-20T00:00:00,11,1561.98,15000.0,AprovadoAnalista,De 31 a 50 % - Médio,0.6428571428571428,0.3571428571428571,0.0,15000.0,,,,,,,,,,1314708.0,0.0,12.0,0.0,2015.0,De 0 a 5 anos,100000.0,False,False,1.0,13200.0,2020-08-13T15:26:40
4024,4097,Sarah Harvey,Raymond Hill,CFOO85597670333653,5,0.3385694321,0.0,2017-10-23T00:00:00,0,0.0,20000.0,AprovadoAnalista,De 31 a 50 % - Médio,0.6428571428571428,0.3571428571428571,0.0385233256793811,20000.0,,,,,,,,,,1151674.0,0.0,12.0,0.0,2013.0,De 6 a 10 anos,30000.0,False,False,1.0,8640.0,2020-08-13T19:21:56
4029,4102,Timothy Payne-Jones,Mr. Robert Watson,DGTE29616717852814,0,0.0,,2016-11-21T17:14:49,0,0.0,20000.0,AprovadoAnalista,De 31 a 50 % - Médio,0.6428571428571428,0.3571428571428571,0.0,20000.0,,,,,,,,,,1330781.0,0.0,12.0,0.0,2016.0,De 0 a 5 anos,100000.0,False,False,0.0,11880.0,2020-08-13T20:12:09
4042,4115,Roger Holden,Mr. Kevin Wood,UVXK29590988227264,3,0.5536524064,0.0,2018-03-15T00:00:00,225,3740.0,30000.0,AprovadoAnalista,De 31 a 50 % - Médio,0.6428571428571428,0.3571428571428571,0.0,10000.0,,,,,,,,,,334919.0,0.0,12.0,0.0,2004.0,De 11 a 16 anos,10000.0,False,True,1.0,30800.0,2020-08-13T20:23:51
4045,4118,Mandy Morgan,Miss Sharon Wood,ZYMM04015018312932,27,0.3770236341,0.0,2017-11-23T00:00:00,67,387169.99,460000.0,AprovadoAnalista,De 31 a 50 % - Médio,0.6428571428571428,0.3571428571428571,0.866025403784439,400000.0,,2019-12-31T03:00:00,10018164.0,2830625.0,12360376.0,9545292.0,75458.0,3545420.0,5542173.0,26118681.0,7470535.0,12.0,18648146.0,2017.0,De 0 a 5 anos,390000.0,False,True,1.0,5400.0,2020-08-14T13:53:29
4048,4121,Janet Cooper-Smith,Fiona Noble,JLOI58063075571788,168,0.4298119122,0.0,2007-01-11T00:00:00,74,23868.8,200000.0,ReprovadoAnalista,De 31 a 50 % - Médio,0.5892857142857142,0.4107142857142857,-0.866025403784439,,,,,,,,,,,0.0,0.0,1.0,0.0,2000.0,Acima de 17 anos,11011313.0,False,False,0.8324439607,145500.0,
4050,4123,Mr. Jordan Stevens,Miss Ellie Kelly,UCBM91111020900951,23,0.3297961267,0.0,2016-08-03T00:00:00,0,0.0,162000.0,AprovadoAnalista,De 31 a 50 % - Médio,0.5357142857142857,0.4642857142857142,-0.927590165600965,162000.0,,2019-12-31T03:00:00,7346700.0,5304185.0,8945697.0,1678506.0,1963005.0,4278294.0,2690647.0,20052539.0,3766634.0,12.0,16285905.0,2014.0,De 6 a 10 anos,1500000.0,True,True,0.9588687939,587379.0,2020-08-14T15:21:54
4051,4124,Marilyn Williams,Marie Harding,TXTO74383490945715,13,0.3040172091,0.0,2018-07-31T00:00:00,0,0.0,20000.0,AprovadoAnalista,De 31 a 50 % - Médio,0.6071428571428571,0.3928571428571428,0.277380822159406,20000.0,,2019-12-31T00:00:00,3863919.0,358515.0,6079783.0,5406940.0,35000.0,426682.0,115401.0,0.0,0.0,1.0,0.0,2000.0,Acima de 17 anos,60000.0,False,False,1.0,101190.0,2020-08-14T16:56:06
4056,4129,Leigh Butler,Kyle Bull,NTKO21813251683839,18,0.627505787,0.0,2019-04-11T00:00:00,24,34920.0,30000.0,AprovadoAnalista,De 31 a 50 % - Médio,0.5,0.4999999999999999,0.866025403784439,10000.0,,2019-12-31T00:00:00,0.0,0.0,0.0,0.0,0.0,0.0,0.0,158431.0,0.0,3.0,0.0,2018.0,De 0 a 5 anos,95400.0,False,True,1.0,4400.0,2020-08-14T17:49:28
4057,4130,Amber Evans,Jennifer Little-Allan,HHDV87070786136116,8,0.5741542772,0.0,2016-04-15T00:00:00,3,40293.08,2000000.0,AprovadoComite,De 31 a 50 % - Médio,0.6428571428571428,0.3571428571428571,0.876721752370822,1700000.0,2020-08-14T18:33:19,2019-12-31T03:00:00,52193824.0,54522992.0,56131518.0,1000000.0,608525.0,22968974.0,18059756.0,199951733.0,118469350.0,12.0,81482383.0,2015.0,De 0 a 5 anos,1000000.0,False,True,0.9967354229,12342768.0,
4060,4133,Amber Hopkins-Carr,Dr. Frederick Wright,UVJA03993311901207,76,0.6142713193,0.0,2016-11-23T00:00:00,0,0.0,50000.0,AprovadoAnalista,De 31 a 50 % - Médio,0.6607142857142857,0.3392857142857142,0.912541576046406,10000.0,,,,,,,,,,2786636.0,0.0,12.0,0.0,2016.0,De 0 a 5 anos,20000.0,False,False,0.9596777974,4400.0,2020-08-14T18:25:16
4063,4136,Andrew Kaur,Elliott Pugh-Williams,YEVW11606599566192,7,0.0969901589,0.0,2013-11-27T00:00:00,21,31500.0,100000.0,AprovadoAnalista,De 31 a 50 % - Médio,0.5357142857142857,0.4642857142857142,0.181906329940001,70000.0,,2019-12-31T03:00:00,2675476.0,5167202.0,5084111.0,-83191.0,3868485.0,759662.0,715913.0,8151850.0,3378866.0,12.0,4772984.0,1997.0,Acima de 17 anos,100000.0,False,True,1.0,282320.0,2020-08-14T19:44:10
4064,4137,Guy Ellis-Hughes,Barry Nicholls-Winter,FPKG36165827910951,17,0.3594557077,0.0,2018-01-31T00:00:00,0,0.0,100000.0,AprovadoAnalista,De 31 a 50 % - Médio,0.6785714285714285,0.3214285714285714,0.0,85000.0,,2019-12-31T03:00:00,4978062.0,302814.0,6841080.0,6538265.0,0.0,23928.0,2543049.0,4344298.0,1292550.0,12.0,3051748.0,1991.0,Acima de 17 anos,400000.0,False,True,1.0,140600.0,2020-08-14T19:22:49
4066,4139,Dr. Aaron Bell,Alison Green,FNCP69959639206132,3,0.3257212021,0.0,2017-08-23T00:00:00,0,0.0,50000.0,AprovadoAnalista,De 31 a 50 % - Médio,0.6428571428571428,0.3571428571428571,0.0,20000.0,,,,,,,,,,1034969.0,0.0,12.0,0.0,2016.0,De 0 a 5 anos,50000.0,False,False,1.0,89100.0,2020-08-14T19:39:57
4071,4144,Janet Barnes,Clifford Allan,XSME54122165353551,30,0.316048996,0.0,2019-10-28T00:00:00,32,8300.0,100000.0,AprovadoAnalista,De 31 a 50 % - Médio,0.5178571428571428,0.4821428571428571,0.0,100000.0,,2019-12-31T03:00:00,3316100.0,1845792.0,3360028.0,1148381.0,49500.0,2415975.0,306079.0,11753319.0,4543390.0,12.0,7209929.0,2017.0,De 0 a 5 anos,100000.0,False,True,1.0,19749.0,2020-08-17T14:20:21
4074,4147,Gordon Green,Dr. Samuel Watson,EGDE48055859235086,168,0.6059192308,0.0,2008-09-02T00:00:00,74,5850.0,20000.0,AprovadoAnalista,De 31 a 50 % - Médio,0.6607142857142857,0.3392857142857142,-0.116851945935164,7000.0,,,,,,,,,,4425171.0,0.0,12.0,0.0,2006.0,De 11 a 16 anos,250000.0,False,True,0.7775565608,720.0,2020-08-17T14:32:09
4078,4151,Leigh Butler,Kyle Bull,NTKO21813251683839,18,0.627505787,0.0,2019-04-11T00:00:00,24,34920.0,20000.0,AprovadoAnalista,De 31 a 50 % - Médio,0.5,0.4999999999999999,0.866025403784439,20000.0,,2019-12-31T00:00:00,0.0,0.0,0.0,0.0,0.0,0.0,0.0,158431.0,0.0,3.0,0.0,2018.0,De 0 a 5 anos,95400.0,False,True,1.0,4400.0,2020-08-17T18:11:17
4082,4155,Emily Taylor,Sophie Barry,HFKZ98670937309689,3,0.2458623853,0.0,2019-08-21T00:00:00,0,0.0,30000.0,AprovadoAnalista,De 31 a 50 % - Médio,0.625,0.375,0.0,30000.0,,,,,,,,,,6757321.0,0.0,12.0,0.0,2018.0,De 0 a 5 anos,100000.0,False,True,1.0,32400.0,2020-08-17T18:23:15
4084,4157,Katie Rose,Benjamin Clark-Webb,YFOQ93485351289100,22,0.3769695607,0.0,2016-05-24T00:00:00,47,5749.25,12000.0,AprovadoAnalista,De 31 a 50 % - Médio,0.6607142857142857,0.3392857142857142,0.866025403784439,12000.0,,,,,,,,,,2866733.0,0.0,12.0,0.0,1999.0,Acima de 17 anos,100000.0,False,True,1.0,45600.0,2020-08-17T18:51:54
4088,4161,Mr. Alexander Henderson,Dr. Ronald Talbot,HBDG05923281332889,6,0.3170871253,0.0,2020-02-18T00:00:00,0,0.0,50000.0,ReprovadoAnalista,De 31 a 50 % - Médio,0.5178571428571428,0.4821428571428571,0.0,,,2019-12-31T00:00:00,0.0,0.0,0.0,0.0,0.0,0.0,0.0,181705.0,113797.0,12.0,67908.0,2018.0,De 0 a 5 anos,104000.0,False,True,1.0,4300.0,
4091,4164,Dr. Phillip Sims,Pauline Taylor,QXGP48013363194716,0,0.4850723004,0.0,2020-07-31T00:00:00,0,0.0,5000.0,ReprovadoAnalista,De 31 a 50 % - Médio,0.6785714285714285,0.3214285714285714,0.0,,,,,,,,,,,170374.0,0.0,12.0,0.0,2019.0,De 0 a 5 anos,50000.0,False,False,1.0,2220.0,
4097,4170,John Carpenter,Ms. Leanne Bond,EVDJ78262457339985,38,0.3179398827,0.0,2016-09-27T00:00:00,0,0.0,20000.0,ReprovadoAnalista,De 31 a 50 % - Médio,0.5892857142857142,0.4107142857142857,0.983647604395133,,,,,,,,,,,314363.0,0.0,12.0,0.0,2011.0,De 6 a 10 anos,5000.0,False,True,0.9550209703,880.0,
4099,4172,Vincent Green,Henry White,BXBG58832105546134,5,0.5630928823,0.0,2019-05-31T00:00:00,3,55199.84,50000.0,AprovadoAnalista,De 31 a 50 % - Médio,0.6428571428571428,0.3571428571428571,0.0,40000.0,,,,,,,,,,9382621.0,0.0,12.0,0.0,2017.0,De 0 a 5 anos,0.0,False,False,1.0,26944.0,2020-08-18T14:08:46
4110,4183,Mr. Alexander Henderson,Dr. Ronald Talbot,HBDG05923281332889,6,0.3170871253,0.0,2020-02-18T00:00:00,0,0.0,40000.0,AprovadoAnalista,De 31 a 50 % - Médio,0.625,0.3749999999999999,0.0,15000.0,,2019-12-31T00:00:00,0.0,0.0,0.0,0.0,0.0,0.0,0.0,18875261.0,0.0,12.0,0.0,2018.0,De 0 a 5 anos,104000.0,False,True,1.0,4300.0,2020-08-18T18:03:35
4118,4191,Stephen Noble,Norman Allen,DXVQ95516926720148,0,0.3522793103,0.0,2017-09-14T00:00:00,0,0.0,50000.0,AprovadoAnalista,De 31 a 50 % - Médio,0.6785714285714285,0.3214285714285714,0.0,40000.0,,,,,,,,,,5813248.0,0.0,12.0,0.0,2015.0,De 0 a 5 anos,229000.0,False,True,1.0,42180.0,2020-08-18T19:37:35
4120,4193,Dean Iqbal,Alison Williams,CEGZ37572087283645,0,0.0,,2020-08-13T17:06:07,0,0.0,16000.0,AprovadoAnalista,De 31 a 50 % - Médio,0.6607142857142857,0.3392857142857142,0.0,16000.0,,,,,,,,,,0.0,0.0,1.0,0.0,2002.0,Acima de 17 anos,24890730.0,True,False,0.0,7726374.0,2020-08-18T20:08:07
4126,4199,Miss Kelly Robinson,Donald Bailey-Owens,OQTI08035416147947,18,0.536226416,0.0,2009-12-15T00:00:00,0,0.0,25000.0,AprovadoAnalista,De 31 a 50 % - Médio,0.5892857142857142,0.4107142857142857,0.0,15000.0,,,,,,,,,,778679.0,0.0,12.0,0.0,2008.0,De 11 a 16 anos,5000000.0,False,True,1.0,93523.0,2020-08-18T20:44:47
4129,4202,Colin Jones-Owen,Dr. Julia Mills,XQYN43672710776197,47,0.0,,2012-06-29T11:03:33,0,0.0,1300000.0,AprovadoAnalista,De 31 a 50 % - Médio,0.6785714285714285,0.3214285714285714,-0.580999430178649,1300000.0,,2020-02-12T03:00:00,30207079.0,24413195.0,31545022.0,3444494.0,4115000.0,15246660.0,12833713.0,98884390.0,30148995.0,12.0,68735395.0,2010.0,De 6 a 10 anos,3000000.0,False,False,0.0,4702876.0,2020-08-19T13:02:50
4137,4210,Sophie Williams-Craig,Mr. Guy Lamb,AMVK70950785139481,9,0.6533681481,0.0,2017-04-26T00:00:00,723,513580.14,720000.0,AprovadoAnalista,De 31 a 50 % - Médio,0.6428571428571428,0.3571428571428571,0.98453788288906,720000.0,,2019-12-31T06:00:00,14534249.0,12160819.0,22560504.0,10399685.0,7603324.0,7760018.0,5648647.0,56858056.0,24111638.0,12.0,32746418.0,2015.0,De 0 a 5 anos,99800.0,False,True,0.9861354842,1309856.0,2020-08-19T12:55:38
4140,4213,Rosie Wood,Teresa Ward,BEEW86878623980476,28,0.0,,2018-09-18T13:57:01,0,0.0,11000.0,AprovadoAnalista,De 31 a 50 % - Médio,0.5535714285714285,0.4464285714285714,0.866025403784439,11000.0,,,,,,,,,,518938.0,0.0,3.0,0.0,2017.0,De 0 a 5 anos,93700.0,False,True,0.0,5237.0,2020-08-19T13:48:12
4156,4229,Mrs. Marie Johnson,Paige Robinson,TWVS80124185062448,6,0.0,,2019-09-12T16:01:36,0,0.0,10000.0,AprovadoComite,De 31 a 50 % - Médio,0.5357142857142857,0.4642857142857142,0.0,10000.0,2020-08-19T18:27:43,,,,,,,,,1060364.0,0.0,12.0,0.0,2013.0,De 6 a 10 anos,100000.0,False,True,0.0,10800.0,
4164,4237,Dr. Robin Hunt,Kathleen Thomas,ZNJR27212948626053,0,0.6511511999,0.0,2019-07-26T00:00:00,5,14993.0,50000.0,AprovadoComite,De 31 a 50 % - Médio,0.5357142857142857,0.4642857142857142,0.0,15000.0,2020-08-19T19:08:03,2019-12-31T03:00:00,353995.0,179964.0,391364.0,49069.0,42400.0,70506.0,343959.0,1031762.0,934513.0,12.0,97249.0,2000.0,Acima de 17 anos,100000.0,False,True,1.0,51600.0,
4171,4244,James Kay,Mr. John Matthews,JTGN86881492277689,0,0.4506041222,0.0,2020-05-08T00:00:00,0,0.0,8000.0,ReprovadoComite,De 31 a 50 % - Médio,0.6785714285714285,0.3214285714285714,0.0,,,,,,,,,,,30271.0,30271.0,1.0,0.0,2020.0,De 0 a 5 anos,15000.0,False,False,1.0,960.0,
4172,4245,Miss Natalie Wright,Mr. Jamie Palmer,ABOH69590581773707,20,0.4132981729,0.0,2018-09-25T00:00:00,0,0.0,50000.0,AprovadoAnalista,De 31 a 50 % - Médio,0.5,0.4999999999999999,0.866025403784438,7000.0,,2019-12-31T00:00:00,183032.0,35282.0,209453.0,160316.0,13855.0,12416.0,103465.0,295474.0,169819.0,12.0,125655.0,2018.0,De 0 a 5 anos,30000.0,False,True,1.0,2220.0,2020-08-19T20:27:47
4174,4247,Dr. Kathleen Carpenter,Ms. Hollie Rowe,RSKN72941607056916,21,0.2424245963,0.0,2017-07-31T00:00:00,0,0.0,15000.0,AprovadoAnalista,De 31 a 50 % - Médio,0.6428571428571428,0.3571428571428571,0.866025403784439,15000.0,,2019-12-31T00:00:00,8853077.0,1230338.0,9880366.0,8650027.0,0.0,1023379.0,953949.0,0.0,0.0,1.0,0.0,1981.0,Acima de 17 anos,99800.0,False,True,1.0,1760.0,2020-08-19T20:51:33
4176,4249,Janet Barnes,Clifford Allan,XSME54122165353551,30,0.316048996,0.0,2019-10-28T00:00:00,32,8300.0,150000.0,AprovadoAnalista,De 31 a 50 % - Médio,0.5178571428571428,0.4821428571428571,0.0,130000.0,,2019-12-31T03:00:00,3316100.0,1845792.0,3360028.0,1148381.0,49500.0,2415975.0,306079.0,11753319.0,4543390.0,12.0,7209929.0,2017.0,De 0 a 5 anos,100000.0,False,True,1.0,19749.0,2020-08-20T13:24:04
4177,4250,Jamie Garner-Brown,Brett Johnston,CNZD19216323131905,6,0.6438311032,0.0,2018-02-19T00:00:00,46,13480.0,35000.0,AprovadoAnalista,De 31 a 50 % - Médio,0.6428571428571428,0.3571428571428571,-0.0,25000.0,,,,,,,,,,1339251.0,0.0,12.0,0.0,2010.0,De 6 a 10 anos,500000.0,False,True,1.0,43200.0,2020-08-20T13:47:48
4180,4253,Jessica Anderson-Fuller,Mrs. Frances Buckley,HZJB07110281971580,3,0.4418016071,0.0,2019-09-26T00:00:00,21,1839.95,30000.0,AprovadoAnalista,De 31 a 50 % - Médio,0.5357142857142857,0.4642857142857142,0.0,10000.0,,,,,,,,,,618847.0,0.0,12.0,0.0,2019.0,De 0 a 5 anos,99800.0,False,True,1.0,50600.0,2020-08-20T14:20:17
4185,4258,Philip Parker,Victoria White,AFBC26520308021503,24,0.4849939948,0.0,2006-06-08T00:00:00,0,0.0,5000.0,AprovadoAnalista,De 31 a 50 % - Médio,0.6428571428571428,0.3571428571428571,0.866025403784439,5000.0,,2019-12-31T00:00:00,2248984.0,5312716.0,8817343.0,-28300.0,171018.0,1923444.0,264137.0,6137470.0,2296995.0,12.0,3840475.0,2000.0,Acima de 17 anos,50000.0,False,False,1.0,137112.0,2020-08-20T15:33:06
4186,4259,Russell Hughes-Jackson,Victoria White,FVNC08160000412862,20,0.4599776349,0.0,2008-10-17T00:00:00,0,0.0,5000.0,AprovadoAnalista,De 31 a 50 % - Médio,0.6428571428571428,0.3571428571428571,0.981449098390041,5000.0,,2019-12-31T00:00:00,7083373.0,9461827.0,17532928.0,-1013236.0,687167.0,5275513.0,747129.0,11568458.0,4964831.0,12.0,6603627.0,2008.0,De 11 a 16 anos,1000000.0,False,False,0.8371059978,124615.0,2020-08-20T15:33:35
4191,4264,Miss Mary Davies,Lynne Smith,ODXT24585214420209,0,0.41305,0.0,2020-04-09T00:00:00,0,0.0,15000.0,AprovadoAnalista,De 31 a 50 % - Médio,0.6785714285714285,0.3214285714285714,0.0,5000.0,,,,,,,,,,500602.0,0.0,12.0,0.0,2017.0,De 0 a 5 anos,100000.0,False,False,1.0,720.0,2020-08-20T16:53:29
4200,4273,Mr. Jordan Stevens,Miss Ellie Kelly,UCBM91111020900951,23,0.3297961267,0.0,2016-08-03T00:00:00,0,0.0,200000.0,AprovadoAnalista,De 31 a 50 % - Médio,0.5535714285714285,0.4464285714285714,-0.927590165600965,150000.0,,2019-12-31T03:00:00,7346700.0,5304185.0,8945697.0,1678506.0,1963005.0,4278294.0,2690647.0,20052539.0,3766634.0,12.0,16285905.0,2014.0,De 6 a 10 anos,1500000.0,True,True,0.9588687939,587379.0,2020-08-20T18:24:55
4202,4275,Elliott Rose,Deborah Jones-Gibson,JJJO86195665960207,9,0.5932736371,0.0,2016-11-18T00:00:00,31,5549.21,25000.0,AprovadoAnalista,De 31 a 50 % - Médio,0.5357142857142857,0.4642857142857142,0.0,20000.0,,2019-12-31T00:00:00,522357.0,360340.0,525745.0,73702.0,13797.0,133931.0,355654.0,0.0,0.0,12.0,0.0,2016.0,De 0 a 5 anos,100000.0,False,True,1.0,102600.0,2020-08-20T18:21:19
4204,4277,Sheila Holmes-Williams,Iain Brown-Taylor,YJKL12567970829015,62,0.0,,2011-07-28T10:45:04,0,0.0,70000.0,AprovadoAnalista,De 31 a 50 % - Médio,0.5535714285714285,0.4464285714285714,-0.875954892594492,60000.0,,2019-12-31T03:00:00,1007659.0,386767.0,1198807.0,253649.0,62910.0,752062.0,67800.0,4217666.0,1899182.0,12.0,2318484.0,2009.0,De 11 a 16 anos,100000.0,False,True,0.0,43000.0,2020-08-20T18:43:38
4208,4281,Oliver Thompson-Jones,Ian Thornton,ICFF46967376376354,0,0.5142709494,0.0,2020-08-07T00:00:00,5,3666.6,50000.0,AprovadoAnalista,De 31 a 50 % - Médio,0.5535714285714285,0.4464285714285714,0.0,5000.0,,,,,,,,,,744512.0,0.0,12.0,0.0,2019.0,De 0 a 5 anos,5000.0,False,True,1.0,2640.0,2020-08-20T19:04:11
4211,4284,Russell Hughes-Jackson,Victoria White,FVNC08160000412862,20,0.4599776349,0.0,2008-10-17T00:00:00,0,0.0,7000.0,AprovadoAnalista,De 31 a 50 % - Médio,0.6428571428571428,0.3571428571428571,0.981449098390041,7000.0,,2019-12-31T00:00:00,7083373.0,9461827.0,17532928.0,-1013236.0,687167.0,5275513.0,747129.0,11568458.0,4964831.0,12.0,6603627.0,2008.0,De 11 a 16 anos,1000000.0,False,False,0.8371059978,124615.0,2020-08-20T19:06:45
4213,4286,Dr. Robin Hunt,Kathleen Thomas,ZNJR27212948626053,0,0.6511511999,0.0,2019-07-26T00:00:00,5,14993.0,50000.0,AprovadoAnalista,De 31 a 50 % - Médio,0.5357142857142857,0.4642857142857142,0.0,15000.0,,2019-12-31T03:00:00,353995.0,179964.0,391364.0,49069.0,42400.0,70506.0,343959.0,1031762.0,934513.0,12.0,97249.0,2000.0,Acima de 17 anos,100000.0,False,True,1.0,51600.0,2020-08-20T19:26:58
4217,4290,Catherine Marshall-Thompson,Maria Dyer,JKAF93512474786620,5,0.5440276558,0.0,2018-07-26T00:00:00,8,4800.0,35000.0,AprovadoAnalista,De 31 a 50 % - Médio,0.5357142857142857,0.4642857142857142,0.0,35000.0,,,,,,,,,,1714093.0,0.0,12.0,0.0,2018.0,De 0 a 5 anos,30000.0,False,True,1.0,3200.0,2020-08-20T19:28:05
4222,4295,Donald Henderson,Albert Morris,CKSY54133066648140,2,0.7015738964,0.0,2020-08-18T00:00:00,0,0.0,10000.0,AprovadoAnalista,De 31 a 50 % - Médio,0.6428571428571428,0.3571428571428571,0.0,10000.0,,,,,,,,,,450996.0,0.0,12.0,0.0,2018.0,De 0 a 5 anos,100000.0,False,False,1.0,1320.0,2020-08-20T20:59:46
4225,4298,Abdul Ward,Dr. Judith Woods,XCVO21635112006067,57,0.4434305202,0.0,2019-06-28T00:00:00,70,4440.0,25000.0,AprovadoAnalista,De 31 a 50 % - Médio,0.5357142857142857,0.4642857142857142,0.0,15000.0,,,,,,,,,,925011533.0,0.0,12.0,0.0,2018.0,De 0 a 5 anos,0.0,True,False,1.0,0.0,2020-08-20T21:31:27
4228,4301,Carole Cox-Ellis,Dr. Judith Woods,CXLA78251686071546,7,0.2228348149,0.0,2019-07-02T00:00:00,0,0.0,20000.0,AprovadoAnalista,De 31 a 50 % - Médio,0.6428571428571428,0.3571428571428571,0.0,15000.0,,2020-05-30T00:00:00,0.0,0.0,0.0,0.0,0.0,0.0,0.0,925011533.0,0.0,12.0,0.0,2018.0,De 0 a 5 anos,0.0,False,False,1.0,0.0,2020-08-20T21:33:12
4229,4302,Carole Cox-Ellis,Dr. Judith Woods,QAED54967239109793,68,0.329276771,0.0,2019-06-28T00:00:00,0,0.0,25000.0,AprovadoAnalista,De 31 a 50 % - Médio,0.5357142857142857,0.4642857142857142,0.0,15000.0,,,,,,,,,,925011533.0,0.0,12.0,0.0,2019.0,De 0 a 5 anos,0.0,True,False,1.0,0.0,2020-08-20T21:33:43
4230,4303,Carole Cox-Ellis,Dr. Judith Woods,CKHJ51070864129386,76,0.3333242317,0.0,2019-07-04T00:00:00,0,0.0,80000.0,AprovadoAnalista,De 31 a 50 % - Médio,0.5357142857142857,0.4642857142857142,0.0,15000.0,,2109-12-31T03:00:00,0.0,0.0,0.0,0.0,0.0,0.0,0.0,925011533.0,0.0,12.0,0.0,2018.0,De 0 a 5 anos,0.0,True,False,1.0,0.0,2020-08-20T21:34:21
4232,4305,Sally Wilson,Ms. Geraldine Willis,CLSX97734940858704,13,0.524908043,0.0,2018-08-21T00:00:00,0,0.0,8000.0,AprovadoAnalista,De 31 a 50 % - Médio,0.5535714285714285,0.4464285714285714,0.866025403784439,8000.0,,,,,,,,,,246837.0,0.0,3.0,0.0,2018.0,De 0 a 5 anos,150000.0,False,False,1.0,8100.0,2020-08-21T15:02:20
4236,4309,Jessica Anderson-Fuller,Mrs. Frances Buckley,HZJB07110281971580,3,0.4418016071,0.0,2019-09-26T00:00:00,21,1839.95,20000.0,AprovadoAnalista,De 31 a 50 % - Médio,0.5357142857142857,0.4642857142857142,0.0,10000.0,,,,,,,,,,618847.0,0.0,12.0,0.0,2019.0,De 0 a 5 anos,99800.0,False,True,1.0,50600.0,2020-08-21T15:03:50
4241,4314,Keith Jones,Steven Kennedy-Jones,BRJP37453437154592,11,0.4240991321,0.0,2011-08-10T00:00:00,31,559679.98,900000.0,AprovadoComite,De 31 a 50 % - Médio,0.6071428571428571,0.3928571428571428,0.704535657259457,800000.0,2020-08-21T15:32:35,2019-12-31T06:00:00,286103378.0,249608297.0,351771624.0,-57879850.0,26143834.0,243889091.0,36182702.0,650654398.0,374326730.0,12.0,276327668.0,2008.0,De 11 a 16 anos,1500000.0,False,False,0.9947858507,9288000.0,
4243,4316,Ms. Debra Wade,Rachel Harris-Reynolds,VOXK39980489641860,26,0.4012288618,0.0,2011-05-02T00:00:00,0,0.0,200000.0,AprovadoAnalista,De 31 a 50 % - Médio,0.6607142857142857,0.3392857142857142,0.796774882444864,160000.0,,2019-12-31T03:00:00,4916532.0,1995290.0,5348686.0,3353396.0,0.0,4435924.0,347236.0,6824293.0,3700132.0,12.0,3124161.0,2009.0,De 11 a 16 anos,800000.0,False,True,1.0,129218.0,2020-08-21T15:56:02
4244,4317,Mr. Samuel Taylor,Julie Smith,XSVI97026547564335,0,0.5035386632,0.0,2017-09-28T00:00:00,14,1220.8,50000.0,AprovadoAnalista,De 31 a 50 % - Médio,0.6428571428571428,0.3571428571428571,0.0,25000.0,,,,,,,,,,1115033.0,0.0,12.0,0.0,2005.0,De 11 a 16 anos,40000.0,False,True,1.0,14520.0,2020-08-21T18:26:06
4251,4324,Gerard Dale,Dr. Russell Lewis,AYQU44925752240502,2,0.4763216708,0.0,2019-07-10T00:00:00,0,0.0,20000.0,AprovadoAnalista,De 31 a 50 % - Médio,0.6428571428571428,0.3571428571428571,0.0,15000.0,,,,,,,,,,829611.0,0.0,12.0,0.0,1999.0,Acima de 17 anos,300000.0,False,True,1.0,7920.0,2020-08-21T19:20:28
4252,4325,Oliver Nelson,Diane Mellor,JNZU40131737101208,0,0.4327342124,0.0,2020-01-15T00:00:00,0,0.0,10000.0,ReprovadoAnalista,De 31 a 50 % - Médio,0.5714285714285714,0.4285714285714285,0.0,,,,,,,,,,,282707.0,0.0,12.0,0.0,2019.0,De 0 a 5 anos,5000.0,False,True,1.0,1960.0,
4257,4330,Dr. Max Parry,Sam Jones,LNTH70293999637049,3,0.4895129282,0.0,2019-06-06T00:00:00,0,0.0,15000.0,AprovadoAnalista,De 31 a 50 % - Médio,0.5357142857142857,0.4642857142857142,0.0,5000.0,,,,,,,,,,411553.0,0.0,12.0,0.0,2017.0,De 0 a 5 anos,40000.0,False,True,1.0,9990.0,2020-08-24T14:26:30
4259,4332,Jessica Anderson-Fuller,Mrs. Frances Buckley,HZJB07110281971580,3,0.4418016071,0.0,2019-09-26T00:00:00,21,1839.95,20000.0,AprovadoAnalista,De 31 a 50 % - Médio,0.5357142857142857,0.4642857142857142,0.0,13000.0,,,,,,,,,,806670.0,0.0,12.0,0.0,2019.0,De 0 a 5 anos,99800.0,False,True,1.0,50600.0,2020-08-24T14:54:57
4270,4343,Mrs. Amber Ward,Dale Knight,OYVS59562613587408,6,0.5578428231,0.0,2019-04-15T00:00:00,10,73970.0,40000.0,AprovadoAnalista,De 31 a 50 % - Médio,0.5357142857142857,0.4642857142857142,0.0,25000.0,,,,,,,,,,1613656.0,0.0,12.0,0.0,2017.0,De 0 a 5 anos,100000.0,False,True,1.0,0.0,2020-08-24T19:01:46
4274,4347,Mr. Malcolm Harris,Henry Williams,FAMY05606066275204,6,0.0,,2017-02-03T16:33:42,0,0.0,40000.0,AprovadoAnalista,De 31 a 50 % - Médio,0.5892857142857142,0.4107142857142857,1.1e-15,20000.0,,2019-12-31T00:00:00,401023.0,126533.0,417355.0,290822.0,11666.0,121733.0,193405.0,1016484.0,365266.0,12.0,651218.0,2016.0,De 0 a 5 anos,90000.0,False,True,0.0,8510.0,2020-08-24T19:19:46
4280,4353,Kim Francis,Kevin Abbott,YGXS08745628415989,5,0.3364161036,0.0,2017-12-29T00:00:00,0,0.0,25000.0,AprovadoAnalista,De 31 a 50 % - Médio,0.6071428571428571,0.3928571428571428,0.866025403784439,25000.0,,,,,,,,,,5069520.0,0.0,12.0,0.0,2016.0,De 0 a 5 anos,200000.0,False,True,1.0,256500.0,2020-08-24T20:20:05
4283,4356,Amber Evans,Jennifer Little-Allan,HHDV87070786136116,8,0.5741542772,0.0,2016-04-15T00:00:00,3,40293.08,1500000.0,AprovadoAnalista,De 31 a 50 % - Médio,0.6428571428571428,0.3571428571428571,0.876721752370822,1500000.0,,2019-12-31T03:00:00,52193824.0,54522992.0,56131518.0,1000000.0,608525.0,22968974.0,18059756.0,199951733.0,118469350.0,12.0,81482383.0,2015.0,De 0 a 5 anos,1000000.0,False,True,0.9967354229,12342768.0,2020-08-24T20:26:51
4285,4358,Dr. Maria Watts,Gail Smith,GNPY76147394204081,124,0.3646372764,0.0,2006-12-11T00:00:00,40,508121.72,1000000.0,AprovadoAnalista,De 31 a 50 % - Médio,0.6428571428571428,0.3571428571428571,-0.880699336339438,1000000.0,,2019-12-31T03:00:00,16099155.0,6386423.0,17558011.0,6924723.0,336133.0,8071675.0,6230984.0,49725936.0,15608763.0,12.0,34117173.0,2000.0,Acima de 17 anos,1502000.0,False,True,0.9596980479,2185886.0,2020-08-24T20:47:56
4288,4361,Sandra Wilson,Ms. Marilyn Saunders,XMLY60326206853927,0,0.477761461,0.0,2014-05-07T00:00:00,0,0.0,20000.0,AprovadoAnalista,De 31 a 50 % - Médio,0.6428571428571428,0.3571428571428571,0.0,12000.0,,,,,,,,,,489350.0,0.0,12.0,0.0,2006.0,De 11 a 16 anos,5000.0,False,True,1.0,14850.0,2020-08-25T12:48:09
4289,4362,Donna Johnson,Jamie Dodd-Patel,TQCK77735351677786,0,0.4215077138,0.0,2019-02-07T00:00:00,0,0.0,30000.0,AprovadoAnalista,De 31 a 50 % - Médio,0.5178571428571428,0.4821428571428571,0.0,15000.0,,,,,,,,,,1024256.0,0.0,12.0,0.0,2016.0,De 0 a 5 anos,88000.0,False,True,1.0,123528.0,2020-08-25T13:57:17
4293,4366,Scott Ball,Annette Owen-Thomas,GDNV37902171840321,80,0.0,,2016-07-27T11:24:11,0,0.0,500000.0,AprovadoAnalista,De 31 a 50 % - Médio,0.6071428571428571,0.3928571428571428,0.368994814302997,100000.0,,2019-12-31T03:00:00,35280545.0,10024204.0,38977996.0,20977015.0,8413259.0,12465292.0,13063689.0,12177122.0,9462164.0,12.0,2714958.0,2003.0,Acima de 17 anos,500000.0,False,True,0.0,481300.0,2020-08-25T14:07:04
4299,4372,Damien Hart,Josh Bryan-Wilson,VIJS49154641676716,4,0.0,,2018-02-28T16:18:18,0,0.0,60000.0,AprovadoAnalista,De 31 a 50 % - Médio,0.6607142857142857,0.3392857142857142,0.0,30000.0,,2019-12-31T00:00:00,0.0,0.0,0.0,0.0,0.0,0.0,0.0,1211706.0,0.0,12.0,0.0,2018.0,De 0 a 5 anos,50000.0,False,False,0.0,7360.0,2020-08-25T17:31:04
4303,4376,Denis Fisher,Suzanne Barlow,NVWA82542134983702,18,0.5903563505,0.0,2017-12-19T00:00:00,0,0.0,20000.0,AprovadoAnalista,De 31 a 50 % - Médio,0.6607142857142857,0.3392857142857142,0.866025403784439,15000.0,,,,,,,,,,834431.0,0.0,4.0,0.0,2017.0,De 0 a 5 anos,800000.0,False,False,1.0,2640.0,2020-08-25T18:06:42
4314,4387,Amber Smith,Chelsea Smith-Cox,EFMB43041243982596,4,0.5074172904,0.0,2013-03-28T00:00:00,0,0.0,770000.0,AprovadoAnalista,De 31 a 50 % - Médio,0.6607142857142857,0.3392857142857142,-0.866025403784439,770000.0,,2019-12-31T06:00:00,12951488.0,17497243.0,17587509.0,-46604.0,203556.0,0.0,9471366.0,,,,,1996.0,Acima de 17 anos,95400.0,False,True,1.0,17200.0,2020-08-25T20:00:29
4317,4390,Douglas Parker,Gillian Mason,BWJA72636159902734,9,0.4325313281,0.0,2016-10-07T00:00:00,0,0.0,50000.0,AprovadoAnalista,De 31 a 50 % - Médio,0.5535714285714285,0.4464285714285714,0.866025403784439,35000.0,,2019-12-31T00:00:00,7159708.0,166406.0,7205370.0,6933726.0,4665.0,242843.0,603020.0,0.0,0.0,1.0,0.0,2009.0,De 11 a 16 anos,30000.0,True,False,1.0,36466.0,2020-08-25T20:15:58
4319,4392,Mandy Morgan,Miss Sharon Wood,ZYMM04015018312932,27,0.3770236341,0.0,2017-11-23T00:00:00,67,387169.99,460000.0,AprovadoAnalista,De 31 a 50 % - Médio,0.6428571428571428,0.3571428571428571,0.866025403784439,460000.0,,2019-12-31T03:00:00,10018164.0,2830625.0,12360376.0,9545292.0,75458.0,3545420.0,5542173.0,26118681.0,7470535.0,12.0,18648146.0,2017.0,De 0 a 5 anos,390000.0,False,True,1.0,5400.0,2020-08-25T20:25:19
4327,4400,Ashley Knight,Judith Patel,FYHI02813517423422,5,0.4065550583,0.0,2019-10-31T00:00:00,0,20700.0,60000.0,AprovadoAnalista,De 31 a 50 % - Médio,0.5892857142857142,0.4107142857142857,0.0,30000.0,,2019-12-31T03:00:00,1179950.0,95839.0,1189548.0,849560.0,216269.0,898554.0,145303.0,1390292.0,890781.0,12.0,499511.0,2015.0,De 0 a 5 anos,80000.0,False,False,1.0,66000.0,2020-08-26T12:25:20
4328,4401,Shaun Giles,Phillip Rees,LLHK77055509342084,44,0.298744452,0.0,2015-08-07T00:00:00,13,6073.6,45000.0,AprovadoAnalista,De 31 a 50 % - Médio,0.5892857142857142,0.4107142857142857,-0.962219620715599,20000.0,,,,,,,,,,5490750.0,0.0,12.0,0.0,2015.0,De 0 a 5 anos,50000.0,False,False,0.644604823,720.0,2020-08-26T12:28:41
4332,4405,Graham Harvey,Mr. Leon Wilkinson,AYLA06199962278666,105,0.2730283729,0.0,2007-02-05T00:00:00,11,2040.0,28000.0,AprovadoAnalista,De 31 a 50 % - Médio,0.6071428571428571,0.3928571428571428,0.980137658099318,28000.0,,2019-12-31T00:00:00,0.0,0.0,0.0,0.0,0.0,0.0,0.0,9496315.0,-29803.0,12.0,9526118.0,2006.0,De 11 a 16 anos,500000.0,False,True,0.9801490393,5200.0,2020-08-26T13:21:42
4333,4406,Simon Quinn-Robinson,Arthur Kent-Owen,LBFH59633201666885,0,0.5385534141,0.0,2020-08-10T00:00:00,18,3256.91,50000.0,ReprovadoAnalista,De 31 a 50 % - Médio,0.6785714285714285,0.3214285714285714,0.0,,,,,,,,,,,356403.0,0.0,8.0,0.0,2020.0,De 0 a 5 anos,10000.0,False,False,1.0,24300.0,
4334,4407,Mr. Mohammed Hayward,Danny Miller,JASM14953492414629,20,0.3207537313,0.0,2017-10-27T00:00:00,19,2680.0,63000.0,AprovadoAnalista,De 31 a 50 % - Médio,0.6607142857142857,0.3392857142857142,0.548772770923828,63000.0,,2019-12-31T03:00:00,1007312.0,212785.0,1154730.0,941945.0,0.0,159887.0,521581.0,4788577.0,1915443.0,12.0,2873134.0,2015.0,De 0 a 5 anos,100000.0,False,False,0.9433600003,5400.0,2020-08-26T19:17:46
4338,4411,Victoria Morgan,Dr. Bernard Taylor,GECS58472958094606,7,0.5308016238,0.0,2018-03-02T00:00:00,0,0.0,50000.0,AprovadoAnalista,De 31 a 50 % - Médio,0.6428571428571428,0.3571428571428571,0.0,25000.0,,,,,,,,,,3359630.0,0.0,12.0,0.0,2017.0,De 0 a 5 anos,10000.0,False,False,1.0,6160.0,2020-08-26T19:10:47
4342,4415,Douglas Taylor,Dale Lowe,JXCH36268697453955,18,0.3745726656,0.0,2014-02-21T00:00:00,44,90290.9,60000.0,AprovadoAnalista,De 31 a 50 % - Médio,0.625,0.375,0.944120201989244,40000.0,,2019-12-31T03:00:00,2759006.0,3330872.0,3517355.0,78710.0,741650.0,264302.0,507868.0,12035481.0,5540332.0,12.0,6495149.0,2009.0,De 11 a 16 anos,30000.0,False,False,0.8306436156,106800.0,2020-08-26T19:26:45
4344,4417,Raymond Johnson,Tracey Harrison,BZHM58512774010566,4,0.6483538983,0.0,2020-03-25T00:00:00,57,15226.37,50000.0,AprovadoAnalista,De 31 a 50 % - Médio,0.6428571428571428,0.3571428571428571,0.0,35000.0,,,,,,,,,,2969283.0,0.0,12.0,0.0,2018.0,De 0 a 5 anos,80000.0,False,False,1.0,39600.0,2020-08-26T19:30:19
4362,4435,Anne Farrell,Duncan Charlton,SHWK76513287332193,17,0.5559133889,0.0,2018-07-02T00:00:00,68,17933.33,50000.0,AprovadoAnalista,De 31 a 50 % - Médio,0.625,0.3749999999999999,0.866025403784439,30000.0,,2019-12-31T00:00:00,4411465.0,5234074.0,4417360.0,816714.0,0.0,0.0,4389470.0,0.0,0.0,1.0,0.0,2008.0,De 11 a 16 anos,10000.0,False,False,1.0,14520.0,2020-08-26T21:03:33
4364,4437,Sean Holt,Mrs. Abigail Harris,VALD35934976287968,0,0.4259710692,0.0,2020-12-03T00:00:00,0,0.0,20000.0,ReprovadoAnalista,De 31 a 50 % - Médio,0.6428571428571428,0.3571428571428571,0.0,,,2019-12-31T00:00:00,39037790.0,10571404.0,45995467.0,35424062.0,733543.0,4295437.0,1238376.0,0.0,0.0,1.0,0.0,2020.0,De 0 a 5 anos,2500000.0,False,False,1.0,249000.0,
4375,4448,Craig Flynn,Nicola Harris-Clarke,IIVO05751681313310,0,0.585840622,0.0,2018-08-13T00:00:00,0,0.0,50000.0,AprovadoAnalista,De 31 a 50 % - Médio,0.6607142857142857,0.3392857142857142,0.0,50000.0,,,,,,,,,,2602143.0,0.0,12.0,0.0,2012.0,De 6 a 10 anos,60000.0,True,False,1.0,52800.0,2020-08-27T14:27:18
4378,4451,Dr. Heather Lamb,Bruce O'Donnell-Cox,NNYJ02441474355508,17,0.2866106044,0.0,2019-02-07T00:00:00,0,0.0,5000.0,ReprovadoAnalista,De 31 a 50 % - Médio,0.5535714285714285,0.4464285714285714,0.866025403784439,,,,,,,,,,,0.0,0.0,1.0,0.0,2008.0,De 11 a 16 anos,100000.0,False,False,1.0,5400.0,
4381,4454,Mrs. Vanessa Phillips,Mrs. Aimee George,IOUL68328217376259,36,0.2096343179,0.0,2016-07-20T00:00:00,0,0.0,50000.0,ReprovadoAnalista,De 31 a 50 % - Médio,0.6785714285714285,0.3214285714285714,-0.866025403784439,,,2019-12-31T00:00:00,6944696.0,1350.0,7160901.0,7159551.0,0.0,438020.0,0.0,20510.0,-32955.0,4.0,53465.0,2009.0,De 11 a 16 anos,990000.0,False,True,0.9677388198,161832.0,
4388,4461,Ms. Vanessa Dodd,Roy Carter,XQUD02614400855678,44,0.2317847042,0.0,2018-03-06T00:00:00,0,0.0,60000.0,AprovadoAnalista,De 31 a 50 % - Médio,0.6428571428571428,0.3571428571428571,0.866025403784439,35000.0,,,,,,,,,,3893635.0,0.0,12.0,0.0,2002.0,Acima de 17 anos,37500.0,False,False,1.0,720.0,2020-08-27T18:45:19
4391,4464,Mr. Jamie Taylor,Clare Barker-Parker,MKWO87353973931297,47,0.0,,2011-08-08T08:20:08,0,0.0,170000.0,AprovadoAnalista,De 31 a 50 % - Médio,0.6607142857142857,0.3392857142857142,0.866025403784439,130000.0,,2019-10-31T03:00:00,1754004.0,1633998.0,2230537.0,324961.0,640033.0,724030.0,777106.0,6296357.0,2642587.0,10.0,3653770.0,1995.0,Acima de 17 anos,100000.0,False,False,0.0,612123.0,2020-08-27T18:51:10
4392,4465,Lee Bartlett-Fletcher,Tracey Owen,JPAL72760231225093,92,0.0,,2018-12-04T10:48:15,0,0.0,400000.0,AprovadoAnalista,De 31 a 50 % - Médio,0.6428571428571428,0.3571428571428571,0.866025403784439,250000.0,,2019-12-31T03:00:00,2859234.0,1965929.0,2896083.0,930154.0,636326.0,2187158.0,205546.0,8212208.0,1900460.0,12.0,6311748.0,2017.0,De 0 a 5 anos,100000.0,False,False,0.0,49477.0,2020-08-27T19:29:25
4403,4476,Miss Carole Griffiths,Vincent Wright,HTWZ77725360027310,0,0.365980795,0.0,2019-10-15T00:00:00,0,0.0,40000.0,AprovadoAnalista,De 31 a 50 % - Médio,0.5357142857142857,0.4642857142857142,0.0,15000.0,,,,,,,,,,76200.0,0.0,12.0,0.0,2016.0,De 0 a 5 anos,30000.0,False,True,1.0,3780.0,2020-08-28T13:39:51
4404,4477,Suzanne Smith,Marian Day,AVAO63044598911311,14,0.5650457739,0.0,2019-12-17T00:00:00,42,118195.87,190000.0,AprovadoAnalista,De 31 a 50 % - Médio,0.6428571428571428,0.3571428571428571,0.0,180000.0,,2019-12-31T03:00:00,40147679.0,40222591.0,56028277.0,15136282.0,15775862.0,14799137.0,23664583.0,119119198.0,31888914.0,12.0,87230284.0,2004.0,De 11 a 16 anos,3000000.0,False,True,1.0,6480000.0,2020-08-28T13:43:49
4405,4478,Mr. Jordan Stevens,Miss Ellie Kelly,UCBM91111020900951,23,0.3297961267,0.0,2016-08-03T00:00:00,0,0.0,230000.0,AprovadoAnalista,De 31 a 50 % - Médio,0.5535714285714285,0.4464285714285714,-0.927590165600965,120000.0,,2019-12-31T03:00:00,7346700.0,5304185.0,8945697.0,1678506.0,1963005.0,4278294.0,2690647.0,20052539.0,3766634.0,12.0,16285905.0,2014.0,De 6 a 10 anos,1500000.0,True,True,0.9588687939,587379.0,2020-08-28T13:47:26
4407,4480,Clive Webster,Yvonne Goddard,QYJM72064942747117,3,0.5164279514,0.0,2019-11-29T00:00:00,0,0.0,10000.0,ReprovadoAnalista,De 31 a 50 % - Médio,0.6785714285714285,0.3214285714285714,0.0,,,,,,,,,,,107527.0,0.0,5.0,0.0,2019.0,De 0 a 5 anos,20000.0,False,False,1.0,10800.0,
4409,4482,Ms. Fiona Davies,Phillip Phillips,NSQR90904791367836,0,0.5531048008,0.0,2015-01-22T00:00:00,52,1374450.0,1400000.0,ReprovadoAnalista,De 31 a 50 % - Médio,0.6071428571428571,0.3928571428571428,0.0,,,2019-12-31T03:00:00,26410452.0,7621007.0,26908128.0,19162838.0,191495.0,1513351.0,23876361.0,21336438.0,9687117.0,12.0,11649321.0,2009.0,De 11 a 16 anos,1500000.0,True,True,1.0,0.0,
4429,4502,Mr. Marcus Bryant,Charlie Knight,VZDY44728067308193,0,0.0040016431,0.0,2018-06-15T00:00:00,0,12560.0,100000.0,AprovadoAnalista,De 31 a 50 % - Médio,0.625,0.375,0.0,45000.0,,2020-06-30T03:00:00,2131216.0,2280457.0,2131216.0,19065.0,78352.0,1422449.0,181787.0,4062619.0,422928.0,12.0,3639691.0,2018.0,De 0 a 5 anos,100000.0,False,True,1.0,7040.0,2020-08-31T11:45:33
4433,4506,Jessica Anderson,Mr. Stephen Mitchell,QECR63629173086397,0,0.0,,2020-04-01T11:40:02,0,0.0,10000.0,AprovadoAnalista,De 31 a 50 % - Médio,0.5357142857142857,0.4642857142857142,0.0,7000.0,,,,,,,,,,120708.0,0.0,4.0,0.0,2017.0,De 0 a 5 anos,250000.0,False,True,0.0,5400.0,2020-08-31T11:52:26
4434,4507,Kimberley Bond,Mr. Wayne Moore,FUSY91282616624333,0,0.4323632674,0.0,2020-04-24T00:00:00,0,0.0,10000.0,AprovadoAnalista,De 31 a 50 % - Médio,0.6428571428571428,0.3571428571428571,0.0,10000.0,,,,,,,,,,0.0,0.0,1.0,0.0,2016.0,De 0 a 5 anos,0.0,False,False,1.0,436500.0,2020-08-31T11:54:08
4439,4512,Mr. Robert Elliott,Mr. Brett Kelly,HNNC71234011503718,17,0.5233159885,0.0,2019-08-20T00:00:00,0,0.0,60000.0,AprovadoAnalista,De 31 a 50 % - Médio,0.5,0.4999999999999999,0.866025403784439,60000.0,,2019-12-31T03:00:00,2296426.0,801242.0,2315834.0,1385366.0,14468.0,1303268.0,753163.0,6428760.0,2305640.0,12.0,4123120.0,2016.0,De 0 a 5 anos,300000.0,False,True,1.0,110934.0,2020-08-31T15:03:44
4441,4514,Justin Moore,Elliot Welch,HBBY23279208444554,6,0.0,,2019-11-26T16:03:46,0,0.0,15000.0,AprovadoAnalista,De 31 a 50 % - Médio,0.6428571428571428,0.3571428571428571,0.0,10000.0,,,,,,,,,,218262.0,0.0,5.0,0.0,2019.0,De 0 a 5 anos,20000.0,False,False,0.0,3240.0,2020-08-31T15:04:42
4445,4518,Reece Howarth-Bibi,Paige Hill,BPCZ40130757750213,24,0.37732121,0.0,2019-11-18T00:00:00,0,0.0,40000.0,AprovadoAnalista,De 31 a 50 % - Médio,0.5892857142857142,0.4107142857142857,0.0,7000.0,,,,,,,,,,1669646.0,0.0,12.0,0.0,2018.0,De 0 a 5 anos,100000.0,False,False,1.0,59400.0,2020-08-31T15:09:17
4446,4519,Marc Thompson,Jack Ellis-Hawkins,OPER95401723782708,8,0.428657209,0.0,2020-05-25T00:00:00,6,28862.81,40000.0,AprovadoAnalista,De 31 a 50 % - Médio,0.5892857142857142,0.4107142857142857,0.0,25000.0,,2020-12-31T00:00:00,148500.0,148500.0,148500.0,148500.0,0.0,0.0,0.0,0.0,0.0,1.0,0.0,2019.0,De 0 a 5 anos,150000.0,False,True,1.0,2640.0,2020-08-31T15:11:40
4447,4520,Janet Barnes,Clifford Allan,XSME54122165353551,30,0.316048996,0.0,2019-10-28T00:00:00,32,8300.0,150000.0,EmAnaliseDocumentacao,De 31 a 50 % - Médio,0.5178571428571428,0.4821428571428571,0.0,,,2019-12-31T03:00:00,3316100.0,1845792.0,3360028.0,1148381.0,49500.0,2415975.0,306079.0,11753319.0,4543390.0,12.0,7209929.0,2017.0,De 0 a 5 anos,100000.0,False,True,1.0,19749.0,
4448,4521,Janet Barnes,Clifford Allan,XSME54122165353551,30,0.316048996,0.0,2019-10-28T00:00:00,32,8300.0,150000.0,AprovadoAnalista,De 31 a 50 % - Médio,0.5178571428571428,0.4821428571428571,0.0,115000.0,,2019-12-31T03:00:00,3316100.0,1845792.0,3360028.0,1148381.0,49500.0,2415975.0,306079.0,11753319.0,4543390.0,12.0,7209929.0,2017.0,De 0 a 5 anos,100000.0,False,True,1.0,19749.0,2020-08-31T15:12:59
4449,4522,Tina Hussain,Nicole Wilson,WKAN89093410038187,0,0.64502625,0.0,2020-08-24T00:00:00,180,4400.0,20000.0,AprovadoAnalista,De 31 a 50 % - Médio,0.6785714285714285,0.3214285714285714,0.0,5000.0,,,,,,,,,,88205.0,0.0,6.0,0.0,2017.0,De 0 a 5 anos,20000.0,False,False,1.0,9990.0,2020-08-31T15:14:08
4451,4524,Mr. Robert Elliott,Mr. Brett Kelly,HNNC71234011503718,17,0.5233159885,0.0,2019-08-20T00:00:00,0,0.0,63000.0,AprovadoAnalista,De 31 a 50 % - Médio,0.5,0.4999999999999999,0.866025403784439,63000.0,,2019-12-31T03:00:00,2296426.0,801242.0,2315834.0,1385366.0,14468.0,1303268.0,753163.0,6428760.0,2305640.0,12.0,4123120.0,2016.0,De 0 a 5 anos,300000.0,False,True,1.0,110934.0,2020-08-31T17:24:35
4461,4534,Kate Taylor,Georgina Craig,GHDK04944604423841,9,0.4165665567,0.0,2018-01-29T00:00:00,0,0.0,120000.0,AprovadoAnalista,De 31 a 50 % - Médio,0.5357142857142857,0.4642857142857142,0.0,100000.0,,2019-12-31T03:00:00,1493451.0,518965.0,1945825.0,1426860.0,270000.0,850270.0,516485.0,3557537.0,1184007.0,12.0,2373530.0,2016.0,De 0 a 5 anos,200000.0,False,True,1.0,442074.0,2020-08-31T20:01:50
4462,4535,Connor Saunders,Jack Bowen-Ford,ODZV93970393044652,0,0.4132819939,0.0,2020-03-12T00:00:00,0,0.0,100000.0,AprovadoAnalista,De 31 a 50 % - Médio,0.6428571428571428,0.3571428571428571,0.0,5000.0,,2019-12-31T03:00:00,249051.0,3041.0,249151.0,246110.0,0.0,20934.0,0.0,53424.0,0.0,12.0,0.0,2019.0,De 0 a 5 anos,100000.0,False,True,1.0,27000.0,2020-08-31T20:05:09
4464,4537,Lynne Long,Dr. Tony Smith,UKWT64220049863102,134,0.2497506638,0.0,2019-09-24T00:00:00,0,0.0,40000.0,AprovadoAnalista,De 31 a 50 % - Médio,0.6785714285714285,0.3214285714285714,0.866025403784439,15000.0,,,,,,,,,,22959162.0,0.0,12.0,0.0,1987.0,Acima de 17 anos,257500.0,False,False,1.0,0.0,2020-08-31T20:06:29
4470,4543,Miss Sylvia Ryan,Hannah Jones,YHUC94657572962286,0,0.5017094852,0.0,2020-06-30T00:00:00,0,0.0,10000.0,ReprovadoAnalista,De 31 a 50 % - Médio,0.5714285714285714,0.4285714285714285,0.0,,,,,,,,,,,214344.0,0.0,11.0,0.0,2016.0,De 0 a 5 anos,120000.0,False,True,1.0,3330.0,
4471,4544,Brandon Wilson,Lisa Cameron,JKGJ86804363799426,17,0.3110553406,0.0,2016-02-02T00:00:00,16,14250.2,75000.0,AprovadoAnalista,De 31 a 50 % - Médio,0.6071428571428571,0.3928571428571428,0.966219514587816,30000.0,,2019-12-31T03:00:00,0.0,0.0,0.0,0.0,0.0,0.0,0.0,1198468.0,758339.0,12.0,440129.0,2012.0,De 6 a 10 anos,73000.0,False,True,1.0,17820.0,2020-08-31T20:59:53
4475,4548,Mr. Jordan Stevens,Miss Ellie Kelly,UCBM91111020900951,23,0.3297961267,0.0,2016-08-03T00:00:00,0,0.0,190000.0,AprovadoAnalista,De 31 a 50 % - Médio,0.5535714285714285,0.4464285714285714,-0.927590165600965,190000.0,,2019-12-31T03:00:00,7346700.0,5304185.0,8945697.0,1678506.0,1963005.0,4278294.0,2690647.0,20052539.0,3766634.0,12.0,16285905.0,2014.0,De 6 a 10 anos,1500000.0,True,True,0.9588687939,587379.0,2020-08-31T21:14:47
4481,4554,Jacob Payne,Mrs. Debra Harding,DCYQ25190726049709,6,0.5930708181,0.0,2018-10-17T00:00:00,10,315.0,40000.0,AprovadoAnalista,De 31 a 50 % - Médio,0.6428571428571428,0.3571428571428571,0.0,40000.0,,,,,,,,,,1192480.0,0.0,4.0,0.0,2018.0,De 0 a 5 anos,250000.0,False,True,0.6417155886,6160.0,2020-08-31T22:03:01
4487,4560,Colin Jones-Owen,Dr. Julia Mills,XQYN43672710776197,47,0.0,,2012-06-29T11:03:33,0,0.0,1300000.0,AprovadoAnalista,De 31 a 50 % - Médio,0.6785714285714285,0.3214285714285714,-0.580999430178649,1300000.0,,2019-12-31T03:00:00,30219050.0,24045200.0,31574213.0,4923076.0,1554538.0,16692501.0,12335468.0,98884390.0,30148995.0,12.0,68735395.0,2010.0,De 6 a 10 anos,3000000.0,False,False,0.0,4702876.0,2020-09-01T14:38:05
4496,4569,Dr. Stewart Griffiths,Mrs. Sharon Scott,BIRV61867047834185,16,0.3467496867,0.0,2013-01-28T00:00:00,167,6649.14,30000.0,AprovadoAnalista,De 31 a 50 % - Médio,0.5714285714285714,0.4285714285714285,0.0,20000.0,,,,,,,,,,719949.0,0.0,12.0,0.0,2011.0,De 6 a 10 anos,15000.0,False,True,1.0,31512.0,2020-09-01T18:05:50
4499,4572,Bradley Hobbs,Amelia Baker,EFYZ76914267397054,0,0.3417766787,0.0,2018-05-23T00:00:00,0,0.0,20000.0,AprovadoAnalista,De 31 a 50 % - Médio,0.5892857142857142,0.4107142857142857,0.0,15000.0,,2019-12-31T00:00:00,0.0,0.0,0.0,0.0,0.0,0.0,0.0,724781.0,0.0,12.0,0.0,2018.0,De 0 a 5 anos,100000.0,False,True,1.0,22421.0,2020-09-02T12:50:53
4507,4580,William Simmons-Matthews,Dr. Marian Smith,UVYL53105358785066,20,0.5167641478,0.0,2010-06-22T00:00:00,12,14578.2,100000.0,AprovadoAnalista,De 31 a 50 % - Médio,0.5714285714285714,0.4285714285714285,-0.949739123780773,65000.0,,2019-09-30T03:00:00,1295892.0,2326535.0,2776167.0,-399327.0,890000.0,1546159.0,1076953.0,6875327.0,2874967.0,12.0,4000360.0,2007.0,De 11 a 16 anos,250000.0,False,False,0.7515371717,178000.0,2020-09-02T13:25:03
4508,4581,Bethany Turner,Graeme Turnbull,DRLH79413672718892,0,0.5143666319,0.0,2019-11-13T00:00:00,97,3916.18,5000.0,AprovadoAnalista,De 31 a 50 % - Médio,0.6428571428571428,0.3571428571428571,0.0,5000.0,,,,,,,,,,642374.0,0.0,12.0,0.0,2019.0,De 0 a 5 anos,50000.0,False,False,1.0,122100.0,2020-09-02T13:25:42
4510,4583,Dr. Hayley Freeman,Mr. Garry Green,XCGV50737515493791,224,0.3144315725,0.0,2014-02-26T00:00:00,26,31523.31,50000.0,AprovadoAnalista,De 31 a 50 % - Médio,0.6428571428571428,0.3571428571428571,0.980388761939606,40000.0,,2019-12-31T00:00:00,1468945.0,100267.0,1468945.0,606785.0,15624.0,2650.0,173477.0,1940661.0,842451.0,12.0,1098210.0,2013.0,De 6 a 10 anos,95400.0,False,True,1.0,29899.0,2020-09-02T13:29:49
4514,4587,Dr. Terence Whitehouse,Janice Gill,TXPT30965274360157,3,0.3044278231,0.0,2016-04-20T00:00:00,17,2968.0,30000.0,AprovadoAnalista,De 31 a 50 % - Médio,0.6428571428571428,0.3571428571428571,0.0,30000.0,,2019-12-31T00:00:00,398502.0,135101.0,58845.0,131095.0,69777.0,49225.0,325929.0,775287.0,256325.0,12.0,518962.0,2007.0,De 11 a 16 anos,150000.0,False,True,1.0,0.0,2020-09-02T14:00:28
4520,4593,Conor Johnson,Karl Phillips,HQDO27260157537522,0,0.4313741614,0.0,2017-09-27T00:00:00,0,0.0,15000.0,AprovadoAnalista,De 31 a 50 % - Médio,0.6428571428571428,0.3571428571428571,0.0,15000.0,,,,,,,,,,934946.0,0.0,12.0,0.0,2015.0,De 0 a 5 anos,40000.0,False,False,1.0,19980.0,2020-09-02T13:00:56
4522,4595,Aaron Mitchell,Dr. Leon Thomas,UCXM05710193423264,5,0.3263672048,0.0,2018-09-19T00:00:00,22,2244.33,15000.0,AprovadoAnalista,De 31 a 50 % - Médio,0.5892857142857142,0.4107142857142857,0.0,15000.0,,2019-12-31T00:00:00,0.0,0.0,0.0,0.0,0.0,0.0,0.0,1391653.0,745012.0,12.0,646641.0,2013.0,De 6 a 10 anos,93700.0,False,True,1.0,31827.0,2020-09-02T13:08:40
4535,4608,Kelly Baxter,Dr. Pauline Stewart,ZFKA70203512888324,4,0.3569211716,0.0,2019-02-06T00:00:00,15,43239.01,120000.0,AprovadoAnalista,De 31 a 50 % - Médio,0.6607142857142857,0.3392857142857142,0.866025403784439,100000.0,,2019-12-31T03:00:00,6920082.0,1341783.0,7158052.0,4571225.0,330348.0,2762682.0,1447380.0,4013625.0,2213421.0,12.0,1800204.0,2017.0,De 0 a 5 anos,100000.0,False,True,1.0,59400.0,2020-09-02T15:44:42
4544,4617,Mary Davis,Jay Hurst,XPVZ80447104399027,3,0.5261150209,0.0,2019-04-26T00:00:00,23,20471.75,30000.0,AprovadoAnalista,De 31 a 50 % - Médio,0.6428571428571428,0.3571428571428571,0.0,28000.0,,2020-06-30T00:00:00,1516105.0,590467.0,1550493.0,52659.0,164000.0,0.0,922281.0,1005925.0,843061.0,6.0,162864.0,2018.0,De 0 a 5 anos,100000.0,False,True,1.0,39600.0,2020-09-02T16:06:11
4545,4618,Josephine Peacock,Linda Cook,PVIP17399531351784,15,0.4028954164,0.0,2009-01-21T00:00:00,52,123462.38,300000.0,AprovadoAnalista,De 31 a 50 % - Médio,0.6428571428571428,0.3571428571428571,-0.73355917855067,300000.0,,2019-12-31T03:00:00,12019449.0,2090290.0,12021729.0,9931438.0,45038.0,165885.0,11523739.0,10202057.0,1198162.0,12.0,9003895.0,2008.0,De 11 a 16 anos,35000.0,True,False,0.9475701929,0.0,2020-09-02T16:53:40
4546,4619,Terence Newton,Dr. Bruce Gould,PQAJ38876945537060,6,0.391773279,0.0,2016-05-18T00:00:00,30,8419.82,50000.0,AprovadoAnalista,De 31 a 50 % - Médio,0.6071428571428571,0.3928571428571428,-0.764783473484328,50000.0,,2019-12-31T00:00:00,2092976.0,28741.0,2194253.0,204151.0,0.0,1337579.0,371591.0,4366085.0,2531780.0,12.0,1834305.0,2015.0,De 0 a 5 anos,0.0,True,True,0.9235577488,66948.0,2020-09-02T18:25:23
4550,4623,Amber Smith,Chelsea Smith-Cox,EFMB43041243982596,4,0.5074172904,0.0,2013-03-28T00:00:00,0,0.0,700000.0,AprovadoAnalista,De 31 a 50 % - Médio,0.6607142857142857,0.3392857142857142,-0.866025403784439,500000.0,,2019-12-31T06:00:00,12951488.0,17497243.0,17587509.0,-46604.0,203556.0,0.0,9471366.0,22532139.0,7269481.0,12.0,15262658.0,1996.0,Acima de 17 anos,95400.0,False,True,1.0,17200.0,2020-09-02T17:17:51
4552,4625,Howard Cooke-Martin,Lawrence Brown,YUVC65144833239892,0,0.4587926667,0.0,2020-06-18T00:00:00,0,0.0,20000.0,AprovadoAnalista,De 31 a 50 % - Médio,0.6785714285714285,0.3214285714285714,0.0,15000.0,,2019-12-31T00:00:00,685194.0,22500.0,685194.0,662706.0,0.0,85235.0,392189.0,1248750.0,739965.0,12.0,508785.0,2016.0,De 0 a 5 anos,100000.0,False,True,1.0,26471.0,2020-09-02T19:15:48
4556,4629,Mrs. Jane Peters,Dale Bond,LBZW73045635655092,6,0.4254318684,0.0,2020-04-29T00:00:00,0,0.0,12000.0,AprovadoAnalista,De 31 a 50 % - Médio,0.6785714285714285,0.3214285714285714,0.0,5000.0,,,,,,,,,,774348.0,0.0,12.0,0.0,2019.0,De 0 a 5 anos,100000.0,False,False,1.0,840.0,2020-09-02T19:26:53
4582,4655,Yvonne Williams,Andrea Holmes,RQDV73011490100688,5,0.3882930074,0.0,2018-12-10T00:00:00,0,0.0,25000.0,AprovadoAnalista,De 31 a 50 % - Médio,0.5357142857142857,0.4642857142857142,0.0,10000.0,,,,,,,,,,1706602.0,0.0,12.0,0.0,2017.0,De 0 a 5 anos,95000.0,False,True,1.0,39600.0,2020-09-03T18:14:11
4583,4656,Bruce Robinson,Miss Carolyn Smith,NZOF76798571282038,18,0.4799159658,0.0,2018-03-15T00:00:00,0,0.0,70000.0,AprovadoAnalista,De 31 a 50 % - Médio,0.5892857142857142,0.4107142857142857,0.510653263868558,30000.0,,,,,,,,,,2466970.0,0.0,12.0,0.0,2003.0,Acima de 17 anos,100000.0,False,True,0.9089593024,43000.0,2020-09-03T18:14:57
4586,4659,Mr. Darren Grant,Sheila Jones-Blake,CXIG28465604067668,18,0.0,,2019-12-27T13:35:50,0,0.0,50000.0,AprovadoAnalista,De 31 a 50 % - Médio,0.6428571428571428,0.3571428571428571,0.0,40000.0,,,,,,,,,,1779460.0,0.0,6.0,0.0,2017.0,De 0 a 5 anos,15000.0,False,True,0.0,20800.0,2020-09-03T19:07:24
4593,4666,Bruce Briggs,Miss Diane Hunt,TLNB22226585228206,7,0.3277825985,0.0,2018-08-03T00:00:00,0,0.0,50000.0,AprovadoAnalista,De 31 a 50 % - Médio,0.6428571428571428,0.3571428571428571,0.866025403784439,50000.0,,,,,,,,,,3921803.0,0.0,12.0,0.0,2017.0,De 0 a 5 anos,93700.0,False,True,1.0,46600.0,2020-09-03T21:09:18
4601,4674,Colin Jones-Owen,Dr. Julia Mills,XQYN43672710776197,47,0.0,,2012-06-29T11:03:33,0,0.0,2000000.0,AprovadoAnalista,De 31 a 50 % - Médio,0.6785714285714285,0.3214285714285714,-0.580999430178649,1550000.0,,2020-06-30T03:00:00,31558380.0,22750614.0,33010555.0,3829269.0,4167097.0,15713511.0,7653250.0,65968125.0,18108413.0,6.0,47859712.0,2010.0,De 6 a 10 anos,3000000.0,False,False,0.0,4702876.0,2020-09-04T14:50:37
4603,4676,Sophie Williams-Craig,Mr. Guy Lamb,AMVK70950785139481,9,0.6533681481,0.0,2017-04-26T00:00:00,723,513580.14,750000.0,AprovadoAnalista,De 31 a 50 % - Médio,0.5357142857142857,0.4642857142857142,0.98453788288906,750000.0,,2019-12-31T06:00:00,14534249.0,12160819.0,22560504.0,10399685.0,7603324.0,7760018.0,5648647.0,56858056.0,24111638.0,12.0,32746418.0,2015.0,De 0 a 5 anos,99800.0,False,True,0.9861354842,1309856.0,2020-09-04T14:56:33
4611,4684,Mr. Alex Nelson,Margaret Webster-Swift,LYFO24858355838006,0,0.4675434652,0.0,2020-05-11T00:00:00,0,0.0,20000.0,ReprovadoAnalista,De 31 a 50 % - Médio,0.6071428571428571,0.3928571428571428,0.0,,,2019-12-31T00:00:00,0.0,0.0,0.0,0.0,0.0,0.0,0.0,796237.0,0.0,8.0,0.0,2019.0,De 0 a 5 anos,40000.0,True,False,1.0,19800.0,
4616,4689,Mrs. Andrea Ward,Jennifer Howard,MBUB27367617219459,34,0.248667476,0.0,2016-08-30T00:00:00,253,109200.0,80000.0,AprovadoAnalista,De 31 a 50 % - Médio,0.6071428571428571,0.3928571428571428,-0.804269251750448,15000.0,,2019-12-31T03:00:00,3777522.0,1042658.0,4190258.0,2465366.0,367869.0,1948276.0,1173632.0,4359161.0,1960746.0,12.0,2398415.0,2000.0,Acima de 17 anos,300000.0,False,True,0.4095077804,85775.0,2020-09-04T18:21:54
4618,4691,Mandy Morgan,Miss Sharon Wood,ZYMM04015018312932,27,0.3770236341,0.0,2017-11-23T00:00:00,67,387169.99,460000.0,ReprovadoAnalista,De 31 a 50 % - Médio,0.6428571428571428,0.3571428571428571,0.866025403784439,,,2019-12-31T03:00:00,10018164.0,2830625.0,12360376.0,9545292.0,75458.0,3545420.0,5542173.0,26118681.0,7470535.0,12.0,18648146.0,2017.0,De 0 a 5 anos,390000.0,False,True,1.0,5400.0,
4622,4695,Graham Harvey,Mr. Leon Wilkinson,AYLA06199962278666,105,0.2730283729,0.0,2007-02-05T00:00:00,11,2040.0,45000.0,AprovadoAnalista,De 31 a 50 % - Médio,0.6428571428571428,0.3571428571428571,0.980137658099318,28000.0,,2020-06-30T00:00:00,5608271.0,2396177.0,7172311.0,1315495.0,0.0,96087.0,5313070.0,4527198.0,4525782.0,6.0,1416.0,2006.0,De 11 a 16 anos,500000.0,False,True,0.9801490393,5200.0,2020-09-04T20:49:52
4625,4698,Ruth Webb-Stevens,Charlie Hayes-Hancock,GTCY94111653545241,20,0.4317631226,0.0,2008-04-24T00:00:00,55,1180370.61,2000000.0,AprovadoAnalista,De 31 a 50 % - Médio,0.6607142857142857,0.3392857142857142,-0.592970625636527,1500000.0,,2020-06-30T03:00:00,26811501.0,3805688.0,29152184.0,23711289.0,2159243.0,1694218.0,16403553.0,42082906.0,13871592.0,6.0,28211314.0,2006.0,De 11 a 16 anos,4000000.0,True,False,0.9801627166,5137629.0,2020-09-08T18:17:14
4626,4699,Rachel Pratt,Mr. Simon Jones,DFHY21610027234584,0,0.5389853138,0.0,2019-07-17T00:00:00,0,0.0,15000.0,AprovadoAnalista,De 31 a 50 % - Médio,0.6785714285714285,0.3214285714285714,0.0,5000.0,,2019-12-31T00:00:00,880550.0,323508.0,880550.0,557041.0,0.0,211703.0,548221.0,453124.0,242319.0,12.0,210805.0,2018.0,De 0 a 5 anos,95400.0,False,True,1.0,5180.0,2020-09-08T14:40:36
4632,4705,Julian Wells,Mrs. Judith Brown,HBVI29319994791229,3,0.4953709943,0.0,2017-01-31T00:00:00,0,0.0,5000.0,AprovadoAnalista,De 31 a 50 % - Médio,0.6607142857142857,0.3392857142857142,0.0,5000.0,,,,,,,,,,0.0,0.0,1.0,0.0,1999.0,Acima de 17 anos,71224.0,True,False,1.0,8800.0,2020-09-08T15:36:04
4635,4708,Marion Graham,Dr. Philip Weston,GBYQ35716048437076,30,0.6215864295,0.0,2011-12-23T00:00:00,6,1093374.04,4000000.0,AprovadoComite,De 31 a 50 % - Médio,0.5892857142857142,0.4107142857142857,0.866025403784439,3000000.0,2020-09-08T18:42:36,,,,,,,,,0.0,0.0,1.0,0.0,2010.0,De 6 a 10 anos,979957432.0,False,False,1.0,132233152.0,
4638,4711,Nicholas Smith,Sian Edwards,JJES66351752080675,18,0.3578667961,0.0,2018-02-16T00:00:00,0,0.0,250000.0,AprovadoAnalista,De 31 a 50 % - Médio,0.6071428571428571,0.3928571428571428,0.0,175000.0,,2019-12-31T03:00:00,8757950.0,5081670.0,12948852.0,-569822.0,7430367.0,3689413.0,4456204.0,28314041.0,7041439.0,12.0,21272602.0,2003.0,Acima de 17 anos,3000000.0,False,False,1.0,347600.0,2020-09-08T15:43:07
4642,4715,Dr. Cameron Davies,Guy Miles-Short,LWSR47369169506797,0,0.410914466,0.0,2020-07-10T00:00:00,0,0.0,10000.0,AprovadoAnalista,De 31 a 50 % - Médio,0.5357142857142857,0.4642857142857142,0.0,10000.0,,,,,,,,,,639367.0,0.0,12.0,0.0,2016.0,De 0 a 5 anos,2300.0,False,True,1.0,3330.0,2020-09-08T15:45:58
4643,4716,Stewart Donnelly,Mrs. Kathleen Taylor,MHQQ22647684094450,20,0.4671655425,0.0,2020-01-06T00:00:00,55,7673.41,20000.0,AprovadoAnalista,De 31 a 50 % - Médio,0.6428571428571428,0.3571428571428571,0.0,5000.0,,2019-12-31T00:00:00,48571.0,8451.0,51989.0,3815.0,39589.0,3197.0,42247.0,285576.0,0.0,5.0,0.0,2019.0,De 0 a 5 anos,150000.0,False,False,1.0,4400.0,2020-09-08T18:04:47
4646,4719,Alex Riley-Wood,Miss Shirley Noble,NFTJ24029491710055,159,0.2291906595,0.0,2009-04-28T00:00:00,0,0.0,20000.0,ReprovadoAnalista,De 31 a 50 % - Médio,0.5357142857142857,0.4642857142857142,0.289951135172381,,,,,,,,,,,1841398.0,800071.0,12.0,1041327.0,2008.0,De 11 a 16 anos,100000.0,False,True,0.501050022,39600.0,
4648,4721,Mandy Morgan,Miss Sharon Wood,ZYMM04015018312932,27,0.3770236341,0.0,2017-11-23T00:00:00,67,387169.99,460000.0,AprovadoAnalista,De 31 a 50 % - Médio,0.6428571428571428,0.3571428571428571,0.866025403784439,460000.0,,2020-06-30T03:00:00,11913620.0,1749249.0,14192832.0,12258124.0,185458.0,4015632.0,7125448.0,13523536.0,0.0,6.0,0.0,2017.0,De 0 a 5 anos,390000.0,False,True,1.0,5400.0,2020-09-08T19:02:06
4655,4728,Peter Barlow,Mrs. Sally Walker,FOZQ39728582407424,103,0.4744776638,0.0,2016-08-02T00:00:00,0,0.0,10000.0,AprovadoAnalista,De 31 a 50 % - Médio,0.5535714285714285,0.4464285714285714,0.96927554762106,10000.0,,,,,,,,,,3808903.0,0.0,12.0,0.0,2001.0,Acima de 17 anos,99800.0,False,True,0.8943651265,4300.0,2020-09-08T19:08:02
4657,4730,James Marsden,Leon Smith,LWCH45461699781465,0,0.0,,2020-09-10T16:46:23,0,0.0,10000.0,ReprovadoAnalista,De 31 a 50 % - Médio,0.6428571428571428,0.3571428571428571,0.0,,,,,,,,,,,26177587.0,25304999.0,1.0,872588.0,2020.0,De 0 a 5 anos,4770000.0,True,False,0.0,3234354.0,
4665,4738,Leah Iqbal,Lynn Shaw-Palmer,KFGA61497540353039,0,0.0,,,0,0.0,15000.0,ReprovadoAnalista,De 31 a 50 % - Médio,0.625,0.375,0.0,,,,,,,,,,,109979.0,0.0,12.0,0.0,2012.0,De 6 a 10 anos,60000.0,False,True,0.0,5920.0,
4672,4745,Dr. Gerald Freeman,Terence Barton,KSYH96179613395011,6,0.5015648875,0.0,2020-01-16T00:00:00,35,1936.0,10000.0,AprovadoAnalista,De 31 a 50 % - Médio,0.6428571428571428,0.3571428571428571,0.0,10000.0,,,,,,,,,,756838.0,0.0,12.0,0.0,2018.0,De 0 a 5 anos,80000.0,False,False,1.0,18000.0,2020-09-10T15:00:10
4677,4750,Dawn Walton,Dr. Simon Howard,KEGF59242061144844,794,0.5459746079,0.0,2012-09-14T00:00:00,61,22176.0,50000.0,ReprovadoAnalista,De 31 a 50 % - Médio,0.5535714285714285,0.4464285714285714,-0.696677891981645,,,,,,,,,,,3429600.0,0.0,12.0,0.0,2012.0,De 6 a 10 anos,100000.0,True,True,0.6367696733,0.0,
4678,4751,Hollie Day,Lawrence Nicholson,FGWD68561179713100,16,0.442882396,0.0,2018-09-13T00:00:00,0,0.0,30000.0,ReprovadoAnalista,De 31 a 50 % - Médio,0.6071428571428571,0.3928571428571428,0.866025403784439,,,,,,,,,,,2778052.0,0.0,12.0,0.0,2017.0,De 0 a 5 anos,100000.0,True,False,1.0,1487.0,
4684,4757,Ms. Linda Perry,Allan Morgan,TNLX82743930065734,63,0.172341204,36.98372833,2018-11-29T00:00:00,0,0.0,45000.0,AprovadoAnalista,De 31 a 50 % - Médio,0.5357142857142857,0.4642857142857142,0.866025403784439,15000.0,,,,,,,,,,6908692.0,0.0,12.0,0.0,2017.0,De 0 a 5 anos,200000.0,False,True,1.0,2160.0,2020-09-09T18:30:33
4685,4758,Rhys Lee,Miss Charlene Brown,GTNZ03280611990713,0,0.2042538662,0.0,2019-01-29T00:00:00,0,0.0,20000.0,ReprovadoAnalista,De 31 a 50 % - Médio,0.6607142857142857,0.3392857142857142,0.0,,,,,,,,,,,114162.0,0.0,7.0,0.0,2010.0,De 6 a 10 anos,40000.0,False,True,1.0,2800.0,
4686,4759,Jamie Gregory-Rees,Joel Evans,SXQL48789557445419,16,0.6387542857,0.0,2018-07-25T00:00:00,23,7000.0,20000.0,AprovadoAnalista,De 31 a 50 % - Médio,0.6607142857142857,0.3392857142857142,0.866025403784439,20000.0,,,,,,,,,,1652710.0,0.0,12.0,0.0,1987.0,Acima de 17 anos,300000.0,False,False,1.0,138000.0,2020-09-09T18:24:27
4693,4766,Mr. Cameron Evans,Judith Fowler,ASYQ56754435258650,29,0.6599290191,0.0,2020-07-06T00:00:00,0,0.0,100000.0,AprovadoAnalista,De 31 a 50 % - Médio,0.5892857142857142,0.4107142857142857,0.0,10000.0,,2019-12-31T03:00:00,83677.0,19309.0,83677.0,64367.0,0.0,14136.0,5985.0,540410.0,122844.0,12.0,417566.0,2006.0,De 11 a 16 anos,10000.0,False,True,1.0,1480.0,2020-09-09T20:40:31
4700,4773,Mandy Morgan,Miss Sharon Wood,ZYMM04015018312932,27,0.3770236341,0.0,2017-11-23T00:00:00,67,387169.99,600000.0,AprovadoAnalista,De 31 a 50 % - Médio,0.6428571428571428,0.3571428571428571,0.866025403784439,550000.0,,2020-06-30T03:00:00,11913620.0,1749249.0,14192832.0,12258124.0,185458.0,4015632.0,7125448.0,13523536.0,0.0,6.0,0.0,2017.0,De 0 a 5 anos,390000.0,False,True,1.0,5400.0,2020-09-09T20:47:49
4701,4774,Guy Thomas,Donna Wood,DKQG03119805771810,4,0.4468061529,0.0,2019-06-19T00:00:00,32,4130.81,12000.0,ReprovadoAnalista,De 31 a 50 % - Médio,0.5535714285714285,0.4464285714285714,0.0,,,,,,,,,,,24826257.0,0.0,7.0,0.0,2015.0,De 0 a 5 anos,420000.0,True,False,1.0,2327613.0,
4703,4776,Carole Foster,Mrs. Kim Williams,AKPJ01257879311254,55,0.3216696061,0.0,2018-08-02T00:00:00,0,0.0,30000.0,AprovadoAnalista,De 31 a 50 % - Médio,0.6607142857142857,0.3392857142857142,0.866025403784439,10000.0,,,,,,,,,,1270113.0,0.0,7.0,0.0,2016.0,De 0 a 5 anos,88000.0,False,False,1.0,0.0,2020-09-10T16:29:30
4704,4777,Dawn Walton,Dr. Simon Howard,KEGF59242061144844,794,0.5459746079,0.0,2012-09-14T00:00:00,61,22176.0,50000.0,AprovadoAnalista,De 31 a 50 % - Médio,0.5535714285714285,0.4464285714285714,-0.696677891981645,45000.0,,,,,,,,,,3429600.0,0.0,12.0,0.0,2012.0,De 6 a 10 anos,100000.0,True,True,0.6367696733,0.0,2020-09-10T14:56:38
4705,4778,Ms. Yvonne Higgins,Karl Thomas,HWMB51722127262634,26,0.4276609899,0.0,2020-04-01T00:00:00,46,15074.1,100000.0,AprovadoAnalista,De 31 a 50 % - Médio,0.5357142857142857,0.4642857142857142,0.0,30000.0,,2020-08-31T03:00:00,501414.0,281546.0,540261.0,143447.0,58319.0,302201.0,162031.0,1941357.0,1367586.0,12.0,573771.0,2019.0,De 0 a 5 anos,100000.0,False,True,1.0,720.0,2020-09-10T16:28:01
4710,4783,Bruce Robinson,Miss Carolyn Smith,NZOF76798571282038,18,0.4799159658,0.0,2018-03-15T00:00:00,0,0.0,170000.0,ReprovadoAnalista,De 31 a 50 % - Médio,0.5535714285714285,0.4464285714285714,0.510653263868558,,,2019-12-31T03:00:00,503595.0,160550.0,733999.0,573449.0,32115.0,254822.0,205637.0,3788987.0,1606183.0,12.0,2182804.0,2003.0,Acima de 17 anos,100000.0,True,True,0.9089593024,0.0,
4712,4785,Mr. Vincent Short,Miss Annette Begum,YEXL30538408251224,0,0.3869073556,0.0,2019-10-17T00:00:00,15,1960.01,20000.0,AprovadoAnalista,De 31 a 50 % - Médio,0.6785714285714285,0.3214285714285714,0.0,5000.0,,,,,,,,,,448510.0,0.0,12.0,0.0,2019.0,De 0 a 5 anos,10000.0,False,False,1.0,720.0,2020-09-10T16:32:32
4715,4788,Jamie Garner-Brown,Brett Johnston,CNZD19216323131905,6,0.6438311032,0.0,2018-02-19T00:00:00,46,13480.0,35000.0,AprovadoAnalista,De 31 a 50 % - Médio,0.6428571428571428,0.3571428571428571,-0.0,25000.0,,,,,,,,,,1339251.0,0.0,12.0,0.0,2010.0,De 6 a 10 anos,500000.0,False,True,1.0,43200.0,2020-09-10T16:42:29
4717,4790,Reece King,Victoria Harper,VUQY80070392818665,35,0.0,,2016-07-12T15:45:43,0,0.0,35000.0,AprovadoAnalista,De 31 a 50 % - Médio,0.5,0.4999999999999999,0.94350034220801,25000.0,,2019-12-31T03:00:00,7062955.0,2101846.0,7192697.0,341871.0,4491726.0,5361456.0,1540286.0,6824982.0,2040258.0,12.0,4784724.0,2015.0,De 0 a 5 anos,105000.0,False,True,0.0,15600.0,2020-09-10T16:54:06
4719,4792,Clifford Cooper,Justin Quinn-Stanley,CKWJ48521633259803,5,0.526992319,0.0,2018-02-15T00:00:00,0,0.0,80000.0,AprovadoAnalista,De 31 a 50 % - Médio,0.5178571428571428,0.4821428571428571,0.0,15000.0,,2020-06-30T03:00:00,522095.0,3611956.0,533209.0,-3078747.0,2748082.0,33037.0,280726.0,2050843.0,-190271.0,12.0,2241114.0,2017.0,De 0 a 5 anos,20000.0,False,False,1.0,13000.0,2020-09-10T17:00:08
4720,4793,Dr. Sandra Holmes,Jordan Parker,IRBG87899838891065,0,0.5584787879,0.0,2020-05-18T00:00:00,0,0.0,20000.0,ReprovadoAnalista,De 31 a 50 % - Médio,0.6785714285714285,0.3214285714285714,0.0,,,2019-12-31T00:00:00,547833.0,18277.0,1004904.0,986626.0,0.0,215318.0,148400.0,1140620.0,0.0,12.0,0.0,2019.0,De 0 a 5 anos,300000.0,False,True,1.0,10800.0,
4723,4796,Dr. Sandra Holmes,Jordan Parker,IRBG87899838891065,0,0.5584787879,0.0,2020-05-18T00:00:00,0,0.0,10000.0,AprovadoAnalista,De 31 a 50 % - Médio,0.6785714285714285,0.3214285714285714,0.0,5000.0,,2019-12-31T00:00:00,547833.0,18277.0,1004904.0,986626.0,0.0,215318.0,148400.0,1140620.0,0.0,12.0,0.0,2019.0,De 0 a 5 anos,300000.0,False,True,1.0,10800.0,2020-09-10T19:45:32
4728,4801,Mandy Morgan,Miss Sharon Wood,ZYMM04015018312932,27,0.3770236341,0.0,2017-11-23T00:00:00,67,387169.99,890000.0,AprovadoAnalista,De 31 a 50 % - Médio,0.6428571428571428,0.3571428571428571,0.866025403784439,650000.0,,2020-06-30T03:00:00,11913620.0,1749249.0,14192832.0,12258124.0,185458.0,4015632.0,7125448.0,13523536.0,0.0,6.0,0.0,2017.0,De 0 a 5 anos,390000.0,False,True,1.0,5400.0,2020-09-10T20:07:27
4734,4807,Owen Rowley,Geoffrey Young,BMHB13839239489350,4,0.5893335986,0.0,2019-09-27T00:00:00,0,0.0,10000.0,AprovadoAnalista,De 31 a 50 % - Médio,0.6428571428571428,0.3571428571428571,0.0,10000.0,,,,,,,,,,1715672.0,0.0,12.0,0.0,2019.0,De 0 a 5 anos,40000.0,False,True,1.0,720.0,2020-09-10T20:06:43
4735,4808,Ann White-Palmer,Amelia Simpson,EPPK51988073264957,26,0.6078199829,0.0,2013-07-03T00:00:00,0,0.0,40000.0,AprovadoAnalista,De 31 a 50 % - Médio,0.6428571428571428,0.3571428571428571,0.0,40000.0,,2019-12-31T00:00:00,2141599.0,2616514.0,3348030.0,460346.0,550000.0,0.0,112512.0,0.0,0.0,1.0,0.0,2005.0,De 11 a 16 anos,110000.0,False,True,1.0,17820.0,2020-09-10T20:08:32
4739,4812,Guy Thomas,Donna Wood,DKQG03119805771810,4,0.4468061529,0.0,2019-06-19T00:00:00,32,4130.81,10000.0,AprovadoAnalista,De 31 a 50 % - Médio,0.5535714285714285,0.4464285714285714,0.0,10000.0,,,,,,,,,,24826257.0,0.0,7.0,0.0,2015.0,De 0 a 5 anos,420000.0,True,False,1.0,2327613.0,2020-09-11T13:37:57
4742,4815,Ruth Webb-Stevens,Charlie Hayes-Hancock,GTCY94111653545241,20,0.4317631226,0.0,2008-04-24T00:00:00,55,1180370.61,2000000.0,AprovadoAnalista,De 31 a 50 % - Médio,0.6607142857142857,0.3392857142857142,-0.592970625636527,1500000.0,,2020-06-30T03:00:00,26811501.0,3805688.0,29152184.0,23711289.0,2159243.0,1694218.0,16403553.0,42082906.0,13871592.0,6.0,28211314.0,2006.0,De 11 a 16 anos,4000000.0,True,False,0.9801627166,5137629.0,2020-09-11T14:36:05
4743,4816,Mrs. Catherine Khan,Holly Carroll,QMXI88311841323503,5,0.5760158692,0.0,2020-02-26T00:00:00,40,4990.8,10000.0,AprovadoAnalista,De 31 a 50 % - Médio,0.5357142857142857,0.4642857142857142,0.0,5000.0,,,,,,,,,,313476.0,0.0,12.0,0.0,2012.0,De 6 a 10 anos,10000.0,False,True,1.0,3200.0,2020-09-11T13:57:47
4746,4819,Dean Davies,Eleanor Browne,MJDO61099091321371,3,0.4185347146,0.0,2013-04-24T00:00:00,0,29790.46,40000.0,AprovadoAnalista,De 31 a 50 % - Médio,0.6428571428571428,0.3571428571428571,0.866025403784439,40000.0,,,,,,,,,,0.0,0.0,1.0,0.0,2012.0,De 6 a 10 anos,400000.0,False,False,1.0,658951.0,2020-09-11T16:40:59
4747,4820,Marc Hyde,Gemma Simpson,DFQQ96467757939709,6,0.525137205,0.0,2019-05-06T00:00:00,0,0.0,50000.0,AprovadoAnalista,De 31 a 50 % - Médio,0.625,0.3749999999999999,0.0,10000.0,,2019-12-31T00:00:00,187568.0,86858.0,197968.0,111110.0,45509.0,19185.0,145890.0,370758.0,101340.0,12.0,269418.0,2018.0,De 0 a 5 anos,50000.0,False,True,1.0,5400.0,2020-09-11T14:36:42
4754,4827,Colin Jones-Owen,Dr. Julia Mills,XQYN43672710776197,47,0.0,,2012-06-29T11:03:33,0,0.0,2500000.0,AprovadoComite,De 31 a 50 % - Médio,0.6785714285714285,0.3214285714285714,-0.580999430178649,2500000.0,2020-09-11T15:36:35,2020-06-30T03:00:00,31558380.0,22750614.0,33010555.0,3829269.0,4167097.0,15713511.0,7653250.0,65968125.0,18108413.0,6.0,47859712.0,2010.0,De 6 a 10 anos,3000000.0,False,False,0.0,4702876.0,
4756,4829,Julie Wright,Ms. Ann Allen,DCPR75676344835914,96,0.4970506621,0.0,2006-08-02T00:00:00,43,14118.48,40000.0,AprovadoAnalista,De 31 a 50 % - Médio,0.6071428571428571,0.3928571428571428,3e-16,30000.0,,,,,,,,,,11253703.0,0.0,4.0,0.0,1996.0,Acima de 17 anos,350000.0,True,False,0.7847087095,637513.0,2020-09-11T14:52:16
4757,4830,Kyle Roberts,Beth Arnold,LKNT05746408972171,17,0.3499740495,0.0,2017-06-27T00:00:00,42,49710.0,50000.0,AprovadoAnalista,De 31 a 50 % - Médio,0.6428571428571428,0.3571428571428571,0.866025403784439,50000.0,,,,,,,,,,12282922.0,0.0,12.0,0.0,2016.0,De 0 a 5 anos,300000.0,False,False,1.0,249876.0,2020-09-11T16:42:52
4758,4831,Dr. Robin Hunt,Kathleen Thomas,ZNJR27212948626053,0,0.6511511999,0.0,2019-07-26T00:00:00,5,14993.0,300000.0,AprovadoAnalista,De 31 a 50 % - Médio,0.6428571428571428,0.3571428571428571,0.0,40000.0,,2020-06-30T03:00:00,2326216.0,1083576.0,2399912.0,34644.0,166920.0,456982.0,1428201.0,1538351.0,1518269.0,6.0,20082.0,2000.0,Acima de 17 anos,100000.0,False,True,1.0,51600.0,2020-09-11T17:11:10
4762,4835,Dr. Hayley Freeman,Mr. Garry Green,XCGV50737515493791,224,0.3144315725,0.0,2014-02-26T00:00:00,26,31523.31,70000.0,AprovadoAnalista,De 31 a 50 % - Médio,0.6428571428571428,0.3571428571428571,0.980388761939606,50000.0,,2019-12-31T00:00:00,1468945.0,100267.0,1468945.0,606785.0,15624.0,2650.0,173477.0,1940661.0,842451.0,12.0,1098210.0,2013.0,De 6 a 10 anos,95400.0,False,True,1.0,29899.0,2020-09-11T19:35:34
4763,4836,Mrs. Alice Cole,Antony Bennett,HNOM60833242953889,17,0.5136572024,0.0,2017-12-04T00:00:00,0,0.0,30000.0,AprovadoAnalista,De 31 a 50 % - Médio,0.6607142857142857,0.3392857142857142,0.866025403784439,30000.0,,,,,,,,,,8001064.0,0.0,12.0,0.0,2015.0,De 0 a 5 anos,400000.0,False,False,1.0,8640.0,2020-09-11T19:36:28
4764,4837,Mr. Carl Kaur,Peter Black,UBXT95937866716066,8,0.3851547938,0.0,2018-01-17T00:00:00,0,0.0,45000.0,AprovadoAnalista,De 31 a 50 % - Médio,0.6428571428571428,0.3571428571428571,0.0,25000.0,,,,,,,,,,1348901.0,0.0,12.0,0.0,2010.0,De 6 a 10 anos,50000.0,False,False,1.0,5400.0,2020-09-11T19:46:45
4778,4851,Stacey Ahmed-Webster,Garry Smith-Noble,HEUR15932934238852,0,0.5803534392,0.0,2020-08-24T00:00:00,0,0.0,200000.0,ReprovadoAnalista,De 31 a 50 % - Médio,0.6607142857142857,0.3392857142857142,0.0,,,,,,,,,,,0.0,0.0,1.0,0.0,2011.0,De 6 a 10 anos,0.0,True,False,1.0,0.0,
4780,4853,Terence Foster,Brandon Gibson,QHZV29713047888758,93,0.5669856041,0.0,2011-11-24T00:00:00,0,0.0,50000.0,AprovadoAnalista,De 31 a 50 % - Médio,0.5892857142857142,0.4107142857142857,-1.1e-15,20000.0,,,,,,,,,,1112885.0,0.0,5.0,0.0,2010.0,De 6 a 10 anos,10000.0,False,True,1.0,10120.0,2020-09-14T15:43:45
4784,4857,Dr. Dale Dawson,Caroline Hale,NXKJ36775578171965,24,1.20858e-05,0.0,2011-02-24T00:00:00,0,22733.33,150000.0,AprovadoAnalista,De 31 a 50 % - Médio,0.5892857142857142,0.4107142857142857,0.815396530785634,100000.0,,2019-12-31T03:00:00,9195283.0,4237752.0,9820880.0,5582034.0,73856.0,2498548.0,6446161.0,20612921.0,5290704.0,12.0,15322217.0,1996.0,Acima de 17 anos,80000.0,False,True,0.8315898944,635270.0,2020-09-14T15:48:21
4786,4859,Donald Day-Howells,Dr. Maurice Garner,VPHS52089171550825,27,0.5835030858,0.0,2013-01-11T00:00:00,0,0.0,60000.0,AprovadoAnalista,De 31 a 50 % - Médio,0.6785714285714285,0.3214285714285714,0.866025403784439,32500.0,,2018-12-31T02:00:00,0.0,0.0,0.0,0.0,0.0,0.0,0.0,6106881.0,0.0,12.0,0.0,2007.0,De 11 a 16 anos,100000.0,False,False,1.0,12420.0,2020-09-14T16:54:01
4790,4863,Dale Hicks,Dr. Lynne Taylor,YGAV24439860580925,4,0.4739860289,0.0,2019-03-26T00:00:00,0,0.0,10000.0,AprovadoAnalista,De 31 a 50 % - Médio,0.5357142857142857,0.4642857142857142,0.0,6000.0,,,,,,,,,,772398.0,0.0,12.0,0.0,2019.0,De 0 a 5 anos,100000.0,False,False,1.0,4400.0,2020-09-14T16:57:21
4791,4864,Mr. Jamie Taylor,Clare Barker-Parker,MKWO87353973931297,47,0.0,,2011-08-08T08:20:08,0,0.0,210000.0,AprovadoAnalista,De 31 a 50 % - Médio,0.6607142857142857,0.3392857142857142,0.866025403784439,150000.0,,2019-10-31T03:00:00,1754004.0,1633998.0,2230537.0,324961.0,640033.0,724030.0,777106.0,6296357.0,2642587.0,10.0,3653770.0,1995.0,Acima de 17 anos,100000.0,False,False,0.0,612123.0,2020-09-14T16:58:39
4792,4865,Bernard Young,Kenneth Banks,LGSE50345680565260,20,0.1905198559,0.0,2016-09-16T00:00:00,4,1246.0,50000.0,AprovadoAnalista,De 31 a 50 % - Médio,0.6785714285714285,0.3214285714285714,-0.898463238715413,50000.0,,,,,,,,,,10242145.0,0.0,12.0,0.0,1997.0,Acima de 17 anos,100000.0,False,True,0.5171430201,855041.0,2020-09-14T16:59:58
4797,4870,Josephine Conway,Dr. Jeremy Cooke,PSTS82561426471410,0,0.4755399648,0.0,2020-09-09T00:00:00,0,0.0,25000.0,ReprovadoAnalista,De 31 a 50 % - Médio,0.6785714285714285,0.3214285714285714,0.0,,,,,,,,,,,62082.0,0.0,4.0,0.0,2015.0,De 0 a 5 anos,70000.0,False,False,1.0,18000.0,
4799,4872,Daniel Simpson-Graham,Kenneth Stevens,JETD69976450338607,0,0.4560373794,0.0,2017-08-21T00:00:00,0,0.0,20000.0,AprovadoAnalista,De 31 a 50 % - Médio,0.6428571428571428,0.3571428571428571,0.0,10000.0,,,,,,,,,,384231.0,0.0,12.0,0.0,2008.0,De 11 a 16 anos,6000.0,False,True,1.0,8140.0,2020-09-14T17:32:58
4810,4883,Kimberley Barton,Karen Reynolds,BFRW45357875791361,27,0.5185961055,0.0,2015-11-04T00:00:00,29,8534.0,15000.0,AprovadoAnalista,De 31 a 50 % - Médio,0.5535714285714285,0.4464285714285714,0.866025403784439,10000.0,,,,,,,,,,1549367.0,0.0,12.0,0.0,2013.0,De 6 a 10 anos,120000.0,False,True,1.0,3240.0,2020-09-14T20:22:12
4815,4888,Amelia Thomas,Eleanor Wilson,OYJB24693224986182,41,0.341106362,0.0,2012-05-09T00:00:00,0,2760.0,40000.0,AprovadoAnalista,De 31 a 50 % - Médio,0.6071428571428571,0.3928571428571428,0.718537400918295,10000.0,,2019-12-31T00:00:00,20396883.0,17699263.0,47995012.0,-19514982.0,2217742.0,9550405.0,6450155.0,43509979.0,18213246.0,12.0,25296733.0,1990.0,Acima de 17 anos,600000.0,False,False,0.9700428259,320400.0,2020-09-15T14:13:51
4822,4895,Shannon Evans,Stewart Fisher,ZXOH34061227638698,37,0.3418942725,0.0,2018-08-23T00:00:00,0,0.0,20000.0,AprovadoAnalista,De 31 a 50 % - Médio,0.6428571428571428,0.3571428571428571,0.909691558150421,10000.0,,2019-12-31T00:00:00,497929.0,206289.0,505106.0,298816.0,0.0,258148.0,193160.0,757693.0,385214.0,12.0,372479.0,2013.0,De 6 a 10 anos,10000.0,False,False,0.9480222138,24300.0,2020-09-15T14:15:51
4825,4898,Dylan Marshall,Raymond Patel,JHJM47882274464196,0,0.452188182,0.0,2016-06-27T00:00:00,37,4944.9,50000.0,AprovadoAnalista,De 31 a 50 % - Médio,0.5535714285714285,0.4464285714285714,0.0,30000.0,,,,,,,,,,814117.0,0.0,8.0,0.0,2015.0,De 0 a 5 anos,5000.0,True,False,1.0,6160.0,2020-09-15T14:02:06
4826,4899,Eric Hill-Higgins,Chloe Chapman,AWLB59487092897674,46,0.467796779,0.0,2010-12-09T00:00:00,0,0.0,50000.0,AprovadoAnalista,De 31 a 50 % - Médio,0.625,0.375,0.509558912586152,10000.0,,2020-07-31T00:00:00,2767099.0,1287777.0,2939876.0,692722.0,51916.0,2323781.0,195196.0,6368223.0,4411857.0,7.0,1956366.0,2009.0,De 11 a 16 anos,700000.0,True,False,0.5180531,487713.0,2020-09-15T14:03:36
4838,4911,Janet Barnes,Clifford Allan,XSME54122165353551,30,0.316048996,0.0,2019-10-28T00:00:00,32,8300.0,500000.0,AprovadoAnalista,De 31 a 50 % - Médio,0.5714285714285714,0.4285714285714285,0.0,250000.0,,2020-07-31T03:00:00,16132210.0,8380734.0,16182469.0,990381.0,0.0,10468274.0,1563310.0,25490402.0,8747411.0,7.0,16742991.0,2017.0,De 0 a 5 anos,100000.0,False,True,1.0,81192.0,2020-09-15T14:09:29
4842,4915,Connor Davies-Page,Dr. Nicola Cooke,UTYB34024273892895,0,0.4036415524,0.0,2020-04-14T00:00:00,0,0.0,20000.0,ReprovadoAnalista,De 31 a 50 % - Médio,0.6785714285714285,0.3214285714285714,0.0,,,,,,,,,,,155989.0,0.0,12.0,0.0,2017.0,De 0 a 5 anos,10000.0,False,False,1.0,2200.0,
4843,4916,Amelia Thomas,Eleanor Wilson,OYJB24693224986182,41,0.341106362,0.0,2012-05-09T00:00:00,0,2760.0,40000.0,ReprovadoAnalista,De 31 a 50 % - Médio,0.6071428571428571,0.3928571428571428,0.718537400918295,,,2019-12-31T00:00:00,20396883.0,17699263.0,47995012.0,-19514982.0,2217742.0,9550405.0,6450155.0,43509979.0,18213246.0,12.0,25296733.0,1990.0,Acima de 17 anos,600000.0,False,False,0.9700428259,320400.0,
4847,4920,Oliver Thompson-Jones,Ian Thornton,ICFF46967376376354,0,0.5142709494,0.0,2020-08-07T00:00:00,5,3666.6,25000.0,AprovadoAnalista,De 31 a 50 % - Médio,0.5357142857142857,0.4642857142857142,0.0,17000.0,,,,,,,,,,744512.0,0.0,12.0,0.0,2019.0,De 0 a 5 anos,5000.0,False,True,1.0,2640.0,2020-09-15T19:02:40
4854,4927,Amelia Thomas,Eleanor Wilson,OYJB24693224986182,41,0.341106362,0.0,2012-05-09T00:00:00,0,2760.0,20000.0,ReprovadoAnalista,De 31 a 50 % - Médio,0.6071428571428571,0.3928571428571428,0.718537400918295,,,2019-12-31T00:00:00,20396883.0,17699263.0,47995012.0,-19514982.0,2217742.0,9550405.0,6450155.0,43509979.0,18213246.0,12.0,25296733.0,1990.0,Acima de 17 anos,600000.0,False,False,0.9700428259,320400.0,
4855,4928,Jeffrey Rhodes,Lynn Dixon,RIXT05104623261005,33,0.4631603919,0.0,2017-08-09T00:00:00,52,724734.01,500000.0,AprovadoAnalista,De 31 a 50 % - Médio,0.6428571428571428,0.3571428571428571,0.866025403784439,450000.0,,2020-03-31T03:00:00,9807441.0,1486361.0,9870998.0,8384636.0,1500.0,1063408.0,2445120.0,9846324.0,0.0,3.0,0.0,2017.0,De 0 a 5 anos,200000.0,False,False,1.0,30800.0,2020-09-15T19:32:05
4856,4929,Joe Walters,Mr. Lawrence Williams,OXRS91694325479273,4,0.3632907397,0.0,2018-02-15T00:00:00,74,13390.98,25000.0,AprovadoAnalista,De 31 a 50 % - Médio,0.5357142857142857,0.4642857142857142,0.0,25000.0,,,,,,,,,,915497.0,0.0,12.0,0.0,2017.0,De 0 a 5 anos,40000.0,False,False,1.0,10800.0,2020-09-15T19:06:25
4858,4931,Sam Dixon,Max Tomlinson,FOTA66838742237786,2,0.0,,2018-09-11T10:10:11,0,0.0,30000.0,ReprovadoAnalista,De 31 a 50 % - Médio,0.5892857142857142,0.4107142857142857,0.0,,,2019-12-31T00:00:00,279094.0,265862.0,914480.0,588277.0,0.0,41771.0,136631.0,1409254.0,729860.0,12.0,679394.0,2016.0,De 0 a 5 anos,80000.0,True,True,0.0,16505.0,
4864,4937,Martin Elliott,Mohammad Martin,LJBR21404519154598,0,0.4077861595,0.0,2016-11-07T00:00:00,39,3006.72,25000.0,AprovadoAnalista,De 31 a 50 % - Médio,0.6071428571428571,0.3928571428571428,0.992309908545694,25000.0,,,,,,,,,,1092346.0,0.0,12.0,0.0,2016.0,De 0 a 5 anos,30000.0,False,False,1.0,59400.0,2020-09-15T19:45:05
4865,4938,Alexander Thorpe,Conor Clarke-Turner,RTTS74116937787225,3,0.3379839066,0.0,2018-10-18T00:00:00,0,0.0,20000.0,ReprovadoAnalista,De 31 a 50 % - Médio,0.5535714285714285,0.4464285714285714,0.0,,,,,,,,,,,1520292.0,0.0,12.0,0.0,2018.0,De 0 a 5 anos,100000.0,True,True,1.0,1760.0,
4868,4941,Connor Davies-Page,Dr. Nicola Cooke,UTYB34024273892895,0,0.4036415524,0.0,2020-04-14T00:00:00,0,0.0,20000.0,ReprovadoAnalista,De 31 a 50 % - Médio,0.6785714285714285,0.3214285714285714,0.0,,,,,,,,,,,155989.0,0.0,12.0,0.0,2017.0,De 0 a 5 anos,10000.0,False,False,1.0,2200.0,
4869,4942,Jemma Sims,Sarah Hughes-Wright,WDBT13256898478269,27,0.4623759002,0.0,2015-01-19T00:00:00,37,10726.87,20000.0,AprovadoAnalista,De 31 a 50 % - Médio,0.5892857142857142,0.4107142857142857,0.0,20000.0,,,,,,,,,,1025771.0,0.0,12.0,0.0,1996.0,Acima de 17 anos,70000.0,False,False,1.0,14520.0,2020-09-15T19:48:39
4872,4945,Jamie Gregory-Rees,Joel Evans,SXQL48789557445419,16,0.6387542857,0.0,2018-07-25T00:00:00,23,7000.0,25000.0,AprovadoAnalista,De 31 a 50 % - Médio,0.6607142857142857,0.3392857142857142,0.866025403784439,20000.0,,,,,,,,,,1652710.0,0.0,12.0,0.0,1987.0,Acima de 17 anos,300000.0,False,False,1.0,138000.0,2020-09-15T20:40:52
4877,4950,Donald Henderson,Albert Morris,CKSY54133066648140,2,0.7015738964,0.0,2020-08-18T00:00:00,0,0.0,10000.0,AprovadoAnalista,De 31 a 50 % - Médio,0.6428571428571428,0.3571428571428571,0.0,7000.0,,,,,,,,,,450996.0,0.0,12.0,0.0,2018.0,De 0 a 5 anos,100000.0,False,False,1.0,1320.0,2020-09-15T20:56:37
4885,4958,Dr. Rita Davies,Sheila Webb,AAWG49188894081780,18,0.4448676845,0.0,2019-07-30T00:00:00,0,0.0,10000.0,ReprovadoAnalista,De 31 a 50 % - Médio,0.5892857142857142,0.4107142857142857,0.0,,,2019-12-31T00:00:00,40604.0,270.0,40604.0,40334.0,0.0,11075.0,7762.0,11075.0,5538.0,12.0,5537.0,2018.0,De 0 a 5 anos,15000.0,False,False,1.0,3520.0,
4889,4962,Garry Bates,Elliott Jones,UNCS82286484620291,4,0.5128469378,0.0,2016-09-29T00:00:00,0,0.0,40000.0,AprovadoAnalista,De 31 a 50 % - Médio,0.6428571428571428,0.3571428571428571,0.0,15000.0,,,,,,,,,,1101524.0,0.0,12.0,0.0,2011.0,De 6 a 10 anos,200000.0,False,True,1.0,12420.0,2020-09-16T15:39:13
4890,4963,Mr. Cameron Evans,Judith Fowler,ASYQ56754435258650,29,0.6599290191,0.0,2020-07-06T00:00:00,0,0.0,50000.0,AprovadoAnalista,De 31 a 50 % - Médio,0.6428571428571428,0.3571428571428571,0.0,10000.0,,2019-12-31T03:00:00,83677.0,19309.0,83677.0,64367.0,0.0,14136.0,5985.0,540410.0,122844.0,12.0,417566.0,2006.0,De 11 a 16 anos,10000.0,False,True,1.0,1480.0,2020-09-16T15:40:02
4891,4964,Connor Davies-Page,Dr. Nicola Cooke,UTYB34024273892895,0,0.4036415524,0.0,2020-04-14T00:00:00,0,0.0,5000.0,ReprovadoAnalista,De 31 a 50 % - Médio,0.6785714285714285,0.3214285714285714,0.0,,,,,,,,,,,155989.0,0.0,12.0,0.0,2017.0,De 0 a 5 anos,10000.0,False,False,1.0,2200.0,
4894,4967,Zoe Baker,Hugh Smith-Mellor,UFFA78272419836307,3,0.2209998288,0.0,2019-06-25T00:00:00,0,0.0,15000.0,AprovadoAnalista,De 31 a 50 % - Médio,0.625,0.375,0.0,15000.0,,,,,,,,,,432201.0,0.0,8.0,0.0,2001.0,Acima de 17 anos,100000.0,False,True,1.0,11840.0,2020-09-16T17:21:18
4895,4968,Mrs. Christine Jones,James Bibi,UUDW27372240128840,0,0.6130800654,0.0,2020-05-26T00:00:00,0,0.0,30000.0,AprovadoAnalista,De 31 a 50 % - Médio,0.6785714285714285,0.3214285714285714,0.0,10000.0,,,,,,,,,,901481.0,0.0,12.0,0.0,2017.0,De 0 a 5 anos,100000.0,False,False,1.0,24300.0,2020-09-16T17:22:41
4904,4977,Mrs. Carolyn Jackson,Adam Simmons,NSJV48392081065840,27,0.0,,2018-04-25T13:24:15,0,0.0,40000.0,AprovadoAnalista,De 31 a 50 % - Médio,0.5892857142857142,0.4107142857142857,4e-16,20000.0,,2019-12-31T00:00:00,3240328.0,3230538.0,3624456.0,-638192.0,659649.0,1738931.0,461600.0,1428476.0,360787.0,12.0,1067689.0,2013.0,De 6 a 10 anos,100000.0,False,False,0.0,0.0,2020-09-16T18:03:30
4909,4982,Lisa Parker,Carole Pickering,ARLG39955776479526,4,0.4673365729,0.0,2015-03-11T00:00:00,52,351900.0,500000.0,AprovadoAnalista,De 31 a 50 % - Médio,0.6607142857142857,0.3392857142857142,0.866025403784439,400000.0,,2019-12-31T03:00:00,5918350.0,447408.0,5918350.0,4385866.0,10206.0,840914.0,3521105.0,4732636.0,3245357.0,3.0,1487279.0,2010.0,De 6 a 10 anos,200000.0,False,True,1.0,437844.0,2020-09-16T18:40:10
4910,4983,Amber Evans,Jennifer Little-Allan,HHDV87070786136116,8,0.5741542772,0.0,2016-04-15T00:00:00,3,40293.08,2500000.0,EmAnaliseDocumentacao,De 31 a 50 % - Médio,0.6428571428571428,0.3571428571428571,0.876721752370822,,,2019-12-31T03:00:00,52193824.0,54522992.0,56131518.0,1000000.0,608525.0,22968974.0,18059756.0,199951733.0,118469350.0,12.0,81482383.0,2015.0,De 0 a 5 anos,1000000.0,False,True,0.9967354229,12342768.0,
4912,4985,Lee Bartlett-Fletcher,Tracey Owen,JPAL72760231225093,92,0.0,,2018-12-04T10:48:15,0,0.0,350000.0,AprovadoAnalista,De 31 a 50 % - Médio,0.5892857142857142,0.4107142857142857,0.866025403784439,250000.0,,2019-12-31T03:00:00,2859234.0,1965929.0,2896083.0,930154.0,636326.0,2187158.0,205546.0,8212208.0,1900460.0,12.0,6311748.0,2017.0,De 0 a 5 anos,185400.0,False,False,0.0,49477.0,2020-09-16T18:30:08
4915,4988,Reece King,Victoria Harper,VUQY80070392818665,35,0.0,,2016-07-12T15:45:43,0,0.0,40000.0,AprovadoAnalista,De 31 a 50 % - Médio,0.5,0.4999999999999999,0.94350034220801,30000.0,,2019-12-31T00:00:00,7062955.0,2101846.0,7192697.0,341871.0,4491726.0,5361456.0,1540286.0,6824982.0,2130022.0,12.0,4694960.0,2015.0,De 0 a 5 anos,105000.0,False,True,0.0,15600.0,2020-09-16T20:39:26
4918,4991,Amber Evans,Jennifer Little-Allan,HHDV87070786136116,8,0.5741542772,0.0,2016-04-15T00:00:00,3,40293.08,3000000.0,AprovadoComite,De 31 a 50 % - Médio,0.6428571428571428,0.3571428571428571,0.876721752370822,3000000.0,2020-09-16T19:52:02,2019-12-31T03:00:00,52193824.0,54522992.0,56131518.0,1000000.0,608525.0,22968974.0,18059756.0,199951733.0,118469350.0,12.0,81482383.0,2015.0,De 0 a 5 anos,1000000.0,False,True,0.9967354229,12342768.0,
4919,4992,Julie Smith,Lynda Yates,DRIX03837324563307,3,0.0,,2015-03-30T15:05:27,0,0.0,20000.0,AprovadoAnalista,De 31 a 50 % - Médio,0.6428571428571428,0.3571428571428571,0.0,15000.0,,,,,,,,,,690867.0,0.0,12.0,0.0,2015.0,De 0 a 5 anos,40000.0,False,False,0.0,72000.0,2020-09-16T20:42:30
4922,4995,Mrs. Melissa Pearce,Dr. Malcolm Elliott,BJRD93893554444259,0,0.4413395729,0.0,2019-01-23T00:00:00,0,0.0,20000.0,AprovadoAnalista,De 31 a 50 % - Médio,0.5892857142857142,0.4107142857142857,0.0,15000.0,,2019-12-31T00:00:00,463023.0,267032.0,465610.0,198577.0,21467.0,194330.0,184388.0,1154101.0,380583.0,12.0,773518.0,2018.0,De 0 a 5 anos,95400.0,False,True,1.0,44000.0,2020-09-16T20:47:57
4928,5001,Brett Roberts-Fraser,Ms. Dawn Johnson,PTUM30759389480420,0,0.6821172414,0.0,2020-09-14T00:00:00,259,2900.0,30000.0,AprovadoAnalista,De 31 a 50 % - Médio,0.5714285714285714,0.4285714285714285,0.0,5000.0,,,,,,,,,,842199.0,0.0,12.0,0.0,2019.0,De 0 a 5 anos,100000.0,False,True,1.0,9720.0,2020-09-16T21:02:17
4929,5002,Gordon Green,Dr. Samuel Watson,EGDE48055859235086,168,0.6059192308,0.0,2008-09-02T00:00:00,74,5850.0,20000.0,AprovadoAnalista,De 31 a 50 % - Médio,0.6607142857142857,0.3392857142857142,-0.116851945935164,7000.0,,,,,,,,,,4425171.0,0.0,12.0,0.0,2006.0,De 11 a 16 anos,250000.0,False,True,0.7775565608,720.0,2020-09-16T21:03:41
4935,5008,Ms. Eleanor Brown,Carolyn Hodgson-Stephenson,JCGD95559729656381,15,0.0,,2017-07-31T15:37:10,0,0.0,50000.0,AprovadoAnalista,De 31 a 50 % - Médio,0.5892857142857142,0.4107142857142857,0.0,50000.0,,,,,,,,,,18046972.0,0.0,12.0,0.0,2016.0,De 0 a 5 anos,905000.0,False,False,0.0,29700.0,2020-09-17T14:32:05
4936,5009,Jeremy Jones-Wallis,Cheryl Lee,EVIS64339646315210,27,0.4292453492,0.0,2016-03-03T00:00:00,25,18700.68,20000.0,AprovadoAnalista,De 31 a 50 % - Médio,0.5892857142857142,0.4107142857142857,0.0,20000.0,,,,,,,,,,3354619.0,0.0,12.0,0.0,2010.0,De 6 a 10 anos,2000.0,False,True,0.9818639502,13690.0,2020-09-17T14:32:47
4938,5011,Dr. Kathleen Sharpe,Donna Khan,PPPA83428205379198,0,0.0,0.0,2020-07-13T00:00:00,0,0.0,50000.0,ReprovadoAnalista,De 31 a 50 % - Médio,0.5714285714285714,0.4285714285714285,0.0,,,,,,,,,,,863212.0,0.0,12.0,0.0,2014.0,De 6 a 10 anos,100000.0,True,True,1.0,0.0,
4940,5013,Garry Bates,Elliott Jones,UNCS82286484620291,4,0.5128469378,0.0,2016-09-29T00:00:00,0,0.0,43000.0,AprovadoAnalista,De 31 a 50 % - Médio,0.6428571428571428,0.3571428571428571,0.0,20000.0,,,,,,,,,,1101524.0,0.0,12.0,0.0,2011.0,De 6 a 10 anos,200000.0,False,True,1.0,12420.0,2020-09-17T14:35:31
4941,5014,Bernard Bradshaw,Dr. Jeffrey Giles,YALU84296861519346,41,0.531556155,0.0,2016-02-26T00:00:00,0,0.0,50000.0,AprovadoAnalista,De 31 a 50 % - Médio,0.6607142857142857,0.3392857142857142,-0.929425950564417,40000.0,,,,,,,,,,4352201.0,0.0,12.0,0.0,2012.0,De 6 a 10 anos,20000.0,False,False,0.8856161763,12800.0,2020-09-17T14:36:38
4957,5030,Terence Buckley,Diane Lee,GHYI75239754639537,2,0.3623975155,0.0,2020-09-03T00:00:00,0,0.0,10000.0,ReprovadoAnalista,De 31 a 50 % - Médio,0.5357142857142857,0.4642857142857142,0.0,,,,,,,,,,,0.0,0.0,1.0,0.0,2019.0,De 0 a 5 anos,50000.0,False,True,1.0,5280.0,
4963,5036,Russell Saunders,Dr. Aaron Turner,BUPZ91571774376350,14,0.4689029531,0.0,2018-03-26T00:00:00,0,0.0,40000.0,AprovadoAnalista,De 31 a 50 % - Médio,0.5357142857142857,0.4642857142857142,0.866025403784439,15000.0,,2019-12-31T00:00:00,3240328.0,3230538.0,3624456.0,638192.0,659649.0,1738931.0,461600.0,1428476.0,360787.0,12.0,1067689.0,2013.0,De 6 a 10 anos,120000.0,False,True,1.0,3200.0,2020-09-17T19:30:39
4967,5040,Ms. Nicole Webb,Jay Russell,RNVV51983315806829,62,0.6189278945,0.0,2017-11-30T00:00:00,80,34503.01,60000.0,AprovadoAnalista,De 31 a 50 % - Médio,0.6607142857142857,0.3392857142857142,0.991428482966664,30000.0,,2019-12-31T03:00:00,6984429.0,715860.0,6984088.0,6268227.0,0.0,0.0,2246701.0,2513236.0,2511810.0,12.0,1426.0,2012.0,De 6 a 10 anos,300000.0,False,True,0.8464687728,720.0,2020-09-17T20:48:32
4969,5042,Brian Ferguson,Mr. Charles Thomas,FIGO66059539305030,3,0.4227695299,0.0,2019-03-12T00:00:00,12,2916.0,25000.0,AprovadoAnalista,De 31 a 50 % - Médio,0.5357142857142857,0.4642857142857142,0.0,15000.0,,,,,,,,,,648784.0,0.0,12.0,0.0,2016.0,De 0 a 5 anos,300000.0,False,True,1.0,8640.0,2020-09-17T20:53:17
4973,5046,Bernard Bradshaw,Dr. Jeffrey Giles,YALU84296861519346,41,0.531556155,0.0,2016-02-26T00:00:00,0,0.0,60000.0,AprovadoAnalista,De 31 a 50 % - Médio,0.6785714285714285,0.3214285714285714,-0.929425950564417,60000.0,,2019-12-31T03:00:00,0.0,0.0,0.0,0.0,0.0,0.0,0.0,4352201.0,0.0,8.0,0.0,2012.0,De 6 a 10 anos,20000.0,False,False,0.8856161763,12800.0,2020-09-18T15:02:04
4974,5047,Kate Taylor,Georgina Craig,GHDK04944604423841,9,0.4165665567,0.0,2018-01-29T00:00:00,0,0.0,250000.0,EmAnaliseDocumentacao,De 31 a 50 % - Médio,0.5357142857142857,0.4642857142857142,0.0,,,2019-12-31T03:00:00,1493451.0,518965.0,1945825.0,1426860.0,270000.0,850270.0,516485.0,3557537.0,1184007.0,12.0,2373530.0,2016.0,De 0 a 5 anos,200000.0,False,True,1.0,442074.0,
4981,5054,Jack Norris-James,Brian Benson-Brown,EQHY62128162767172,87,0.0,,2017-01-19T11:11:37,0,0.0,75000.0,AprovadoAnalista,De 31 a 50 % - Médio,0.6071428571428571,0.3928571428571428,-0.866025403784439,75000.0,,2019-12-31T03:00:00,1324056.0,789887.0,1373136.0,-124692.0,275520.0,466902.0,578702.0,4277737.0,1773951.0,12.0,2503786.0,2010.0,De 6 a 10 anos,100000.0,False,True,0.0,68400.0,2020-09-18T15:22:08
4983,5056,Matthew Hughes,Rachel Hussain-Brady,EGPX74969793499965,3,0.2435228153,0.0,2020-08-04T00:00:00,26,38187.99,30000.0,AprovadoAnalista,De 31 a 50 % - Médio,0.6428571428571428,0.3571428571428571,0.0,30000.0,,2019-12-31T03:00:00,3481707.0,542363.0,4450179.0,3907816.0,0.0,968472.0,310061.0,1696100.0,1195779.0,12.0,500321.0,2019.0,De 0 a 5 anos,3000000.0,True,True,1.0,0.0,2020-09-18T15:25:56
4985,5058,Alexander Thorpe,Conor Clarke-Turner,RTTS74116937787225,3,0.3379839066,0.0,2018-10-18T00:00:00,0,0.0,15000.0,AprovadoAnalista,De 31 a 50 % - Médio,0.5535714285714285,0.4464285714285714,0.0,5000.0,,,,,,,,,,1520292.0,0.0,12.0,0.0,2018.0,De 0 a 5 anos,100000.0,True,True,1.0,1760.0,2020-09-18T17:26:46
4990,5063,Kate Taylor,Georgina Craig,GHDK04944604423841,9,0.4165665567,0.0,2018-01-29T00:00:00,0,0.0,250000.0,AprovadoAnalista,De 31 a 50 % - Médio,0.5892857142857142,0.4107142857142857,0.0,200000.0,,2020-06-30T03:00:00,1505154.0,250730.0,1953442.0,1426860.0,0.0,581770.0,605782.0,2361446.0,986500.0,6.0,1374946.0,2016.0,De 0 a 5 anos,200000.0,False,True,1.0,442074.0,2020-09-18T18:28:04
4995,5068,Diane Fraser,Miss Carol Page,HNBH42804715968893,22,0.6681595223,0.0,2018-05-07T00:00:00,0,0.0,45000.0,AprovadoAnalista,De 31 a 50 % - Médio,0.5892857142857142,0.4107142857142857,0.866025403784438,10000.0,,2019-12-31T00:00:00,722762.0,425972.0,767905.0,311345.0,81505.0,20760.0,675247.0,0.0,0.0,1.0,0.0,2017.0,De 0 a 5 anos,20000.0,False,False,1.0,720.0,2020-09-18T19:54:41
5000,5073,Rosie Thornton,Alex Clark,POPU32025062275349,6,0.5914350962,0.0,2018-03-07T00:00:00,0,0.0,25000.0,AprovadoAnalista,De 31 a 50 % - Médio,0.6428571428571428,0.3571428571428571,0.866025403784439,25000.0,,,,,,,,,,752516.0,0.0,12.0,0.0,2017.0,De 0 a 5 anos,20000.0,False,False,1.0,11100.0,2020-09-18T20:03:49
5001,5074,Suzanne Jones,Ashley Jackson,ZCKU45116400877182,0,0.0,0.0,2020-02-05T00:00:00,0,0.0,20000.0,ReprovadoAnalista,De 31 a 50 % - Médio,0.5714285714285714,0.4285714285714285,0.0,,,,,,,,,,,1374167.0,0.0,12.0,0.0,2012.0,De 6 a 10 anos,120000.0,True,True,1.0,1760.0,
5012,5085,Clare Newton,Ms. Gail Hill,VPHF31719668379280,7,0.0550653092,0.0,2019-03-28T00:00:00,0,0.0,150000.0,AprovadoAnalista,De 31 a 50 % - Médio,0.5178571428571428,0.4821428571428571,0.0,150000.0,,2019-12-31T03:00:00,10938006.0,2003960.0,12193006.0,488144.0,506955.0,1489400.0,7621578.0,11785502.0,0.0,12.0,0.0,2018.0,De 0 a 5 anos,600000.0,False,True,1.0,7040.0,2020-09-21T14:11:35
5015,5088,Josephine Conway,Dr. Jeremy Cooke,PSTS82561426471410,0,0.4755399648,0.0,2020-09-09T00:00:00,0,0.0,30000.0,AprovadoAnalista,De 31 a 50 % - Médio,0.6785714285714285,0.3214285714285714,0.0,5000.0,,,,,,,,,,62082.0,0.0,4.0,0.0,2015.0,De 0 a 5 anos,70000.0,False,False,1.0,18000.0,2020-09-21T14:12:09
5021,5094,Gerard Banks,Francesca Graham,LDZT52564013524887,11,0.539816876,0.0,2019-10-14T00:00:00,129,13257.7,50000.0,AprovadoAnalista,De 31 a 50 % - Médio,0.6607142857142857,0.3392857142857142,0.866025403784439,15000.0,,2019-12-31T00:00:00,353106.0,111175.0,726651.0,615475.0,0.0,187648.0,0.0,1913069.0,860881.0,12.0,1052188.0,2011.0,De 6 a 10 anos,1000000.0,False,True,1.0,0.0,2020-09-21T14:39:17
5022,5095,Mr. Jordan Stevens,Miss Ellie Kelly,UCBM91111020900951,23,0.3297961267,0.0,2016-08-03T00:00:00,0,0.0,250000.0,AprovadoAnalista,De 31 a 50 % - Médio,0.5535714285714285,0.4464285714285714,-0.927590165600965,190000.0,,2019-12-31T03:00:00,7346700.0,5304185.0,8945697.0,1678506.0,1122450.0,4278294.0,2690647.0,20052539.0,3766634.0,12.0,16285905.0,2014.0,De 6 a 10 anos,1500000.0,True,True,0.9588687939,587379.0,2020-09-21T14:54:14
5023,5096,Teresa Smith,Toby Chambers,ADUP83414500874428,18,0.471510625,0.0,2018-07-06T00:00:00,29,35833.49,60000.0,AprovadoAnalista,De 31 a 50 % - Médio,0.6071428571428571,0.3928571428571428,0.866025403784439,60000.0,,2019-06-30T03:00:00,3147040.0,1313504.0,3340580.0,1452507.0,229848.0,2379793.0,440105.0,13839428.0,0.0,6.0,0.0,2014.0,De 6 a 10 anos,103900.0,False,True,1.0,116100.0,2020-09-21T14:56:09
5027,5100,Patricia Williams-Hutchinson,Jeremy Davies,MJWZ67281637773843,3,0.6194585212,0.0,2018-09-14T00:00:00,0,0.0,10000.0,AprovadoAnalista,De 31 a 50 % - Médio,0.6428571428571428,0.3571428571428571,0.0,10000.0,,,,,,,,,,693382.0,0.0,12.0,0.0,2013.0,De 6 a 10 anos,10000.0,False,True,1.0,9200.0,2020-09-21T14:58:45
5028,5101,Dr. Harry Hill,Dr. Joshua Riley,NNMU56282801577932,10,0.6881583596,0.0,2013-01-22T00:00:00,88,7386.67,10000.0,AprovadoAnalista,De 31 a 50 % - Médio,0.6785714285714285,0.3214285714285714,-0.392923593269639,10000.0,,,,,,,,,,2748139.0,0.0,12.0,0.0,2006.0,De 11 a 16 anos,10000.0,True,False,0.8979285103,0.0,2020-09-21T13:52:29
5031,5104,Yvonne Parkin,Tina Jones,FSEX59648020524907,0,0.3960438441,0.0,2019-06-19T00:00:00,0,0.0,15000.0,AprovadoAnalista,De 31 a 50 % - Médio,0.6428571428571428,0.3571428571428571,0.0,10000.0,,,,,,,,,,1178648.0,0.0,12.0,0.0,2018.0,De 0 a 5 anos,0.0,False,False,1.0,0.0,2020-09-21T15:06:58
5033,5106,Bethany Cox-Mitchell,Charles Jones-Roberts,ERWU92971568260410,46,0.4345164253,0.0,2016-09-21T00:00:00,27,3655.0,25000.0,ReprovadoAnalista,De 31 a 50 % - Médio,0.5714285714285714,0.4285714285714285,0.866025403784439,,,,,,,,,,,559066.0,0.0,4.0,0.0,1967.0,Acima de 17 anos,0.0,True,False,1.0,0.0,
5034,5107,Ms. Marie Kelly,Dr. Gregory Morgan,REEW91259379302298,10,0.7194025122,0.0,2020-06-10T00:00:00,0,0.0,50000.0,AprovadoAnalista,De 31 a 50 % - Médio,0.6785714285714285,0.3214285714285714,0.0,10000.0,,,,,,,,,,1005596.0,0.0,12.0,0.0,2018.0,De 0 a 5 anos,0.0,False,False,1.0,0.0,2020-09-21T15:25:52
5035,5108,Amelia Thomas,Eleanor Wilson,OYJB24693224986182,41,0.341106362,0.0,2012-05-09T00:00:00,0,2760.0,15000.0,AprovadoAnalista,De 31 a 50 % - Médio,0.6071428571428571,0.3928571428571428,0.718537400918295,15000.0,,2019-12-31T00:00:00,20396883.0,17699263.0,47995012.0,-19514982.0,2217742.0,9550405.0,6450155.0,43509979.0,18213246.0,12.0,25296733.0,1990.0,Acima de 17 anos,600000.0,False,False,0.9700428259,320400.0,2020-09-21T15:29:01
5036,5109,Dr. Terry Smith,Dr. Mary Stokes,HMFO23636187362512,40,0.458051889,0.0,2017-11-22T00:00:00,0,12882.35,34000.0,AprovadoAnalista,De 31 a 50 % - Médio,0.6607142857142857,0.3392857142857142,0.866025403784439,34000.0,,,,,,,,,,1748000.0,0.0,12.0,0.0,2009.0,De 11 a 16 anos,0.0,False,False,1.0,0.0,2020-09-21T15:35:39
5038,5111,Mr. Harry Allen,Simon Wright,LPQC25718809817264,2,0.6017367459,0.0,2018-03-19T00:00:00,0,0.0,15000.0,ReprovadoAnalista,De 31 a 50 % - Médio,0.6607142857142857,0.3392857142857142,0.0,,,,,,,,,,,836457.0,0.0,7.0,0.0,2006.0,De 11 a 16 anos,10000.0,True,False,1.0,4560.0,
5039,5112,Chelsea Lamb,Eric Nash-Robinson,GECK80646173404543,0,0.3733384905,0.0,2020-07-03T00:00:00,0,0.0,15000.0,AprovadoAnalista,De 31 a 50 % - Médio,0.6785714285714285,0.3214285714285714,0.0,15000.0,,,,,,,,,,4271643.0,0.0,12.0,0.0,2016.0,De 0 a 5 anos,100000.0,False,True,1.0,148500.0,2020-09-21T16:24:54
5040,5113,Amelia Thomas,Eleanor Wilson,OYJB24693224986182,41,0.341106362,0.0,2012-05-09T00:00:00,0,2760.0,25000.0,EmAnaliseDocumentacao,De 31 a 50 % - Médio,0.6071428571428571,0.3928571428571428,0.718537400918295,,,2019-12-31T00:00:00,20396883.0,17699263.0,47995012.0,-19514982.0,2217742.0,9550405.0,6450155.0,43509979.0,18213246.0,12.0,25296733.0,1990.0,Acima de 17 anos,600000.0,False,False,0.9700428259,320400.0,
5047,5120,Fiona Rahman,Cheryl McDonald,FVTR63954049050783,47,0.3262416324,0.0,2019-09-25T00:00:00,28,9600.0,50000.0,AprovadoAnalista,De 31 a 50 % - Médio,0.5535714285714285,0.4464285714285714,0.866025403784439,5000.0,,2019-12-31T00:00:00,421413.0,121413.0,421413.0,300000.0,0.0,0.0,120457.0,69518.0,57812.0,12.0,11706.0,2015.0,De 0 a 5 anos,1500000.0,False,False,1.0,0.0,2020-09-21T18:07:56
5048,5121,Fiona Weston,Aimee Marshall,LIYU34722071053277,11,0.5357123203,0.0,2018-06-26T00:00:00,0,0.0,15000.0,AprovadoAnalista,De 31 a 50 % - Médio,0.6428571428571428,0.3571428571428571,0.0,5000.0,,2019-12-31T00:00:00,57589.0,31990.0,201234.0,149342.0,28586.0,0.0,0.0,296355.0,269032.0,12.0,27323.0,2013.0,De 6 a 10 anos,100000.0,False,False,1.0,7400.0,2020-09-21T19:49:31
5052,5125,Bethany Cox-Mitchell,Charles Jones-Roberts,ERWU92971568260410,46,0.4345164253,0.0,2016-09-21T00:00:00,27,3655.0,25000.0,AprovadoAnalista,De 31 a 50 % - Médio,0.5714285714285714,0.4285714285714285,0.866025403784439,15000.0,,,,,,,,,,559066.0,0.0,4.0,0.0,1967.0,Acima de 17 anos,0.0,True,False,1.0,0.0,2020-09-21T18:28:17
5053,5126,Clive Buckley,Arthur Glover,BLAT76257551339202,4,0.3068956528,0.0,2018-09-14T00:00:00,0,0.0,10000.0,AprovadoAnalista,De 31 a 50 % - Médio,0.6071428571428571,0.3928571428571428,0.866025403784439,7000.0,,,,,,,,,,463495.0,0.0,12.0,0.0,2016.0,De 0 a 5 anos,20000.0,False,False,1.0,4440.0,2020-09-21T20:16:16
5056,5129,Mr. Harry Allen,Simon Wright,LPQC25718809817264,2,0.6017367459,0.0,2018-03-19T00:00:00,0,0.0,20000.0,AprovadoAnalista,De 31 a 50 % - Médio,0.6607142857142857,0.3392857142857142,0.0,4500.0,,,,,,,,,,836457.0,0.0,7.0,0.0,2006.0,De 11 a 16 anos,10000.0,True,False,1.0,4560.0,2020-09-21T20:08:08
5061,5134,Dr. Martin Miller,Ms. Hannah Smith,PWWK78385340076652,24,0.6626261905,0.0,2018-09-28T00:00:00,0,0.0,20000.0,AprovadoAnalista,De 31 a 50 % - Médio,0.6607142857142857,0.3392857142857142,0.947699974055614,10000.0,,,,,,,,,,2299601.0,0.0,12.0,0.0,2001.0,Acima de 17 anos,10000.0,False,False,1.0,4440.0,2020-09-21T20:43:04
5069,5142,Denis Fisher,Suzanne Barlow,NVWA82542134983702,18,0.5903563505,0.0,2017-12-19T00:00:00,0,0.0,112000.0,AprovadoAnalista,De 31 a 50 % - Médio,0.6071428571428571,0.3928571428571428,0.866025403784439,15000.0,,2019-12-31T03:00:00,855198.0,244259.0,871994.0,627734.0,171136.0,50147.0,3255.0,551718.0,183284.0,12.0,368434.0,2017.0,De 0 a 5 anos,800000.0,False,False,1.0,6160.0,2020-09-21T21:03:47
5073,5146,Douglas Taylor,Dale Lowe,JXCH36268697453955,18,0.3745726656,0.0,2014-02-21T00:00:00,44,90290.9,100000.0,AprovadoAnalista,De 31 a 50 % - Médio,0.625,0.375,0.944120201989244,80000.0,,2019-12-31T03:00:00,2759006.0,3330872.0,3517355.0,78710.0,884170.0,264302.0,507868.0,12035481.0,5540332.0,12.0,6495149.0,2009.0,De 11 a 16 anos,30000.0,False,False,0.8306436156,106800.0,2020-09-22T14:07:00
5074,5147,Leah Weston,Dr. Janice Moss,FBST84121362181188,4,0.5579184862,0.0,2019-07-31T00:00:00,22,4580.0,100000.0,AprovadoAnalista,De 31 a 50 % - Médio,0.625,0.375,0.0,40000.0,,2020-07-31T03:00:00,1787886.0,1381040.0,2035181.0,79991.0,750252.0,2285085.0,348968.0,826219.0,127555.0,7.0,698664.0,1998.0,Acima de 17 anos,2985000.0,False,True,1.0,302602.0,2020-09-22T13:51:31
5076,5149,Jemma Sims,Sarah Hughes-Wright,WDBT13256898478269,27,0.4623759002,0.0,2015-01-19T00:00:00,37,10726.87,30000.0,AprovadoAnalista,De 31 a 50 % - Médio,0.6428571428571428,0.3571428571428571,0.0,20000.0,,2019-12-31T00:00:00,88662.0,83742.0,89362.0,5619.0,0.0,0.0,93019.0,832843.0,-324835.0,12.0,1157678.0,1996.0,Acima de 17 anos,70000.0,False,False,1.0,14520.0,2020-09-22T14:12:36
5082,5155,Leigh Bailey,Colin Evans,TLUZ01264776107138,16,0.5204969471,0.0,2018-01-22T00:00:00,33,8254.4,34000.0,AprovadoAnalista,De 31 a 50 % - Médio,0.6071428571428571,0.3928571428571428,0.866025403784439,34000.0,,2019-12-31T00:00:00,1794670.0,628842.0,463817.0,379377.0,68500.0,466461.0,1198050.0,3329399.0,1708721.0,12.0,1620678.0,2015.0,De 0 a 5 anos,100000.0,False,True,1.0,25484.0,2020-09-22T16:22:02
5083,5156,Brett Horton-Davey,Ms. Lynn Thomas,QPJX12071347335105,32,0.0,,2011-05-10T11:43:11,0,0.0,50000.0,AprovadoAnalista,De 31 a 50 % - Médio,0.625,0.375,-0.975501173795724,50000.0,,2019-12-31T00:00:00,108837000.0,69315000.0,172351000.0,31692000.0,55997000.0,42279000.0,40597000.0,289845000.0,123201000.0,12.0,166644000.0,2007.0,De 11 a 16 anos,30886731.0,True,False,0.0,6542320.0,2020-09-22T16:38:49
5088,5161,Sophie Williams-Craig,Mr. Guy Lamb,AMVK70950785139481,9,0.6533681481,0.0,2017-04-26T00:00:00,723,513580.14,1200000.0,AprovadoAnalista,De 31 a 50 % - Médio,0.5357142857142857,0.4642857142857142,0.98453788288906,1200000.0,,2019-12-31T06:00:00,14534249.0,12160819.0,22560504.0,10399685.0,7603324.0,7760018.0,5648647.0,56858056.0,24111638.0,12.0,32746418.0,2015.0,De 0 a 5 anos,99800.0,False,True,0.9861354842,1309856.0,2020-09-22T14:48:52
5095,5168,Mr. Damian Wright,Dr. Jessica George,MHDG74672687862264,21,0.5800391274,0.0,2013-03-18T00:00:00,0,0.0,150000.0,AprovadoAnalista,De 31 a 50 % - Médio,0.6785714285714285,0.3214285714285714,-0.91122353907428,80000.0,,2020-07-31T03:00:00,5897949.0,8945155.0,6788541.0,-3729008.0,2514713.0,4025839.0,2108218.0,10431893.0,6396040.0,12.0,4035853.0,1998.0,Acima de 17 anos,15000.0,False,False,0.7626974325,216000.0,2020-09-22T18:12:38
5098,5171,Melanie Martin,Michael Richardson,ZSEQ91694256788697,0,0.4620070301,0.0,2019-07-02T00:00:00,0,0.0,50000.0,AprovadoAnalista,De 31 a 50 % - Médio,0.6785714285714285,0.3214285714285714,0.0,25000.0,,,,,,,,,,3828601.0,0.0,12.0,0.0,2018.0,De 0 a 5 anos,200000.0,False,True,1.0,3960.0,2020-09-22T18:42:33
5101,5174,Susan Dodd,Kate Turner-Baldwin,YNLH55467318974471,7,0.353490566,0.0,2017-03-23T00:00:00,0,0.0,50000.0,ReprovadoAnalista,De 31 a 50 % - Médio,0.6607142857142857,0.3392857142857142,0.866025403784439,,,,,,,,,,,9741134.0,0.0,12.0,0.0,2001.0,Acima de 17 anos,100000.0,True,True,1.0,0.0,
5106,5179,Frederick Nolan,Jordan Davies,GDFR22363528935857,0,0.0,,2019-12-27T15:28:39,0,0.0,49900.0,AprovadoAnalista,De 31 a 50 % - Médio,0.5535714285714285,0.4464285714285714,0.0,5000.0,,,,,,,,,,124458.0,4134.0,12.0,120324.0,2019.0,De 0 a 5 anos,65000.0,False,True,0.0,720.0,2020-09-23T11:30:44
5109,5182,Samuel Hall,Bryan Evans,LMUD99155275729553,0,0.5448081389,0.0,2020-06-09T00:00:00,0,0.0,30000.0,AprovadoAnalista,De 31 a 50 % - Médio,0.6428571428571428,0.3571428571428571,0.0,30000.0,,,,,,,,,,13314982.0,0.0,12.0,0.0,2016.0,De 0 a 5 anos,95400.0,False,True,1.0,345000.0,2020-09-23T11:37:54
5110,5183,Glen Gill,Shirley Hanson-Harrison,HXEY17172238017839,12,0.5897155712,0.0,2013-04-05T00:00:00,0,0.0,20000.0,AprovadoAnalista,De 31 a 50 % - Médio,0.5892857142857142,0.4107142857142857,0.0,20000.0,,,,,,,,,,3525379.0,0.0,12.0,0.0,1986.0,Acima de 17 anos,110000.0,False,True,1.0,156000.0,2020-09-23T12:59:01
5118,5191,Dr. Kerry Rowe,Kimberley Miller,VRXN84864287777648,0,0.3064932038,0.0,2019-01-07T00:00:00,0,0.0,10000.0,AprovadoAnalista,De 31 a 50 % - Médio,0.6428571428571428,0.3571428571428571,0.0,5000.0,,,,,,,,,,49335.0,0.0,8.0,0.0,2012.0,De 6 a 10 anos,4000.0,False,True,1.0,3780.0,2020-09-23T16:20:44
5123,5196,Carol Farrell,Martin Wilson,FWUU39842946740208,19,0.4016885714,0.0,2012-08-27T00:00:00,10,3240.0,25000.0,AprovadoAnalista,De 31 a 50 % - Médio,0.5535714285714285,0.4464285714285714,0.920300801704821,15000.0,,2019-12-31T00:00:00,2257239.0,1934642.0,4199397.0,1380599.0,1654036.0,106121.0,1754992.0,4855324.0,2708771.0,12.0,2146553.0,2005.0,De 11 a 16 anos,500000.0,True,True,0.9982632314,0.0,2020-09-23T16:41:49
5125,5198,Lisa Murphy,Mrs. Anne Morris,TPTS90307594270868,17,0.5170335648,0.0,2010-01-07T00:00:00,32,17280.0,25000.0,AprovadoAnalista,De 31 a 50 % - Médio,0.6071428571428571,0.3928571428571428,0.866025403784439,20000.0,,2019-12-31T00:00:00,0.0,0.0,0.0,0.0,0.0,0.0,0.0,2389623.0,0.0,12.0,0.0,2000.0,Acima de 17 anos,75000.0,False,True,1.0,720.0,2020-09-23T16:48:41
5135,5208,Nicola Davies,Lauren Allen-White,HXTO28280480553169,3,0.431734172,0.0,2019-11-29T00:00:00,19,53751.0,50000.0,AprovadoAnalista,De 31 a 50 % - Médio,0.6428571428571428,0.3571428571428571,0.0,56000.0,,,,,,,,,,4800071.0,0.0,12.0,0.0,2015.0,De 0 a 5 anos,100000.0,False,True,1.0,19800.0,2020-09-23T18:46:37
5141,5214,James Vincent,Leonard Williams,USKM47237713913773,0,0.5788936693,0.0,2019-09-30T00:00:00,0,0.0,10000.0,AprovadoAnalista,De 31 a 50 % - Médio,0.5714285714285714,0.4285714285714285,0.0,5000.0,,,,,,,,,,579738.0,0.0,7.0,0.0,2019.0,De 0 a 5 anos,1000.0,False,True,1.0,2220.0,2020-09-23T20:18:31
5144,5217,Robert Dennis-Hammond,Sam Green,PPAJ29511968361175,0,0.395084798,0.0,2019-06-11T00:00:00,0,0.0,20000.0,AprovadoAnalista,De 31 a 50 % - Médio,0.5892857142857142,0.4107142857142857,0.0,12000.0,,2019-12-31T00:00:00,381245.0,87030.0,387336.0,300306.0,46634.0,0.0,44651.0,336832.0,304453.0,12.0,32379.0,2015.0,De 0 a 5 anos,80000.0,False,True,1.0,1920.0,2020-09-23T20:32:54
5146,5219,Hannah Kaur,Mrs. Pamela Farrell,XOYK27598034041252,6,0.2827067719,0.0,2020-07-07T00:00:00,16,13960.0,25000.0,AprovadoAnalista,De 31 a 50 % - Médio,0.5714285714285714,0.4285714285714285,0.0,10000.0,,,,,,,,,,921052.0,0.0,12.0,0.0,2018.0,De 0 a 5 anos,105000.0,False,True,1.0,6480.0,2020-09-24T13:28:51
5148,5221,Colin Jones-Owen,Dr. Julia Mills,XQYN43672710776197,47,0.0,,2012-06-29T11:03:33,0,0.0,2500000.0,AprovadoAnalista,De 31 a 50 % - Médio,0.6785714285714285,0.3214285714285714,-0.580999430178649,2500000.0,,2020-06-30T03:00:00,31558380.0,22750614.0,33010555.0,3829269.0,4167097.0,15713511.0,7653250.0,65968125.0,18108413.0,6.0,47859712.0,2010.0,De 6 a 10 anos,3000000.0,False,False,0.0,4702876.0,2020-09-24T13:30:19
5165,5238,Dr. Lawrence Shaw,Heather Woodward-Atkinson,TFAB45716003630937,0,0.3046045587,0.0,2016-02-24T00:00:00,0,0.0,20000.0,AprovadoAnalista,De 31 a 50 % - Médio,0.6428571428571428,0.3571428571428571,0.0,20000.0,,,,,,,,,,1846054.0,0.0,12.0,0.0,2015.0,De 0 a 5 anos,100000.0,False,True,1.0,50600.0,2020-09-24T19:03:51
5178,5251,Mr. Robert Elliott,Mr. Brett Kelly,HNNC71234011503718,17,0.5233159885,0.0,2019-08-20T00:00:00,0,0.0,100000.0,AprovadoAnalista,De 31 a 50 % - Médio,0.5,0.4999999999999999,0.866025403784439,100000.0,,2019-12-31T03:00:00,2296426.0,801242.0,2315834.0,1385366.0,14468.0,1303268.0,763163.0,6428760.0,2305640.0,12.0,4123120.0,2016.0,De 0 a 5 anos,300000.0,False,True,1.0,110934.0,2020-09-25T16:20:03
5182,5255,Sheila Lewis,Leslie Howard,ZAXO82747695275294,7,0.5094196104,0.0,2019-10-02T00:00:00,0,0.0,50000.0,AprovadoAnalista,De 31 a 50 % - Médio,0.6428571428571428,0.3571428571428571,0.0,20000.0,,,,,,,,,,991009.0,0.0,12.0,0.0,2012.0,De 6 a 10 anos,60000.0,False,False,1.0,6160.0,2020-09-25T16:51:21
5186,5259,Toby Ryan,Roy Williams-Jones,GVXV15907942706096,22,0.3364757571,0.0,2018-01-02T00:00:00,40,24655.27,70000.0,AprovadoAnalista,De 31 a 50 % - Médio,0.6607142857142857,0.3392857142857142,0.422626535345145,40000.0,,2019-12-31T03:00:00,2420698.0,57854.0,2566724.0,2508869.0,0.0,0.0,87004.0,4789045.0,1594716.0,12.0,3194329.0,2010.0,De 6 a 10 anos,100000.0,False,True,1.0,33000.0,2020-09-25T16:53:16
5197,5270,Patricia Bird-Turner,John Holmes,RANY09752808156745,4,0.0,,2017-04-28T13:58:56,0,0.0,25000.0,AprovadoAnalista,De 31 a 50 % - Médio,0.6428571428571428,0.3571428571428571,0.0,20000.0,,,,,,,,,,2058057.0,0.0,12.0,0.0,2017.0,De 0 a 5 anos,50000.0,False,False,0.0,10800.0,2020-09-25T18:05:19
5198,5271,Guy Thomas,Donna Wood,DKQG03119805771810,4,0.4468061529,0.0,2019-06-19T00:00:00,32,4130.81,12000.0,AprovadoAnalista,De 31 a 50 % - Médio,0.5535714285714285,0.4464285714285714,0.0,12000.0,,,,,,,,,,24826257.0,0.0,7.0,0.0,2015.0,De 0 a 5 anos,420000.0,True,False,1.0,2327613.0,2020-09-25T18:07:26
5200,5273,Joe Daniels,Jane May,TCAN39751967994928,0,0.5809061152,0.0,2017-09-18T00:00:00,0,0.0,150000.0,AprovadoAnalista,De 31 a 50 % - Médio,0.6428571428571428,0.3571428571428571,0.0,15000.0,,2019-12-31T03:00:00,0.0,0.0,444462.0,424305.0,0.0,0.0,60000.0,748525.0,517932.0,12.0,230593.0,2017.0,De 0 a 5 anos,100000.0,False,True,1.0,7920.0,2020-09-25T19:19:20
5201,5274,Amanda Baker,Benjamin Higgins,STTE46072252479133,5,0.3820055472,0.0,2019-06-11T00:00:00,0,0.0,5000.0,AprovadoAnalista,De 31 a 50 % - Médio,0.6071428571428571,0.3928571428571428,0.866025403784439,5000.0,,,,,,,,,,0.0,0.0,1.0,0.0,2008.0,De 11 a 16 anos,350000.0,False,True,1.0,36000.0,2020-09-25T19:20:20
5210,5283,Amber Hopkins-Carr,Dr. Frederick Wright,UVJA03993311901207,76,0.6142713193,0.0,2016-11-23T00:00:00,0,0.0,50000.0,AprovadoAnalista,De 31 a 50 % - Médio,0.6607142857142857,0.3392857142857142,0.912541576046406,50000.0,,,,,,,,,,3828535.0,0.0,12.0,0.0,2016.0,De 0 a 5 anos,20000.0,False,False,0.9596777974,2640.0,2020-09-28T14:11:16
5211,5284,Joe Daniels,Jane May,TCAN39751967994928,0,0.5809061152,0.0,2017-09-18T00:00:00,0,0.0,16000.0,AprovadoAnalista,De 31 a 50 % - Médio,0.6428571428571428,0.3571428571428571,0.0,16000.0,,2019-12-31T03:00:00,444462.0,0.0,444462.0,424305.0,0.0,0.0,60000.0,748525.0,517932.0,12.0,230593.0,2017.0,De 0 a 5 anos,100000.0,False,True,1.0,7920.0,2020-09-28T14:13:52
5214,5287,Sophie Gregory,Aaron Sheppard-Martin,CCNN68995260849827,79,0.3793522128,0.0,2006-03-27T00:00:00,0,1000.0,20000.0,AprovadoAnalista,De 31 a 50 % - Médio,0.6607142857142857,0.3392857142857142,-0.738034589045169,15000.0,,2019-12-31T00:00:00,1872714.0,938383.0,1883777.0,945393.0,0.0,1078379.0,531019.0,1563538.0,569932.0,12.0,993606.0,2003.0,Acima de 17 anos,200000.0,False,True,0.8333885823,720.0,2020-09-28T14:40:41
5221,5294,Pamela Ahmed,Amber Saunders,ALCA60228288746610,0,0.3965044764,0.0,2017-04-05T00:00:00,0,0.0,20000.0,AprovadoAnalista,De 31 a 50 % - Médio,0.6428571428571428,0.3571428571428571,0.0,20000.0,,,,,,,,,,1484254.0,0.0,12.0,0.0,1992.0,Acima de 17 anos,1500.0,False,False,1.0,54000.0,2020-09-28T18:29:25
5225,5298,Elliott Rose,Deborah Jones-Gibson,JJJO86195665960207,9,0.5932736371,0.0,2016-11-18T00:00:00,31,5549.21,40000.0,AprovadoAnalista,De 31 a 50 % - Médio,0.6785714285714285,0.3214285714285714,0.0,35000.0,,2019-12-31T00:00:00,522357.0,360340.0,525745.0,525745.0,105500.0,132051.0,355654.0,1460753.0,0.0,6.0,0.0,2016.0,De 0 a 5 anos,100000.0,False,True,1.0,102600.0,2020-09-28T19:57:03
5230,5303,Julie Smith,Lynda Yates,DRIX03837324563307,3,0.0,,2015-03-30T15:05:27,0,0.0,37000.0,AprovadoAnalista,De 31 a 50 % - Médio,0.6428571428571428,0.3571428571428571,0.0,20000.0,,,,,,,,,,690867.0,0.0,12.0,0.0,2015.0,De 0 a 5 anos,40000.0,False,False,0.0,72000.0,2020-09-28T20:19:59
5232,5305,Mr. Joe Slater,Mrs. Rosie Bowen,PGXI60069421399363,0,0.4774746873,0.0,2019-09-09T00:00:00,0,0.0,30000.0,AprovadoAnalista,De 31 a 50 % - Médio,0.6785714285714285,0.3214285714285714,0.0,15000.0,,2019-12-31T00:00:00,730754.0,58810.0,730754.0,671943.0,0.0,0.0,308318.0,892888.0,230710.0,12.0,662178.0,2015.0,De 0 a 5 anos,100000.0,False,True,1.0,78747.0,2020-09-29T14:25:34
5234,5307,Dennis Rogers,Dr. Ellie Davey,BHDY63712433971525,2,0.4564914189,0.0,2018-06-26T00:00:00,0,8258.23,15000.0,AprovadoAnalista,De 31 a 50 % - Médio,0.6428571428571428,0.3571428571428571,0.14104567774697,15000.0,,2109-12-31T00:00:00,0.0,0.0,0.0,0.0,0.0,0.0,0.0,379038.0,0.0,6.0,0.0,2018.0,De 0 a 5 anos,200000.0,False,False,0.9402295435,6400.0,2020-09-29T16:14:31
5247,5320,Jasmine Brown,Sian Lewis,UDSM80343135950565,3,0.7578569444,0.0,2020-09-21T00:00:00,28,14400.0,20000.0,AprovadoAnalista,De 31 a 50 % - Médio,0.5714285714285714,0.4285714285714285,0.0,12000.0,,,,,,,,,,403255.0,0.0,6.0,0.0,2016.0,De 0 a 5 anos,100000.0,False,True,1.0,1320.0,2020-09-29T16:26:35
5252,5325,Justin Barnes,Leonard Collins,VGPP63337946929275,4,0.6217283503,0.0,2006-09-21T00:00:00,0,0.0,20000.0,AprovadoAnalista,De 31 a 50 % - Médio,0.6785714285714285,0.3214285714285714,0.0,15000.0,,,,,,,,,,466793.0,0.0,7.0,0.0,2001.0,Acima de 17 anos,30000.0,False,False,1.0,45600.0,2020-09-29T16:42:29
5254,5327,Gordon Sinclair,Alan Foster,BEXC09215395787859,6,0.0,,2018-07-30T16:47:41,0,0.0,30000.0,AprovadoAnalista,De 31 a 50 % - Médio,0.6071428571428571,0.3928571428571428,0.866025403784439,15000.0,,,,,,,,,,712945.0,0.0,12.0,0.0,2016.0,De 0 a 5 anos,10000.0,False,False,0.0,1920.0,2020-09-29T16:54:04
5259,5332,Gerard Armstrong-Lee,Dr. Charles Watts,GGHS15117305237893,484,0.5662969152,0.0,2017-10-04T00:00:00,0,19973.34,100000.0,AprovadoAnalista,De 31 a 50 % - Médio,0.6428571428571428,0.3571428571428571,-0.866025403784439,100000.0,,2020-06-30T03:00:00,13864993.0,5844768.0,25652823.0,19603823.0,182132.0,4843314.0,6650978.0,26725224.0,9592924.0,6.0,17132300.0,2015.0,De 0 a 5 anos,2000000.0,False,False,1.0,280195.0,2020-09-29T18:04:28
5264,5337,Scott Ball,Annette Owen-Thomas,GDNV37902171840321,80,0.0,,2016-07-27T11:24:11,0,0.0,500000.0,AprovadoAnalista,De 31 a 50 % - Médio,0.6071428571428571,0.3928571428571428,0.368994814302997,130000.0,,2019-12-31T03:00:00,35280545.0,10024204.0,38977996.0,20977015.0,8413259.0,12465292.0,13063689.0,12177122.0,9462164.0,12.0,2714958.0,2003.0,Acima de 17 anos,500000.0,False,True,0.0,481300.0,2020-09-29T18:23:55
5266,5339,Mr. Albert Cook,Mrs. Abbie Gill,NNMN29702272025744,4,0.4132791576,0.0,2020-04-09T00:00:00,0,0.0,20000.0,AprovadoAnalista,De 31 a 50 % - Médio,0.5714285714285714,0.4285714285714285,0.0,10000.0,,,,,,,,,,1470600.0,0.0,12.0,0.0,2019.0,De 0 a 5 anos,100000.0,False,True,1.0,3330.0,2020-09-29T18:51:21
5269,5342,Mr. Albert Cook,Mrs. Abbie Gill,NNMN29702272025744,4,0.4132791576,0.0,2020-04-09T00:00:00,0,0.0,15000.0,AprovadoAnalista,De 31 a 50 % - Médio,0.5357142857142857,0.4642857142857142,0.0,15000.0,,,,,,,,,,1470800.0,0.0,12.0,0.0,2019.0,De 0 a 5 anos,100000.0,False,True,1.0,3330.0,2020-09-29T19:05:15
5280,5353,Mr. Martyn McKenzie,Billy White-Thomas,DFNR53549069081851,59,0.3521191691,0.0,2013-02-08T00:00:00,0,0.0,40000.0,AprovadoAnalista,De 31 a 50 % - Médio,0.5892857142857142,0.4107142857142857,0.0,10000.0,,,,,,,,,,2758764.0,0.0,12.0,0.0,2008.0,De 11 a 16 anos,80000.0,False,True,1.0,3700.0,2020-09-30T15:11:11
5281,5354,Dr. Derek Johnston,Dr. Roger Hodgson,IDUJ25741666575040,39,0.3212366949,0.0,2006-12-05T00:00:00,0,0.0,50000.0,AprovadoAnalista,De 31 a 50 % - Médio,0.6607142857142857,0.3392857142857142,0.318498151148219,25000.0,,2019-12-31T00:00:00,3459549.0,508652.0,3460705.0,2952053.0,0.0,357279.0,2345193.0,731601.0,661362.0,12.0,70239.0,2002.0,Acima de 17 anos,60000.0,False,True,0.8001156608,16733.0,2020-09-30T15:14:32
5282,5355,Lindsey Hughes,Mandy Stewart,MBFE92902174579099,15,0.2866087303,0.0,2013-01-30T00:00:00,26,46346.4,200000.0,AprovadoAnalista,De 31 a 50 % - Médio,0.6428571428571428,0.3571428571428571,0.0,140000.0,,2020-08-31T03:00:00,0.0,0.0,0.0,0.0,0.0,0.0,0.0,10453331.0,1150282.0,8.0,9303049.0,1996.0,Acima de 17 anos,450000.0,False,True,1.0,963461.0,2020-09-30T15:32:35
5283,5356,Connor Glover,Janet Edwards-Noble,VGTT68636497490457,13,0.432636709,0.0,2017-02-20T00:00:00,0,0.0,20000.0,ReprovadoAnalista,De 31 a 50 % - Médio,0.625,0.375,0.401712761825597,,,2019-11-30T00:00:00,13112359.0,6540721.0,20076775.0,1530413.0,20135.0,42333709.0,770119.0,16822434.0,8118692.0,11.0,8703742.0,2010.0,De 6 a 10 anos,105000.0,True,True,0.6760815887,0.0,
5286,5359,Justin Perkins,Leanne Perry,XYVX24702043102303,5,0.0,,2017-09-27T08:40:26,0,0.0,60000.0,AprovadoAnalista,De 31 a 50 % - Médio,0.5714285714285714,0.4285714285714285,0.0,60000.0,,2019-12-31T03:00:00,1059547.0,454862.0,1149036.0,694354.0,36144.0,465083.0,322905.0,3721946.0,0.0,12.0,0.0,2015.0,De 0 a 5 anos,20000.0,False,True,0.0,11880.0,2020-09-30T18:57:01
5287,5360,Charlie Smith,Paige Hughes-Lee,HIWO56551062234840,0,0.132358018,0.0,2020-05-08T00:00:00,0,0.0,50000.0,AprovadoAnalista,De 31 a 50 % - Médio,0.6607142857142857,0.3392857142857142,0.0,40000.0,,,,,,,,,,1890940.0,0.0,12.0,0.0,2017.0,De 0 a 5 anos,2000.0,False,True,1.0,41400.0,2020-09-30T18:58:00
5290,5363,Mrs. Louise Wells,Dr. Andrea Wright,UYJH13069177126111,0,0.295049162,0.0,2020-01-21T00:00:00,0,0.0,15000.0,AprovadoAnalista,De 31 a 50 % - Médio,0.5535714285714285,0.4464285714285714,0.0,5000.0,,,,,,,,,,362780.0,0.0,12.0,0.0,2019.0,De 0 a 5 anos,50000.0,False,True,1.0,1920.0,2020-09-30T19:28:02
5292,5365,Sharon Henderson,Stanley Saunders,SAMA26228096697468,6,0.2790031061,0.0,2019-08-23T00:00:00,19,2325.0,20000.0,AprovadoAnalista,De 31 a 50 % - Médio,0.6785714285714285,0.3214285714285714,0.0,20000.0,,2019-12-31T00:00:00,3948479.0,566622.0,3966003.0,2900925.0,380841.0,1889124.0,558835.0,8283552.0,0.0,6.0,0.0,2014.0,De 6 a 10 anos,600000.0,False,True,1.0,596361.0,2020-09-30T19:34:48
5293,5366,Bethan Crawford-Palmer,Sylvia Sykes,CWUH93147009145485,19,0.4203087966,0.0,2016-01-19T00:00:00,0,0.0,50000.0,AprovadoAnalista,De 31 a 50 % - Médio,0.5892857142857142,0.4107142857142857,0.0,45000.0,,,,,,,,,,1820475.0,0.0,12.0,0.0,2015.0,De 0 a 5 anos,80000.0,False,True,1.0,4860.0,2020-09-30T19:35:43
5298,5371,Sheila Wilson,Jay Hammond,NSKW44783365024866,0,0.5955837989,0.0,2018-02-06T00:00:00,0,0.0,20000.0,AprovadoAnalista,De 31 a 50 % - Médio,0.5714285714285714,0.4285714285714285,0.0,5000.0,,,,,,,,,,333866.0,0.0,12.0,0.0,2017.0,De 0 a 5 anos,70000.0,False,True,1.0,11840.0,2020-09-30T20:28:35
5306,5379,Ms. Jasmine Clark,Dr. Josephine Scott,KRLB88823407026041,0,0.4806610685,0.0,2019-07-16T00:00:00,0,0.0,10000.0,AprovadoAnalista,De 31 a 50 % - Médio,0.6428571428571428,0.3571428571428571,0.0,10000.0,,,,,,,,,,13425759.0,0.0,12.0,0.0,2016.0,De 0 a 5 anos,93700.0,False,True,1.0,288889.0,2020-10-01T15:26:55
5308,5381,Mary Smith,Mr. Leon Smith,HMOW17454360616914,18,0.6915,0.0,2013-02-18T00:00:00,0,0.0,50000.0,AprovadoAnalista,De 31 a 50 % - Médio,0.6428571428571428,0.3571428571428571,7.5e-15,40000.0,,2019-12-31T00:00:00,3327776.0,182175.0,3452933.0,2960528.0,324500.0,1521938.0,857889.0,9298412.0,3789050.0,12.0,5509362.0,2009.0,De 11 a 16 anos,0.0,False,True,0.9918288416,863457.0,2020-10-01T16:49:21
5310,5383,Douglas Parker,Gillian Mason,BWJA72636159902734,9,0.4325313281,0.0,2016-10-07T00:00:00,0,0.0,40000.0,AprovadoAnalista,De 31 a 50 % - Médio,0.6428571428571428,0.3571428571428571,0.866025403784439,15000.0,,2019-12-31T00:00:00,7159708.0,166406.0,7205370.0,6933726.0,4665.0,242843.0,603020.0,0.0,0.0,1.0,0.0,2009.0,De 11 a 16 anos,30000.0,False,False,1.0,48622.0,2020-10-01T16:55:08
5312,5385,Frank Sullivan,Natalie King,NMFH55661019134279,17,0.368013309,0.0,2016-02-02T00:00:00,13,5450.0,50000.0,AprovadoAnalista,De 31 a 50 % - Médio,0.6428571428571428,0.3571428571428571,0.0369729544760378,50000.0,,2019-12-31T00:00:00,2648895.0,40921.0,2694461.0,2541835.0,32500.0,1379822.0,230000.0,5406990.0,2246205.0,12.0,3160785.0,2015.0,De 0 a 5 anos,150000.0,False,True,0.9639938015,42280.0,2020-10-01T17:00:21
5313,5386,Sian Evans,Marie Chapman,AXJA46741304327572,20,0.2964319012,0.0,2017-03-20T00:00:00,0,0.0,30000.0,AprovadoAnalista,De 31 a 50 % - Médio,0.5,0.4999999999999999,0.865836711660915,15000.0,,2019-12-31T00:00:00,3034015.0,3472019.0,3713742.0,241723.0,1823000.0,409524.0,1721044.0,4101313.0,2060458.0,12.0,2040855.0,2016.0,De 0 a 5 anos,100000.0,False,True,1.0,13200.0,2020-10-01T17:04:45
5316,5389,Dean Clayton,Abdul Wood,BZFA06542301998587,6,0.0,,2015-07-07T15:43:00,0,0.0,50000.0,AprovadoAnalista,De 31 a 50 % - Médio,0.6607142857142857,0.3392857142857142,0.0,50000.0,,2019-12-31T00:00:00,5048823.0,4735949.0,5381065.0,-190230.0,1324300.0,2025176.0,3472742.0,15418736.0,768687.0,12.0,14650049.0,2015.0,De 0 a 5 anos,30000.0,False,False,0.0,213600.0,2020-10-01T17:36:59
5317,5390,Miss Holly Dyer,Louis O'Donnell,LAHP29255752573624,65,0.326171528,0.0,2012-05-16T00:00:00,0,0.0,20000.0,AprovadoAnalista,De 31 a 50 % - Médio,0.6428571428571428,0.3571428571428571,0.887153704499029,10000.0,,,,,,,,,,4424052.0,0.0,12.0,0.0,2011.0,De 6 a 10 anos,10000.0,False,False,0.9342657706,25200.0,2020-10-01T17:38:45
5318,5391,Amber Smith,Chelsea Smith-Cox,EFMB43041243982596,4,0.5074172904,0.0,2013-03-28T00:00:00,0,0.0,500000.0,AprovadoAnalista,De 31 a 50 % - Médio,0.6607142857142857,0.3392857142857142,-0.866025403784439,500000.0,,2019-12-31T06:00:00,12951488.0,17497243.0,17587509.0,-46604.0,203556.0,0.0,9471366.0,22532139.0,7269481.0,12.0,15262658.0,1996.0,Acima de 17 anos,95400.0,False,True,1.0,17200.0,2020-10-01T19:42:24
5319,5392,Toby Hill,Gavin Payne,LCPE62211324521311,0,0.5718949603,0.0,2014-02-11T00:00:00,0,0.0,15000.0,AprovadoAnalista,De 31 a 50 % - Médio,0.6428571428571428,0.3571428571428571,0.0,15000.0,,,,,,,,,,87916.0,0.0,4.0,0.0,2008.0,De 11 a 16 anos,8000.0,False,True,1.0,12800.0,2020-10-01T19:40:11
5320,5393,Darren Rogers,Lesley Pearce,GQQO80245865009441,0,0.1251906667,0.0,2020-07-28T00:00:00,0,0.0,30000.0,AprovadoAnalista,De 31 a 50 % - Médio,0.6607142857142857,0.3392857142857142,0.0,10000.0,,,,,,,,,,485400.0,0.0,12.0,0.0,2014.0,De 6 a 10 anos,72400.0,False,True,1.0,2220.0,2020-10-01T19:41:04
5323,5396,Claire Foster,Amy Stokes,VAUQ83295035238296,41,0.6057167652,0.0,2011-09-26T00:00:00,73,14545.9,30000.0,AprovadoAnalista,De 31 a 50 % - Médio,0.5357142857142857,0.4642857142857142,-0.212079732197577,15000.0,,2019-12-31T00:00:00,460898.0,688135.0,460989.0,-227146.0,309399.0,97761.0,40716.0,0.0,0.0,1.0,0.0,2009.0,De 11 a 16 anos,100000.0,False,False,0.866330963,45000.0,2020-10-02T16:06:28
5325,5398,Dr. Maria Watts,Gail Smith,GNPY76147394204081,124,0.3646372764,0.0,2006-12-11T00:00:00,40,508121.72,1000000.0,AprovadoAnalista,De 31 a 50 % - Médio,0.6428571428571428,0.3571428571428571,-0.880699336339438,1000000.0,,2019-12-31T03:00:00,16099155.0,6386423.0,17558011.0,6924723.0,336133.0,8071675.0,6230984.0,49725936.0,15608763.0,12.0,34117173.0,2000.0,Acima de 17 anos,1502000.0,False,True,0.9596980479,2185886.0,2020-10-02T16:17:04
5328,5401,Louise Long,Kieran Summers-Chandler,GMPN61625628718327,0,0.5505408805,0.0,2020-09-29T00:00:00,0,0.0,30000.0,AprovadoAnalista,De 31 a 50 % - Médio,0.6785714285714285,0.3214285714285714,0.0,20000.0,,,,,,,,,,18018358.0,0.0,5.0,0.0,2017.0,De 0 a 5 anos,93700.0,False,True,1.0,18000.0,2020-10-02T17:25:57
5331,5404,William Simmons-Matthews,Dr. Marian Smith,UVYL53105358785066,20,0.5167641478,0.0,2010-06-22T00:00:00,12,14578.2,75000.0,AprovadoAnalista,De 31 a 50 % - Médio,0.5714285714285714,0.4285714285714285,-0.949739123780773,65000.0,,2019-09-30T03:00:00,1295892.0,2326535.0,2776167.0,-399327.0,890000.0,1546159.0,1076953.0,6875327.0,2874967.0,12.0,4000360.0,2007.0,De 11 a 16 anos,250000.0,False,False,0.7515371717,71200.0,2020-10-02T17:31:37
5333,5406,William Simmons-Matthews,Dr. Marian Smith,UVYL53105358785066,20,0.5167641478,0.0,2010-06-22T00:00:00,12,14578.2,80000.0,AprovadoAnalista,De 31 a 50 % - Médio,0.5714285714285714,0.4285714285714285,-0.949739123780773,65000.0,,2019-09-30T03:00:00,1295892.0,2326535.0,2776167.0,-399327.0,890000.0,1546159.0,1076953.0,6875327.0,2874967.0,12.0,4000360.0,2007.0,De 11 a 16 anos,250000.0,False,False,0.7515371717,71200.0,2020-10-02T19:48:40
5334,5407,Russell Kirby,Dr. Diane Bird,SQYW10688933765755,43,0.3501461909,0.0,2017-03-23T00:00:00,0,0.0,15000.0,AprovadoAnalista,De 31 a 50 % - Médio,0.5535714285714285,0.4464285714285714,0.835862323576417,10000.0,,2019-12-31T00:00:00,2586263.0,1257545.0,2586263.0,1328718.0,0.0,47088.0,115000.0,3554593.0,967974.0,12.0,2586619.0,2016.0,De 0 a 5 anos,95400.0,False,True,0.9454513316,9900.0,2020-10-02T19:49:22
5335,5408,Dean Khan,Dr. Tony Barnett,CVHG00445443505322,21,0.3276895703,0.0,2017-10-25T00:00:00,0,0.0,50000.0,AprovadoAnalista,De 31 a 50 % - Médio,0.5535714285714285,0.4464285714285714,0.866025403784439,50000.0,,,,,,,,,,11081108.0,0.0,12.0,0.0,2004.0,De 11 a 16 anos,1000000.0,False,True,1.0,184000.0,2020-10-02T19:53:36
5336,5409,Robin Marshall,Paula Jackson-Kent,HZYQ83011294573693,25,0.3599633391,0.0,2013-04-01T00:00:00,0,27856.0,400000.0,AprovadoAnalista,De 31 a 50 % - Médio,0.625,0.375,0.909603818677237,400000.0,,2019-10-31T03:00:00,949713000.0,334121000.0,138713000.0,721854000.0,5731000.0,482990000.0,317654000.0,2291466000.0,690589000.0,10.0,1600877000.0,1968.0,Acima de 17 anos,3830000.0,True,False,0.9552207695,139915152.0,2020-10-02T19:40:53
5347,5420,Mr. Frank Spencer,Diana Davis-Graham,VLQM91868304071192,9,0.403342933,0.0,2017-09-13T00:00:00,37,11039.68,65000.0,AprovadoAnalista,De 31 a 50 % - Médio,0.6428571428571428,0.3571428571428571,0.0,65000.0,,2020-09-30T03:00:00,1270168.0,227045.0,1422014.0,1146656.0,212141.0,655624.0,207663.0,3059476.0,1515307.0,12.0,1544169.0,2017.0,De 0 a 5 anos,0.0,False,True,1.0,0.0,2020-10-05T16:32:12
5348,5421,Leonard Wilson,Kimberley Williams,CNFL07063416318680,0,0.0,,2016-12-02T17:20:54,0,0.0,4000.0,AprovadoAnalista,De 31 a 50 % - Médio,0.5892857142857142,0.4107142857142857,0.0,4000.0,,,,,,,,,,0.0,0.0,1.0,0.0,2014.0,De 6 a 10 anos,72400.0,False,True,0.0,59383.0,2020-10-05T20:52:35
5349,5422,Miss Hilary Rowe,Shannon Thomas,AQDD58293283113645,4,0.5552716108,0.0,2018-07-25T00:00:00,0,0.0,25000.0,AprovadoAnalista,De 31 a 50 % - Médio,0.6428571428571428,0.3571428571428571,0.0,5000.0,,,,,,,,,,1121995.0,0.0,12.0,0.0,2013.0,De 6 a 10 anos,30000.0,False,False,1.0,5280.0,2020-10-05T18:12:49
5354,5427,Mr. Andrew O'Connor,Daniel Austin,RVQO02076250283186,1265,0.0,,2006-03-06T09:44:38,0,0.0,2500.0,AprovadoAnalista,De 31 a 50 % - Médio,0.5535714285714285,0.4464285714285714,0.0,2500.0,,,,,,,,,,0.0,0.0,1.0,0.0,1968.0,Acima de 17 anos,0.0,True,False,0.0,979000.0,2020-10-06T15:26:49
5369,5442,Dr. Dylan Harris,Mrs. Julie Forster,PWER73798838345083,3,0.5990610826,0.49506232,2020-07-16T00:00:00,0,0.0,15000.0,AprovadoAnalista,De 31 a 50 % - Médio,0.6428571428571428,0.3571428571428571,0.0,15000.0,,,,,,,,,,1238356.0,0.0,7.0,0.0,2018.0,De 0 a 5 anos,3000.0,False,True,1.0,720.0,2020-10-06T14:17:10
5371,5444,Malcolm Bolton,Janet Owen,ILVD04250361101576,14,0.0,,2018-08-27T10:47:14,0,0.0,2600000.0,AprovadoAnalista,De 31 a 50 % - Médio,0.625,0.375,0.359821914366132,2600000.0,,2019-12-31T03:00:00,2061784000.0,1634862000.0,3634506000.0,990059000.0,326558000.0,400799000.0,1293428000.0,6426115000.0,2032579000.0,12.0,4393536000.0,2013.0,De 6 a 10 anos,511903186.0,True,False,0.0,286758144.0,2020-10-06T14:28:28
5372,5445,Rita Webb,Dr. Cameron Savage,OESQ40226732815159,19,0.4700791329,0.0,2017-10-13T00:00:00,0,0.0,5200.0,ReprovadoAnalista,De 31 a 50 % - Médio,0.5714285714285714,0.4285714285714285,0.390259682734039,,,,,,,,,,,0.0,0.0,1.0,0.0,2009.0,De 11 a 16 anos,15000.0,True,False,0.6666666667,1320.0,
5373,5446,Malcolm Bolton,Janet Owen,EWWP39022791129732,42,0.0,,2018-08-28T10:48:01,0,0.0,700000.0,AprovadoAnalista,De 31 a 50 % - Médio,0.625,0.375,0.915538910247784,700000.0,,2019-12-31T03:00:00,2061784000.0,1634862000.0,3634506000.0,990059000.0,326558000.0,400799000.0,1293428000.0,6426115000.0,2032579000.0,12.0,4393536000.0,2014.0,De 6 a 10 anos,511903186.0,True,False,0.0,286758144.0,2020-10-06T14:29:56
5378,5451,Malcolm Bolton,Francis Andrews,WQDA74481173716737,20,0.0,,2019-02-12T14:46:13,0,0.0,282000.0,AprovadoAnalista,De 31 a 50 % - Médio,0.5178571428571428,0.4821428571428571,0.866025403784439,282000.0,,2019-12-31T03:00:00,2061784000.0,1634862000.0,3634506000.0,990059000.0,326558000.0,400799000.0,1293428000.0,6426115000.0,2032579000.0,12.0,4393536000.0,2018.0,De 0 a 5 anos,511903186.0,True,False,0.0,286758144.0,2020-10-06T14:50:35
5382,5455,Mary Davis,Jay Hurst,XPVZ80447104399027,3,0.5261150209,0.0,2019-04-26T00:00:00,23,20471.75,35000.0,AprovadoAnalista,De 31 a 50 % - Médio,0.6428571428571428,0.3571428571428571,0.0,35000.0,,2020-06-30T00:00:00,1516105.0,590467.0,1550493.0,52659.0,164000.0,0.0,922281.0,1005925.0,843061.0,6.0,162864.0,2018.0,De 0 a 5 anos,100000.0,False,True,1.0,39600.0,2020-10-06T14:47:04
5383,5456,Brett Wheeler,Terence O'Connor,DKOG06921665634894,61,0.6088906349,0.0,2018-08-27T00:00:00,17,640190.03,495000.0,AprovadoAnalista,De 31 a 50 % - Médio,0.625,0.375,0.597048792139132,495000.0,,2019-12-31T03:00:00,1201858000.0,912104000.0,2076423000.0,800377000.0,100320000.0,196971000.0,766466000.0,3369173000.0,1039000000.0,12.0,2330173000.0,2013.0,De 6 a 10 anos,330742994.0,True,False,0.8482640173,115027728.0,2020-10-06T15:09:50
5385,5458,Brett Wheeler,Mrs. Olivia Jones,VSLI27632334242373,17,0.0,,2018-09-27T17:20:18,0,0.0,820000.0,AprovadoAnalista,De 31 a 50 % - Médio,0.625,0.375,0.866025403784439,820000.0,,2019-12-31T03:00:00,1201858000.0,912104000.0,2076423000.0,800377000.0,100320000.0,196971000.0,766466000.0,3369173000.0,1038687000.0,12.0,2330486000.0,1996.0,Acima de 17 anos,330742994.0,True,False,0.0,115027728.0,2020-10-06T15:28:17
5386,5459,Brett Wheeler,Mrs. Olivia Jones,EAVH61041912610280,16,0.0,,2018-08-27T17:19:41,0,0.0,300000.0,AprovadoAnalista,De 31 a 50 % - Médio,0.6607142857142857,0.3392857142857142,0.0454687138890168,300000.0,,2019-12-31T03:00:00,1201858000.0,912104000.0,2076423000.0,800377000.0,100320000.0,1969710000.0,766466000.0,3369173000.0,1038687000.0,12.0,2330486000.0,2007.0,De 11 a 16 anos,330742994.0,True,False,0.0,115027728.0,2020-10-06T15:37:09
5393,5466,Melanie Burgess-Thompson,Aimee Wallace,GPOS69419073269477,21,0.6084583902,0.0,2013-01-28T00:00:00,0,0.0,50000.0,AprovadoAnalista,De 31 a 50 % - Médio,0.5535714285714285,0.4464285714285714,0.866025403784439,25000.0,,,,,,,,,,9983844.0,0.0,7.0,0.0,1997.0,Acima de 17 anos,80000.0,False,True,1.0,122100.0,2020-10-06T15:42:02
5405,5478,William Simmons-Matthews,Dr. Marian Smith,UVYL53105358785066,20,0.5167641478,0.0,2010-06-22T00:00:00,12,14578.2,100000.0,AprovadoAnalista,De 31 a 50 % - Médio,0.5714285714285714,0.4285714285714285,-0.949739123780773,50000.0,,2019-09-30T03:00:00,1295892.0,2326535.0,2776167.0,-399327.0,890000.0,1546159.0,1076953.0,6875327.0,2874967.0,12.0,4000360.0,2007.0,De 11 a 16 anos,250000.0,False,False,0.7515371717,71200.0,2020-10-07T12:19:36
5406,5479,Harriet Smith,Miss Joan Wood,GMOJ17978101331693,68,0.0,,2019-02-22T17:11:16,0,0.0,50000.0,AprovadoAnalista,De 31 a 50 % - Médio,0.625,0.375,0.866025403784439,50000.0,,2019-12-31T00:00:00,108837000.0,69315000.0,172351000.0,71344000.0,55900000.0,42297000.0,40597000.0,289845000.0,123201000.0,12.0,166644000.0,2000.0,Acima de 17 anos,211727313.0,True,False,0.0,3050463.0,2020-10-07T12:46:01
5407,5480,Rita Webb,Dr. Cameron Savage,OESQ40226732815159,19,0.4700791329,0.0,2017-10-13T00:00:00,0,0.0,10000.0,AprovadoAnalista,De 31 a 50 % - Médio,0.5714285714285714,0.4285714285714285,0.390259682734039,10000.0,,,,,,,,,,769536.0,0.0,12.0,0.0,2009.0,De 11 a 16 anos,15000.0,True,False,0.6666666667,1320.0,2020-10-07T12:22:18
5425,5498,Mr. George Khan,Ms. Kirsty Powell,OEVH87729110003036,18,0.5940987451,0.0,2017-09-13T00:00:00,0,0.0,10000.0,ReprovadoAnalista,De 31 a 50 % - Médio,0.5,0.4999999999999999,0.866025403784439,,,2018-12-31T00:00:00,0.0,0.0,0.0,0.0,0.0,0.0,0.0,705892.0,0.0,12.0,0.0,2013.0,De 6 a 10 anos,110000.0,False,True,1.0,3960.0,
5429,5502,Clive Harvey,Dr. Brian Bryan,CRBJ02558207289280,23,0.6370290539,0.0,2018-09-11T00:00:00,68,5735.78,60000.0,AprovadoAnalista,De 31 a 50 % - Médio,0.6785714285714285,0.3214285714285714,0.0,20000.0,,2019-12-31T03:00:00,14848789.0,34265330.0,40387638.0,-47961577.0,7903872.0,4909700.0,7611326.0,44678633.0,26181996.0,12.0,18496637.0,1984.0,Acima de 17 anos,20000.0,False,False,1.0,585386.0,2020-10-07T17:54:33
5438,5511,Ms. Nicole Webb,Jay Russell,RNVV51983315806829,62,0.6189278945,0.0,2017-11-30T00:00:00,80,34503.01,75000.0,AprovadoAnalista,De 31 a 50 % - Médio,0.6607142857142857,0.3392857142857142,0.991428482966664,35000.0,,2019-12-31T03:00:00,6984429.0,715860.0,6984088.0,6268227.0,0.0,0.0,2246701.0,2513236.0,2511810.0,12.0,1426.0,2012.0,De 6 a 10 anos,300000.0,False,True,0.8464687728,720.0,2020-10-07T20:09:23
5439,5512,Brandon Gibson,Mr. Jay Robinson,DHKX11065563698087,0,0.0,,2020-07-27T11:04:27,0,0.0,40000.0,AprovadoAnalista,De 31 a 50 % - Médio,0.6785714285714285,0.3214285714285714,0.0,10000.0,,2019-12-31T00:00:00,117569.0,43997.0,171922.0,127924.0,0.0,0.0,0.0,56075.0,32570.0,12.0,23505.0,2019.0,De 0 a 5 anos,100000.0,False,True,0.0,2220.0,2020-10-08T15:11:29
5442,5515,Stanley Walker,Mary Harrison,TKER72373391424695,107,0.6087450151,0.0,2016-06-15T00:00:00,35,29100.0,20000.0,AprovadoAnalista,De 31 a 50 % - Médio,0.5535714285714285,0.4464285714285714,0.999924122550094,20000.0,,,,,,,,,,7538965.0,0.0,12.0,0.0,2009.0,De 11 a 16 anos,300000.0,False,True,0.6949513444,360591.0,2020-10-08T15:16:20
5446,5519,Georgina Jones,Miss Mandy Richardson,XXRX08234268465430,11,0.3860957805,0.0,2017-06-13T00:00:00,52,152036.56,350000.0,AprovadoAnalista,De 31 a 50 % - Médio,0.6428571428571428,0.3571428571428571,-0.866025403784439,350000.0,,2020-03-31T03:00:00,3660133.0,1639545.0,3760269.0,715396.0,0.0,2064673.0,705491.0,11392268.0,5750844.0,3.0,5641424.0,2016.0,De 0 a 5 anos,200000.0,False,True,0.9263336881,160200.0,2020-10-08T15:20:37
5447,5520,Mr. Bryan Sykes,Denise Shaw-Jordan,TJKX86388200010319,9,0.0,,2019-12-16T11:54:19,0,0.0,1000000.0,AprovadoAnalista,De 31 a 50 % - Médio,0.6607142857142857,0.3392857142857142,0.0,1000000.0,,2019-12-31T03:00:00,293402000.0,187575000.0,386929000.0,164778000.0,48351000.0,127328000.0,91390000.0,671575000.0,188107000.0,12.0,483468000.0,2009.0,De 11 a 16 anos,290536290.0,True,False,0.0,23830848.0,2020-10-08T15:26:35
5448,5521,Douglas Wong,Mathew Watson,JPXB50512133545813,5,0.6049918771,0.0,2010-02-03T00:00:00,0,0.0,40000.0,AprovadoAnalista,De 31 a 50 % - Médio,0.6607142857142857,0.3392857142857142,0.0,40000.0,,,,,,,,,,265695982.0,0.0,12.0,0.0,1978.0,Acima de 17 anos,17697838.0,True,False,1.0,123974.0,2020-10-08T15:28:08
5459,5532,Margaret Watts-Marsh,Callum Smith,QDZV25985706893081,102,0.3880913642,0.0,2013-01-30T00:00:00,0,0.0,8000.0,ReprovadoAnalista,De 31 a 50 % - Médio,0.5178571428571428,0.4821428571428571,0.306621246718822,,,2019-12-31T00:00:00,0.0,0.0,0.0,0.0,0.0,0.0,0.0,1560008.0,0.0,12.0,0.0,2012.0,De 6 a 10 anos,10000.0,True,True,0.6372040242,8100.0,
5460,5533,Margaret Watts-Marsh,Callum Smith,QDZV25985706893081,102,0.3880913642,0.0,2013-01-30T00:00:00,0,0.0,8000.0,ReprovadoAnalista,De 31 a 50 % - Médio,0.5178571428571428,0.4821428571428571,0.306621246718822,,,2019-12-31T00:00:00,0.0,0.0,0.0,0.0,0.0,0.0,0.0,1560008.0,0.0,12.0,0.0,2012.0,De 6 a 10 anos,10000.0,True,True,0.6372040242,8100.0,
5461,5534,Stanley Walker,Mary Harrison,TKER72373391424695,107,0.6087450151,0.0,2016-06-15T00:00:00,35,29100.0,30000.0,AprovadoAnalista,De 31 a 50 % - Médio,0.5535714285714285,0.4464285714285714,0.999924122550094,30000.0,,,,,,,,,,7538965.0,0.0,12.0,0.0,2009.0,De 11 a 16 anos,300000.0,False,True,0.6949513444,360591.0,2020-10-08T18:38:23
5462,5535,Leah Weston,Dr. Janice Moss,FBST84121362181188,4,0.5579184862,0.0,2019-07-31T00:00:00,22,4580.0,60000.0,AprovadoAnalista,De 31 a 50 % - Médio,0.625,0.375,0.0,40000.0,,2020-07-31T03:00:00,1787886.0,1381040.0,2035181.0,79991.0,750252.0,2285085.0,348968.0,826219.0,127555.0,7.0,698664.0,1998.0,Acima de 17 anos,2985000.0,False,True,1.0,302602.0,2020-10-08T18:42:18
5465,5538,Jamie Gregory-Rees,Joel Evans,SXQL48789557445419,16,0.6387542857,0.0,2018-07-25T00:00:00,23,7000.0,40000.0,AprovadoAnalista,De 31 a 50 % - Médio,0.6607142857142857,0.3392857142857142,0.866025403784439,25000.0,,,,,,,,,,1913693.0,0.0,12.0,0.0,1987.0,Acima de 17 anos,300000.0,False,False,1.0,138000.0,2020-10-08T18:51:22
5471,5544,Ms. Margaret Skinner,Connor Barker-Taylor,AWJU62480001134871,13,0.4471301007,0.0,2018-11-27T00:00:00,0,0.0,15500.0,AprovadoAnalista,De 31 a 50 % - Médio,0.5714285714285714,0.4285714285714285,0.644695757609833,15000.0,,2019-12-31T00:00:00,0.0,0.0,0.0,0.0,0.0,0.0,0.0,950683.0,950683.0,4.0,0.0,2018.0,De 0 a 5 anos,300000.0,False,False,0.2089595166,1695.0,2020-10-08T20:03:57
5473,5546,Sally Webb,Jake Bradley,ZWOS42831289410220,21,0.5901884653,0.0,2013-08-28T00:00:00,73,100079.0,161700.0,AprovadoAnalista,De 31 a 50 % - Médio,0.6785714285714285,0.3214285714285714,-0.957872287197187,161700.0,,2020-06-01T06:00:00,10515222.0,10804173.0,11091910.0,-1329147.0,2308436.0,3821183.0,4852952.0,22100381.0,3353922.0,6.0,18746459.0,1998.0,Acima de 17 anos,20000.0,False,False,0.9346827615,480600.0,2020-10-08T20:30:09
5482,5555,Malcolm Rahman,Margaret Jones,JMSC79005406105837,29,0.3969189612,0.0,2019-03-19T00:00:00,0,28978.33,70000.0,AprovadoAnalista,De 31 a 50 % - Médio,0.6428571428571428,0.3571428571428571,0.866025403784439,70000.0,,2019-12-31T03:00:00,4812808.0,3497282.0,4881441.0,1384159.0,432117.0,1483296.0,3158029.0,15541875.0,4882386.0,12.0,10659489.0,2016.0,De 0 a 5 anos,100000.0,False,False,1.0,47746.0,2020-10-09T16:49:19
5483,5556,Ronald Thompson-Clark,Ms. Rita Butler,GYCY12231188637749,0,0.0,,2015-09-17T09:43:02,0,0.0,20000.0,AprovadoAnalista,De 31 a 50 % - Médio,0.5714285714285714,0.4285714285714285,0.0,10000.0,,2020-07-31T00:00:00,836745.0,139713.0,836745.0,337906.0,39500.0,0.0,410922.0,545226.0,544176.0,12.0,1050.0,2015.0,De 0 a 5 anos,100000.0,False,True,0.0,7040.0,2020-10-09T16:58:59
5488,5561,Clifford Moore-Carter,Dr. Albert Saunders,QPPE51821908853748,0,0.0,,2018-05-21T10:33:55,0,0.0,10000.0,AprovadoAnalista,De 31 a 50 % - Médio,0.6785714285714285,0.3214285714285714,0.0,10000.0,,,,,,,,,,1761570.0,0.0,12.0,0.0,2017.0,De 0 a 5 anos,100000.0,False,True,0.0,5280.0,2020-10-09T18:05:37
5489,5562,Phillip Barber,Paula Bennett,LPFJ21465680706778,3,0.4121689535,0.0,2017-11-10T00:00:00,37,17996.78,30000.0,ReprovadoAnalista,De 31 a 50 % - Médio,0.5535714285714285,0.4464285714285714,0.0,,,,,,,,,,,1183599.0,0.0,12.0,0.0,2017.0,De 0 a 5 anos,130000.0,True,False,1.0,2640.0,
5496,5569,Justin Moore,Elliot Welch,HBBY23279208444554,6,0.0,,2019-11-26T16:03:46,0,0.0,15000.0,AprovadoAnalista,De 31 a 50 % - Médio,0.6428571428571428,0.3571428571428571,0.0,10000.0,,,,,,,,,,218262.0,0.0,5.0,0.0,2019.0,De 0 a 5 anos,20000.0,False,False,0.0,3240.0,2020-10-13T14:05:01
5504,5577,Miss Jennifer Walsh,Ms. Kate Forster,AADW74046123201866,13,0.4075752116,0.0,2018-01-30T00:00:00,0,12780.0,48000.0,AprovadoAnalista,De 31 a 50 % - Médio,0.5892857142857142,0.4107142857142857,0.866025403784439,48000.0,,,,,,,,,,1785326.0,0.0,6.0,0.0,2015.0,De 0 a 5 anos,60000.0,False,False,1.0,51600.0,2020-10-13T18:41:45
5505,5578,Mary Davis,Jay Hurst,XPVZ80447104399027,3,0.5261150209,0.0,2019-04-26T00:00:00,23,20471.75,37000.0,AprovadoAnalista,De 31 a 50 % - Médio,0.6428571428571428,0.3571428571428571,0.0,37000.0,,2020-06-30T00:00:00,1516105.0,590467.0,1550493.0,52659.0,164000.0,0.0,922281.0,1005925.0,843061.0,6.0,162864.0,2018.0,De 0 a 5 anos,100000.0,False,True,1.0,39600.0,2020-10-13T18:51:00
5507,5580,Phillip Barber,Paula Bennett,LPFJ21465680706778,3,0.4121689535,0.0,2017-11-10T00:00:00,37,17996.78,30000.0,AprovadoAnalista,De 31 a 50 % - Médio,0.5535714285714285,0.4464285714285714,0.0,25000.0,,,,,,,,,,1183599.0,0.0,12.0,0.0,2017.0,De 0 a 5 anos,130000.0,True,False,1.0,2640.0,2020-10-13T18:54:29
5509,5582,Simon Quinn-Robinson,Arthur Kent-Owen,LBFH59633201666885,0,0.5385534141,0.0,2020-08-10T00:00:00,18,3256.91,20000.0,AprovadoAnalista,De 31 a 50 % - Médio,0.6785714285714285,0.3214285714285714,0.0,5000.0,,,,,,,,,,356403.0,0.0,8.0,0.0,2020.0,De 0 a 5 anos,10000.0,False,False,1.0,24300.0,2020-10-13T19:15:33
5511,5584,Jamie Garner-Brown,Brett Johnston,CNZD19216323131905,6,0.6438311032,0.0,2018-02-19T00:00:00,46,13480.0,47500.0,AprovadoAnalista,De 31 a 50 % - Médio,0.6428571428571428,0.3571428571428571,-0.0,35000.0,,,,,,,,,,1339251.0,0.0,12.0,0.0,2010.0,De 6 a 10 anos,500000.0,False,True,1.0,43200.0,2020-10-13T19:18:58
5512,5585,Ashleigh Brown-Harrison,Ms. Debra Leach,HUJZ10998040233700,3,0.4444104952,0.0,2019-03-28T00:00:00,2,3310.89,150000.0,AprovadoAnalista,De 31 a 50 % - Médio,0.5,0.4999999999999999,0.0,120000.0,,2020-03-31T03:00:00,11966679.0,3952216.0,12139199.0,7455030.0,1000000.0,4465307.0,5389317.0,8930896.0,3004491.0,3.0,5926405.0,2017.0,De 0 a 5 anos,300000.0,True,True,1.0,0.0,2020-10-13T19:17:23
5514,5587,Duncan Walker,Brenda Carter,GPZV71762661909044,0,0.4563209877,0.0,2020-09-23T00:00:00,0,0.0,10000.0,ReprovadoAnalista,De 31 a 50 % - Médio,0.6428571428571428,0.3571428571428571,0.0,,,2019-12-31T00:00:00,773679.0,343781.0,903599.0,414568.0,66091.0,672546.0,313537.0,625698.0,262793.0,12.0,362905.0,2010.0,De 6 a 10 anos,105000.0,True,True,1.0,0.0,
5516,5589,Ross Griffin-Richardson,Edward Griffiths-Naylor,MJZB11937651272690,0,0.5611879619,0.0,2019-05-06T00:00:00,13,1220.0,30000.0,AprovadoAnalista,De 31 a 50 % - Médio,0.6071428571428571,0.3928571428571428,0.0,20000.0,,2019-08-31T00:00:00,887585.0,504584.0,892311.0,-10042.0,0.0,0.0,72024.0,532926.0,532926.0,8.0,0.0,2017.0,De 0 a 5 anos,100000.0,False,False,1.0,46200.0,2020-10-14T11:13:15
5519,5592,Mrs. Melissa Smith,Ryan Andrews-Turner,FVRT37108807539023,50,0.5448893773,0.0,2017-01-24T00:00:00,41,34125.0,50000.0,AprovadoAnalista,De 31 a 50 % - Médio,0.6071428571428571,0.3928571428571428,0.849612669466742,50000.0,,2019-12-31T00:00:00,3611685.0,549629.0,4100394.0,3455762.0,95525.0,1188080.0,962252.0,5903213.0,1979506.0,12.0,3923707.0,2017.0,De 0 a 5 anos,300000.0,False,False,0.7653142544,202492.0,2020-10-14T11:44:47
5523,5596,Dr. Rita Robinson,Elaine Hawkins,OKRW24435138073897,79,0.4123809234,0.0,2006-01-23T00:00:00,51,788908.66,800000.0,AprovadoComite,De 31 a 50 % - Médio,0.6607142857142857,0.3392857142857142,0.768394914892389,800000.0,2020-10-14T18:02:14,2020-09-30T03:00:00,136635000.0,117181000.0,229560000.0,76345000.0,49647000.0,49964000.0,22124000.0,161905000.0,26797000.0,9.0,135108000.0,1991.0,Acima de 17 anos,69000000.0,True,False,0.9999818961,0.0,
5530,5603,Kayleigh Saunders,Josephine Webb,AXWP77730743321841,18,0.3756458677,0.0,2009-12-15T00:00:00,0,0.0,35000.0,AprovadoAnalista,De 31 a 50 % - Médio,0.5714285714285714,0.4285714285714285,-0.866025403784439,35000.0,,,,,,,,,,1258768.0,0.0,12.0,0.0,2001.0,Acima de 17 anos,80000.0,False,True,1.0,12420.0,2020-10-14T14:31:59
5532,5605,Marc Thompson,Jack Ellis-Hawkins,OPER95401723782708,8,0.428657209,0.0,2020-05-25T00:00:00,6,28862.81,120000.0,AprovadoAnalista,De 31 a 50 % - Médio,0.6428571428571428,0.3571428571428571,0.0,65000.0,,2020-07-31T00:00:00,1371965.0,326598.0,1371965.0,1045366.0,0.0,12023.0,84974.0,1881447.0,1423064.0,7.0,458383.0,2019.0,De 0 a 5 anos,150000.0,False,True,1.0,2640.0,2020-10-14T14:40:54
5534,5607,Teresa Smith,Toby Chambers,ADUP83414500874428,18,0.471510625,0.0,2018-07-06T00:00:00,29,35833.49,80000.0,AprovadoAnalista,De 31 a 50 % - Médio,0.6071428571428571,0.3928571428571428,0.866025403784439,80000.0,,2019-06-30T03:00:00,3147040.0,1313504.0,3340580.0,1452507.0,229848.0,2379793.0,440105.0,13839428.0,0.0,6.0,0.0,2014.0,De 6 a 10 anos,103900.0,False,True,1.0,116100.0,2020-10-14T14:43:29
5537,5610,Graham Harvey,Mr. Leon Wilkinson,AYLA06199962278666,105,0.2730283729,0.0,2007-02-05T00:00:00,11,2040.0,30000.0,AprovadoAnalista,De 31 a 50 % - Médio,0.6428571428571428,0.3571428571428571,0.980137658099318,25000.0,,2020-06-30T00:00:00,5608271.0,2396177.0,7172311.0,1315495.0,0.0,96087.0,5313070.0,4527198.0,4525782.0,6.0,1416.0,2006.0,De 11 a 16 anos,500000.0,False,True,0.9801490393,5200.0,2020-10-14T14:47:09
5539,5612,Barry Townsend,Yvonne Dixon,BMRG25491738276751,5,0.0,,2020-05-28T13:52:09,0,0.0,15000.0,AprovadoAnalista,De 31 a 50 % - Médio,0.5714285714285714,0.4285714285714285,0.0,5000.0,,,,,,,,,,668328.0,0.0,12.0,0.0,2011.0,De 6 a 10 anos,10000.0,False,True,0.0,3330.0,2020-10-14T14:32:54
5544,5617,Douglas Parker,Gillian Mason,BWJA72636159902734,9,0.4325313281,0.0,2016-10-07T00:00:00,0,0.0,70000.0,AprovadoAnalista,De 31 a 50 % - Médio,0.6428571428571428,0.3571428571428571,0.866025403784439,10000.0,,,,,,,,,,1469048.0,635444.0,12.0,833604.0,2009.0,De 11 a 16 anos,30000.0,False,False,1.0,48622.0,2020-10-14T15:59:14
5545,5618,Suzanne Smith,Marian Day,AVAO63044598911311,14,0.5650457739,0.0,2019-12-17T00:00:00,42,118195.87,190000.0,AprovadoAnalista,De 31 a 50 % - Médio,0.6428571428571428,0.3571428571428571,0.0,190000.0,,2019-12-31T03:00:00,40147679.0,40222591.0,56028277.0,15136282.0,15775862.0,14799137.0,23664583.0,120776175.0,33545891.0,12.0,87230284.0,2004.0,De 11 a 16 anos,3000000.0,False,True,1.0,4670447.0,2020-10-14T16:02:34
5553,5626,Suzanne Smith,Marian Day,AVAO63044598911311,14,0.5650457739,0.0,2019-12-17T00:00:00,42,118195.87,211000.0,AprovadoAnalista,De 31 a 50 % - Médio,0.6428571428571428,0.3571428571428571,0.0,211000.0,,2019-12-31T03:00:00,40147679.0,40222591.0,56028277.0,15136282.0,15775862.0,14799137.0,23664583.0,120776175.0,33545891.0,12.0,87230284.0,2004.0,De 11 a 16 anos,3000000.0,False,True,1.0,4670447.0,2020-10-14T19:00:06
5559,5632,Mr. George Khan,Ms. Kirsty Powell,OEVH87729110003036,18,0.5940987451,0.0,2017-09-13T00:00:00,0,0.0,10000.0,ReprovadoAnalista,De 31 a 50 % - Médio,0.5,0.4999999999999999,0.866025403784439,,,2018-12-31T00:00:00,0.0,0.0,0.0,0.0,0.0,0.0,0.0,705892.0,0.0,12.0,0.0,2013.0,De 6 a 10 anos,110000.0,False,True,1.0,3960.0,
5561,5634,Jack Cross,Mr. Liam Power,GQVS98343585319439,0,0.0,0.0,,0,0.0,30000.0,ReprovadoAnalista,De 31 a 50 % - Médio,0.625,0.375,0.0,,,,,,,,,,,3775000.0,0.0,12.0,0.0,2018.0,De 0 a 5 anos,150000.0,False,True,0.0,9913.0,
5566,5639,Mr. Kevin Clark,Mr. Brandon Davies,GSHZ23277827583812,6,0.4315224568,0.0,2017-01-19T00:00:00,42,41017.32,100000.0,AprovadoAnalista,De 31 a 50 % - Médio,0.6785714285714285,0.3214285714285714,-0.109207810966819,100000.0,,2020-03-31T03:00:00,1755916.0,1506236.0,1843983.0,12774.0,0.0,847958.0,685781.0,1792089.0,717666.0,3.0,1074423.0,2016.0,De 0 a 5 anos,850000.0,False,False,0.8210720736,89100.0,2020-10-15T14:07:28
5567,5640,Dr. Katy Campbell,Charles Harvey,EPTF32156145712225,0,0.4420691703,0.0,2020-04-07T00:00:00,0,3302.2,20000.0,AprovadoAnalista,De 31 a 50 % - Médio,0.6428571428571428,0.3571428571428571,0.0,15000.0,,,,,,,,,,6800762.0,0.0,12.0,0.0,2017.0,De 0 a 5 anos,88000.0,False,True,1.0,75900.0,2020-10-15T14:08:44
5569,5642,Jessica Anderson-Fuller,Mrs. Frances Buckley,HZJB07110281971580,3,0.4418016071,0.0,2019-09-26T00:00:00,21,1839.95,20000.0,AprovadoAnalista,De 31 a 50 % - Médio,0.5357142857142857,0.4642857142857142,0.0,10000.0,,,,,,,,,,806670.0,0.0,12.0,0.0,2019.0,De 0 a 5 anos,99800.0,False,True,1.0,35200.0,2020-10-15T14:14:29
5575,5648,Ms. Jane Bentley,Louis Stevens,YWIC65107694216011,3,0.3570699771,0.0,2018-03-13T00:00:00,0,0.0,30000.0,AprovadoAnalista,De 31 a 50 % - Médio,0.6607142857142857,0.3392857142857142,0.0,30000.0,,,,,,,,,,2105361.0,0.0,6.0,0.0,2017.0,De 0 a 5 anos,1500.0,True,False,1.0,7040.0,2020-10-15T14:17:31
5577,5650,Andrea Donnelly,Liam Harper,YUOY26007213593673,6,0.0,,2019-07-03T15:15:39,0,0.0,15000.0,ReprovadoAnalista,De 31 a 50 % - Médio,0.5357142857142857,0.4642857142857142,0.0,,,,,,,,,,,212634.0,0.0,12.0,0.0,2018.0,De 0 a 5 anos,50000.0,False,False,0.0,1320.0,
5580,5653,Dr. Sophie Lowe,Dr. Vincent Forster,PEZH05055574836481,0,0.4445424059,0.0,2020-09-21T00:00:00,0,0.0,30000.0,AprovadoAnalista,De 31 a 50 % - Médio,0.6785714285714285,0.3214285714285714,0.0,15000.0,,,,,,,,,,33272317.0,0.0,10.0,0.0,2019.0,De 0 a 5 anos,100000.0,False,True,1.0,8100.0,2020-10-15T17:39:37
5586,5659,Abdul West-Goddard,Joseph Lee,HYNB58011790687263,5,0.1565259963,0.0,2018-10-29T00:00:00,0,0.0,150000.0,AprovadoAnalista,De 31 a 50 % - Médio,0.5357142857142857,0.4642857142857142,0.0,150000.0,,2019-12-31T03:00:00,3212470.0,2344435.0,3214239.0,479891.0,389912.0,1643090.0,235961.0,11085102.0,2296114.0,12.0,8788988.0,2017.0,De 0 a 5 anos,100000.0,True,True,1.0,0.0,2020-10-15T19:53:12
5587,5660,Nicola Turnbull,Hazel Dennis,XYOK79084874197647,3,0.2994522306,0.0,2018-10-10T00:00:00,0,0.0,10000.0,AprovadoAnalista,De 31 a 50 % - Médio,0.5357142857142857,0.4642857142857142,0.0,5000.0,,,,,,,,,,64442.0,0.0,12.0,0.0,2017.0,De 0 a 5 anos,94000.0,False,True,1.0,2640.0,2020-10-15T20:09:53
5591,5664,Kelly Baxter,Dr. Pauline Stewart,ZFKA70203512888324,4,0.3569211716,0.0,2019-02-06T00:00:00,15,43239.01,100000.0,AprovadoAnalista,De 31 a 50 % - Médio,0.6607142857142857,0.3392857142857142,0.866025403784439,100000.0,,2019-12-31T03:00:00,6920082.0,1341783.0,7158052.0,4571225.0,330348.0,2762682.0,1447380.0,4013625.0,2213421.0,12.0,1800204.0,2017.0,De 0 a 5 anos,100000.0,False,True,1.0,59400.0,2020-10-15T21:19:13
5592,5665,Natalie Allen-Davies,Brandon Davies,BUNK47917149545751,19,0.3628337579,0.0,2017-09-25T00:00:00,82,13646.0,20000.0,AprovadoAnalista,De 31 a 50 % - Médio,0.5535714285714285,0.4464285714285714,0.999808283449608,20000.0,,,,,,,,,,2638700.0,0.0,12.0,0.0,2000.0,Acima de 17 anos,100000.0,False,True,1.0,24300.0,2020-10-15T21:19:45
5597,5670,Jack Hutchinson-Anderson,Andrew Allen,QAQG50076937897035,7,0.4803002407,0.0,2019-01-07T00:00:00,21,9000.0,10000.0,AprovadoAnalista,De 31 a 50 % - Médio,0.6428571428571428,0.3571428571428571,0.0,10000.0,,,,,,,,,,593353.0,0.0,12.0,0.0,2018.0,De 0 a 5 anos,140000.0,False,False,1.0,14520.0,2020-10-16T14:26:36
5598,5671,Brenda Clarke,Dr. Mohamed Phillips,APRH60376910869961,36,0.5048304899,0.0,2011-10-14T00:00:00,48,95983.74,150000.0,AprovadoAnalista,De 31 a 50 % - Médio,0.6428571428571428,0.3571428571428571,0.0,120000.0,,2019-12-31T03:00:00,914942.0,355509.0,922394.0,71052.0,495833.0,497220.0,103615.0,3320956.0,3085470.0,12.0,235486.0,2010.0,De 6 a 10 anos,50000.0,False,True,1.0,280500.0,2020-10-16T14:29:00
5599,5672,Charlene Khan,Dr. Mohamed Phillips,QMBA55941613517601,0,0.5150166153,0.0,2019-02-06T00:00:00,20,5040.0,30000.0,AprovadoAnalista,De 31 a 50 % - Médio,0.5892857142857142,0.4107142857142857,0.0,25000.0,,2019-12-31T00:00:00,955332.0,122626.0,1451165.0,1328538.0,0.0,93030.0,955332.0,1242302.0,372399.0,12.0,869903.0,2016.0,De 0 a 5 anos,30000.0,False,True,1.0,13200.0,2020-10-16T17:46:56
5603,5676,Keith Jones,Steven Kennedy-Jones,BRJP37453437154592,11,0.4240991321,0.0,2011-08-10T00:00:00,31,559679.98,970000.0,AprovadoComite,De 31 a 50 % - Médio,0.6071428571428571,0.3928571428571428,0.704535657259457,806000.0,2020-10-16T18:22:40,2019-12-31T06:00:00,286103378.0,249608297.0,351771624.0,-57879850.0,26143834.0,243889091.0,36182702.0,650654398.0,374326730.0,12.0,276327668.0,2008.0,De 11 a 16 anos,1500000.0,False,False,0.9947858507,9288000.0,
5605,5678,Miss Janet Stanley,Mandy Gordon,GBVU36208579018512,19,0.0,,2016-12-05T14:33:43,0,0.0,20000.0,AprovadoAnalista,De 31 a 50 % - Médio,0.6071428571428571,0.3928571428571428,0.93678791459104,20000.0,,2018-12-31T00:00:00,0.0,0.0,0.0,0.0,0.0,0.0,0.0,5880123.0,0.0,12.0,0.0,2004.0,De 11 a 16 anos,200000.0,False,True,0.0,38700.0,2020-10-16T18:32:13
5609,5682,Gail Johnson,Mrs. Michelle Stephens,OBEQ26208703307048,33,0.3416102163,0.0,2016-06-24T00:00:00,0,533.34,20000.0,ReprovadoAnalista,De 31 a 50 % - Médio,0.5,0.4999999999999999,-0.994088444279126,,,2019-12-31T00:00:00,990510.0,772766.0,1136709.0,413943.0,4261.0,251942.0,448426.0,227917.0,22861.0,12.0,205056.0,2011.0,De 6 a 10 anos,50000.0,False,True,0.8659347423,3330.0,
5618,5691,Jacob Stevens,Dr. Sally Armstrong,BCZF53441107186270,3,0.3931472245,0.0,2019-02-19T00:00:00,0,0.0,50000.0,AprovadoAnalista,De 31 a 50 % - Médio,0.6428571428571428,0.3571428571428571,0.0,50000.0,,,,,,,,,,1403166.0,0.0,6.0,0.0,2016.0,De 0 a 5 anos,100000.0,False,True,1.0,161000.0,2020-10-16T18:35:48
5620,5693,Leigh Taylor,Mrs. Janet Higgins,TENN67023289154724,6,0.4862709731,0.0,2017-07-11T00:00:00,30,12150.36,125000.0,AprovadoAnalista,De 31 a 50 % - Médio,0.5892857142857142,0.4107142857142857,0.0,50000.0,,2018-12-31T02:00:00,0.0,0.0,0.0,0.0,0.0,0.0,0.0,5902872.0,0.0,12.0,0.0,2017.0,De 0 a 5 anos,20000.0,False,True,1.0,6660.0,2020-10-16T19:13:19
5622,5695,Mary Davis,Jay Hurst,XPVZ80447104399027,3,0.5261150209,0.0,2019-04-26T00:00:00,23,20471.75,47000.0,AprovadoAnalista,De 31 a 50 % - Médio,0.6428571428571428,0.3571428571428571,0.0,47000.0,,2020-06-30T00:00:00,1516105.0,590467.0,1550493.0,52659.0,164000.0,0.0,922281.0,1005925.0,843061.0,6.0,162864.0,2018.0,De 0 a 5 anos,100000.0,False,True,1.0,46200.0,2020-10-16T19:51:43
5623,5696,Dr. Dennis Patel,Jacqueline Morley,VXXJ91966047186783,7,0.500953551,0.0,2018-07-17T00:00:00,0,0.0,20000.0,AprovadoAnalista,De 31 a 50 % - Médio,0.6428571428571428,0.3571428571428571,0.0,20000.0,,,,,,,,,,2240061.0,0.0,12.0,0.0,2018.0,De 0 a 5 anos,20000.0,False,False,1.0,25200.0,2020-10-16T19:48:26
5627,5700,Rosie Wood,Teresa Ward,BEEW86878623980476,28,0.0,,2018-09-18T13:57:01,0,0.0,50000.0,AprovadoAnalista,De 31 a 50 % - Médio,0.6785714285714285,0.3214285714285714,0.866025403784439,20000.0,,2018-12-31T00:00:00,0.0,0.0,0.0,0.0,0.0,0.0,0.0,518938.0,0.0,3.0,0.0,2017.0,De 0 a 5 anos,93700.0,False,False,0.0,5760.0,2020-10-19T13:07:48
5630,5703,Mr. Joe Bennett,Mohammed Moore,DMQN53060099169512,6,0.4361733765,0.0,2020-01-14T00:00:00,24,1250.1,60000.0,ReprovadoAnalista,De 31 a 50 % - Médio,0.6428571428571428,0.3571428571428571,0.0,,,2019-12-31T03:00:00,98500.0,0.0,98500.0,98500.0,0.0,0.0,95000.0,0.0,0.0,1.0,0.0,2019.0,De 0 a 5 anos,100000.0,False,True,1.0,1920.0,
5631,5704,Stuart Hudson,Paula Davis,XVOQ45449373874152,17,0.3124376712,0.0,2017-11-03T00:00:00,0,0.0,10000.0,AprovadoAnalista,De 31 a 50 % - Médio,0.5535714285714285,0.4464285714285714,0.866025403784439,5000.0,,,,,,,,,,730153.0,0.0,12.0,0.0,2004.0,De 11 a 16 anos,30000.0,False,False,1.0,8100.0,2020-10-19T13:13:35
5633,5706,Russell Ball,Katy Reynolds,BZGX33812646651601,0,0.4310526723,0.0,2020-04-03T00:00:00,0,0.0,5000.0,AprovadoAnalista,De 31 a 50 % - Médio,0.6428571428571428,0.3571428571428571,0.0,5000.0,,,,,,,,,,2198794.0,0.0,12.0,0.0,2016.0,De 0 a 5 anos,90000.0,False,True,1.0,19800.0,2020-10-19T14:37:48
5634,5707,Sian Higgins,Lindsey Daniels-Scott,DXOR49994053124587,3,0.4380159577,0.0,2019-02-19T00:00:00,6,10644.89,25000.0,AprovadoAnalista,De 31 a 50 % - Médio,0.6428571428571428,0.3571428571428571,0.0,15000.0,,2019-12-30T00:00:00,193134.0,76817.0,193134.0,116316.0,0.0,0.0,126020.0,866601.0,364299.0,12.0,502302.0,2018.0,De 0 a 5 anos,0.0,False,True,1.0,1963.0,2020-10-19T14:46:59
5641,5714,Amber Evans,Jennifer Little-Allan,HHDV87070786136116,8,0.5741542772,0.0,2016-04-15T00:00:00,3,40293.08,2500000.0,AprovadoAnalista,De 31 a 50 % - Médio,0.6428571428571428,0.3571428571428571,0.876721752370822,2500000.0,,2019-12-31T03:00:00,52193824.0,54522992.0,56131518.0,1000000.0,608525.0,22968974.0,18059824.0,199951733.0,-614872100.0,12.0,814823833.0,2015.0,De 0 a 5 anos,1000000.0,False,True,0.9967354229,12342768.0,2020-10-19T15:04:26
5648,5721,Sophie Williams-Craig,Mr. Guy Lamb,AMVK70950785139481,9,0.6533681481,0.0,2017-04-26T00:00:00,723,513580.14,900000.0,AprovadoAnalista,De 31 a 50 % - Médio,0.5357142857142857,0.4642857142857142,0.98453788288906,900000.0,,2019-12-31T03:00:00,14534249.0,12160819.0,22560504.0,10399685.0,7603324.0,7760018.0,5648647.0,56858056.0,24111638.0,12.0,32746418.0,2015.0,De 0 a 5 anos,99800.0,False,True,0.9861354842,1309856.0,2020-10-19T17:59:55
5652,5725,Vincent Green,Henry White,BXBG58832105546134,5,0.5630928823,0.0,2019-05-31T00:00:00,3,55199.84,50000.0,AprovadoAnalista,De 31 a 50 % - Médio,0.6428571428571428,0.3571428571428571,0.0,60000.0,,,,,,,,,,13546195.0,0.0,7.0,0.0,2017.0,De 0 a 5 anos,0.0,False,False,1.0,26944.0,2020-10-19T19:26:12
5655,5728,Gail Grant,Megan Wood,KHYN53595277488415,4,0.6901528799,0.0,2020-08-20T00:00:00,0,0.0,3000000.0,AprovadoAnalista,De 31 a 50 % - Médio,0.6428571428571428,0.3571428571428571,0.0,3000000.0,,,,,,,,,,0.0,0.0,1.0,0.0,1988.0,Acima de 17 anos,0.0,False,False,1.0,0.0,2020-10-19T19:35:50
5660,5733,Mr. Joe Bennett,Mohammed Moore,DMQN53060099169512,6,0.4361733765,0.0,2020-01-14T00:00:00,24,1250.1,50000.0,ReprovadoAnalista,De 31 a 50 % - Médio,0.6428571428571428,0.3571428571428571,0.0,,,2019-12-31T03:00:00,98500.0,0.0,98500.0,98500.0,0.0,0.0,95000.0,0.0,0.0,1.0,0.0,2019.0,De 0 a 5 anos,100000.0,False,True,1.0,1920.0,
5661,5734,Raymond Kay-Saunders,Ronald Moore,WCVD31138780349222,4,0.0,,2019-10-08T13:55:59,0,0.0,150000.0,AprovadoAnalista,De 31 a 50 % - Médio,0.5892857142857142,0.4107142857142857,0.0,25000.0,,2020-06-30T03:00:00,1777521.0,657969.0,1828223.0,200172.0,133000.0,483294.0,1097050.0,1499290.0,505856.0,12.0,993434.0,2017.0,De 0 a 5 anos,100000.0,False,False,0.0,7560.0,2020-10-19T20:57:02
5664,5737,Suzanne Smith,Marian Day,AVAO63044598911311,14,0.5650457739,0.0,2019-12-17T00:00:00,42,118195.87,200000.0,AprovadoAnalista,De 31 a 50 % - Médio,0.6428571428571428,0.3571428571428571,0.0,200000.0,,2019-12-31T03:00:00,40147679.0,40222591.0,56028277.0,15136282.0,15775862.0,14799137.0,23664583.0,120776175.0,33545891.0,12.0,87230284.0,2004.0,De 11 a 16 anos,3000000.0,False,True,1.0,4670447.0,2020-10-20T14:55:58
5666,5739,Jamie Garner-Brown,Brett Johnston,CNZD19216323131905,6,0.6438311032,0.0,2018-02-19T00:00:00,46,13480.0,37700.0,AprovadoAnalista,De 31 a 50 % - Médio,0.6428571428571428,0.3571428571428571,-0.0,41000.0,,,,,,,,,,1339251.0,0.0,12.0,0.0,2010.0,De 6 a 10 anos,500000.0,False,True,1.0,43200.0,2020-10-20T15:07:04
5667,5740,Victoria Smith,Ms. Jemma Roberts,XVTC97650951609322,26,0.4689179917,0.0,2020-05-25T00:00:00,19,340109.96,500000.0,AprovadoAnalista,De 31 a 50 % - Médio,0.5357142857142857,0.4642857142857142,0.0,400000.0,,,,,,,,,,0.0,0.0,1.0,0.0,2015.0,De 0 a 5 anos,80000.0,False,True,1.0,54000.0,2020-10-20T18:30:02
5668,5741,Jayne Conway,Thomas Miles,XEVT15916765618148,3,0.6180315495,0.0,2020-09-02T00:00:00,0,0.0,200000.0,AprovadoAnalista,De 31 a 50 % - Médio,0.5357142857142857,0.4642857142857142,0.0,100000.0,,,,,,,,,,0.0,0.0,1.0,0.0,2017.0,De 0 a 5 anos,100000.0,False,True,1.0,29700.0,2020-10-20T18:28:42
5670,5743,Julie Parker-McLean,George Simpson,EYME90195242861153,0,0.5956196439,0.0,2020-08-19T00:00:00,0,0.0,5000.0,AprovadoAnalista,De 31 a 50 % - Médio,0.6785714285714285,0.3214285714285714,0.0,5000.0,,,,,,,,,,84734.0,0.0,6.0,0.0,2019.0,De 0 a 5 anos,6000.0,False,False,1.0,7200.0,2020-10-20T15:11:48
5672,5745,Jamie Fox,Mr. Roger Pearson,ADYD01396249009712,28,0.4776517235,0.0,2015-10-15T00:00:00,0,0.0,20000.0,AprovadoAnalista,De 31 a 50 % - Médio,0.5892857142857142,0.4107142857142857,-0.866025403784439,15000.0,,,,,,,,,,1380614.0,0.0,12.0,0.0,2013.0,De 6 a 10 anos,20000.0,False,True,0.8316878627,1760.0,2020-10-20T15:15:48
5688,5761,Douglas Taylor,Dale Lowe,JXCH36268697453955,18,0.3745726656,0.0,2014-02-21T00:00:00,44,90290.9,110000.0,AprovadoAnalista,De 31 a 50 % - Médio,0.625,0.375,0.944120201989244,80000.0,,2019-12-31T03:00:00,2759006.0,3330872.0,3517355.0,78710.0,884170.0,264302.0,507868.0,12035481.0,5540332.0,12.0,6495149.0,2009.0,De 11 a 16 anos,30000.0,False,False,0.8306436156,106800.0,2020-10-21T10:07:04
5690,5763,Josh Hancock,Judith Clarke,MBFG60166377228409,0,0.507398655,0.0,2019-09-16T00:00:00,0,0.0,5000.0,AprovadoAnalista,De 31 a 50 % - Médio,0.6785714285714285,0.3214285714285714,0.0,5000.0,,,,,,,,,,1065052.0,0.0,12.0,0.0,2016.0,De 0 a 5 anos,90000.0,False,False,1.0,8100.0,2020-10-21T13:08:37
5691,5764,Neil Reid,Julie King,CIQM50735029754246,5,0.5754074074,0.0,2018-06-12T00:00:00,27,3375.0,25000.0,AprovadoAnalista,De 31 a 50 % - Médio,0.5178571428571428,0.4821428571428571,0.0,15000.0,,,,,,,,,,875044.0,0.0,12.0,0.0,2017.0,De 0 a 5 anos,10000.0,False,False,1.0,7040.0,2020-10-21T10:07:50
5692,5765,Sian Higgins,Lindsey Daniels-Scott,DXOR49994053124587,3,0.4380159577,0.0,2019-02-19T00:00:00,6,10644.89,25000.0,AprovadoAnalista,De 31 a 50 % - Médio,0.6428571428571428,0.3571428571428571,0.0,15000.0,,2019-12-30T00:00:00,193134.0,76817.0,193134.0,116316.0,0.0,0.0,126020.0,866601.0,364299.0,12.0,502302.0,2018.0,De 0 a 5 anos,0.0,False,True,1.0,1963.0,2020-10-21T10:08:47
5697,5770,Marc Thompson,Jack Ellis-Hawkins,OPER95401723782708,8,0.428657209,0.0,2020-05-25T00:00:00,6,28862.81,70000.0,AprovadoAnalista,De 31 a 50 % - Médio,0.6428571428571428,0.3571428571428571,0.0,70000.0,,2020-07-31T00:00:00,1371965.0,326598.0,1371965.0,1045366.0,0.0,12023.0,84974.0,1881447.0,1423064.0,7.0,458383.0,2019.0,De 0 a 5 anos,150000.0,False,True,1.0,2640.0,2020-10-21T13:43:02
5704,5777,Ashley Hammond,Mrs. Wendy O'Sullivan,QKSR18373217095448,0,0.0,0.0,2016-08-04T00:00:00,0,0.0,10000.0,AprovadoAnalista,De 31 a 50 % - Médio,0.5535714285714285,0.4464285714285714,0.0,5000.0,,,,,,,,,,232986.0,0.0,12.0,0.0,2016.0,De 0 a 5 anos,10000.0,False,True,1.0,60000.0,2020-10-21T16:48:12
5706,5779,Mrs. Marian Chapman,Paige Thomas,JGWZ90431589300404,13,0.0,,2019-01-14T15:40:01,0,0.0,40000.0,AprovadoAnalista,De 31 a 50 % - Médio,0.6607142857142857,0.3392857142857142,0.866025403784439,40000.0,,,,,,,,,,15416142.0,0.0,12.0,0.0,1985.0,Acima de 17 anos,150000.0,False,True,0.0,135000.0,2020-10-21T16:47:19
5707,5780,Reece King,Victoria Harper,VUQY80070392818665,35,0.0,,2016-07-12T15:45:43,0,0.0,38000.0,AprovadoAnalista,De 31 a 50 % - Médio,0.5,0.4999999999999999,0.94350034220801,38000.0,,2019-12-31T00:00:00,7062955.0,2101846.0,7192697.0,341871.0,4491726.0,5361456.0,1540286.0,6824982.0,2130022.0,12.0,4694960.0,2015.0,De 0 a 5 anos,105000.0,False,True,0.0,15600.0,2020-10-21T16:48:55
5708,5781,Jeffrey Rhodes,Lynn Dixon,RIXT05104623261005,33,0.4631603919,0.0,2017-08-09T00:00:00,52,724734.01,600000.0,AprovadoAnalista,De 31 a 50 % - Médio,0.6428571428571428,0.3571428571428571,0.866025403784439,500000.0,,2020-03-31T03:00:00,9807441.0,1486361.0,9870998.0,8384636.0,1500.0,1063408.0,2445120.0,9846324.0,0.0,3.0,0.0,2017.0,De 0 a 5 anos,200000.0,False,False,1.0,30800.0,2020-10-21T16:56:38
5709,5782,Mr. Roger Smith,Ashley Thomas,UAPP21579316019174,0,0.0,,2020-10-22T10:40:48,0,0.0,20000.0,ReprovadoAnalista,De 31 a 50 % - Médio,0.6428571428571428,0.3571428571428571,0.0,,,2018-12-31T00:00:00,0.0,0.0,0.0,0.0,0.0,0.0,0.0,3472193.0,0.0,12.0,0.0,2019.0,De 0 a 5 anos,1000000.0,False,True,0.0,418602.0,
5715,5788,Amelia Thomas,Eleanor Wilson,OYJB24693224986182,41,0.341106362,0.0,2012-05-09T00:00:00,0,2760.0,50000.0,AprovadoAnalista,De 31 a 50 % - Médio,0.6071428571428571,0.3928571428571428,0.718537400918295,20000.0,,2019-12-31T00:00:00,20396883.0,17699263.0,47995012.0,-19514982.0,2217742.0,9550405.0,6450155.0,43509979.0,18213246.0,12.0,25296733.0,1990.0,Acima de 17 anos,600000.0,False,False,0.9700428259,160200.0,2020-10-21T18:38:20
5716,5789,Brandon Wilson,Lisa Cameron,JKGJ86804363799426,17,0.3110553406,0.0,2016-02-02T00:00:00,16,14250.2,70000.0,AprovadoAnalista,De 31 a 50 % - Médio,0.6071428571428571,0.3928571428571428,0.966219514587816,60000.0,,2019-12-31T03:00:00,0.0,0.0,0.0,0.0,0.0,0.0,0.0,1198468.0,0.0,12.0,0.0,2012.0,De 6 a 10 anos,73000.0,False,True,1.0,17820.0,2020-10-21T18:49:45
5724,5797,Dr. Ben Hall,Terry Cook,AFUC19459157462629,7,0.6855247075,0.0,2018-10-26T00:00:00,0,0.0,12000.0,AprovadoAnalista,De 31 a 50 % - Médio,0.625,0.375,0.0,15000.0,,,,,,,,,,933358.0,0.0,12.0,0.0,2010.0,De 6 a 10 anos,30000.0,False,True,1.0,3240.0,2020-10-21T18:59:40
5730,5803,Francesca Gardner,Jade Williams,XIZO16297367608746,24,0.3054181818,0.0,2015-10-06T00:00:00,25,1100.0,80000.0,AprovadoAnalista,De 31 a 50 % - Médio,0.6428571428571428,0.3571428571428571,-0.66808385208811,30000.0,,2019-12-31T03:00:00,782747.0,347179.0,842426.0,495247.0,44664.0,406880.0,69442.0,1416289.0,386467.0,12.0,1029822.0,2015.0,De 0 a 5 anos,150000.0,False,False,0.8202834602,56104.0,2020-10-21T20:43:50
5734,5807,Ms. Leanne Townsend,Mr. Kenneth Walker,QNET46227326811526,176,0.5401397154,0.0,2016-10-04T00:00:00,0,0.0,20000.0,ReprovadoAnalista,De 31 a 50 % - Médio,0.5,0.4999999999999999,-0.982716499733992,,,2019-12-31T00:00:00,30621.0,6906.0,30621.0,23715.0,0.0,0.0,0.0,399406.0,0.0,12.0,0.0,2011.0,De 6 a 10 anos,20000.0,False,True,0.5705057995,0.0,
5735,5808,Mrs. Amanda Nicholson,Stuart Wade,PHDP25171211120966,5,0.800299885,0.0,2017-11-24T00:00:00,0,0.0,15000.0,ReprovadoAnalista,De 31 a 50 % - Médio,0.625,0.375,0.302208470707036,,,,,,,,,,,375352.0,0.0,12.0,0.0,2011.0,De 6 a 10 anos,10000.0,True,False,1.0,62100.0,
5740,5813,Joanne Anderson,Miss Sophie Ferguson,BIRQ04196029262098,9,0.4888538769,0.0,2017-09-26T00:00:00,0,0.0,10000.0,AprovadoAnalista,De 31 a 50 % - Médio,0.6071428571428571,0.3928571428571428,-0.86602540378444,10000.0,,,,,,,,,,4437526.0,0.0,12.0,0.0,2013.0,De 6 a 10 anos,30000.0,True,True,0.9833313387,0.0,2020-10-22T13:34:39
5751,5824,Sarah Murphy,Leah Morley,GVAF97929115081082,0,0.2970100708,0.0,2019-10-01T00:00:00,0,0.0,150000.0,AprovadoAnalista,De 31 a 50 % - Médio,0.6785714285714285,0.3214285714285714,0.0,10000.0,,2019-12-31T03:00:00,328834.0,24685.0,328834.0,304148.0,0.0,0.0,133487.0,671296.0,225764.0,12.0,445532.0,2019.0,De 0 a 5 anos,0.0,False,True,1.0,28800.0,2020-10-22T17:30:55
5755,5828,Leanne Bell,Clare Rees-Moss,HUFL97867216799324,2,0.4061224224,0.0,2019-10-09T00:00:00,0,0.0,10000.0,AprovadoAnalista,De 31 a 50 % - Médio,0.5357142857142857,0.4642857142857142,0.0,10000.0,,,,,,,,,,1254526.0,0.0,12.0,0.0,2017.0,De 0 a 5 anos,93700.0,False,True,1.0,8510.0,2020-10-22T18:54:48
5757,5830,Charlene Martin,Leanne Scott,CQOW69274369784050,0,0.5324549708,0.0,2020-09-28T00:00:00,0,0.0,20000.0,AprovadoAnalista,De 31 a 50 % - Médio,0.6785714285714285,0.3214285714285714,0.0,5000.0,,,,,,,,,,1078580.0,0.0,12.0,0.0,2020.0,De 0 a 5 anos,200000.0,False,False,1.0,4440.0,2020-10-22T20:20:54
5759,5832,Mrs. Amanda Nicholson,Stuart Wade,PHDP25171211120966,5,0.800299885,0.0,2017-11-24T00:00:00,0,0.0,13000.0,AprovadoAnalista,De 31 a 50 % - Médio,0.625,0.375,0.302208470707036,10000.0,,,,,,,,,,375352.0,0.0,12.0,0.0,2011.0,De 6 a 10 anos,10000.0,True,False,1.0,62100.0,2020-10-22T20:29:32
5763,5836,Ms. Kathleen Bryant,Ryan Wallis-Reynolds,JOZA21240504315779,65,0.5992309322,0.0,2013-09-25T00:00:00,0,0.0,15000.0,AprovadoAnalista,De 31 a 50 % - Médio,0.5357142857142857,0.4642857142857142,0.945357684489409,5000.0,,2019-12-31T00:00:00,66577.0,270435.0,66577.0,-203858.0,269000.0,0.0,66430.0,0.0,0.0,2.0,0.0,2013.0,De 6 a 10 anos,100000.0,False,False,0.9917524232,3330.0,2020-10-22T20:57:21
5768,5841,Jason Lawson-Grant,Aimee Cooper,JPUZ50072874608789,4,0.0,,2009-01-15T11:50:06,0,0.0,35000.0,AprovadoAnalista,De 31 a 50 % - Médio,0.6428571428571428,0.3571428571428571,0.0,25000.0,,,,,,,,,,1556003.0,0.0,12.0,0.0,1997.0,Acima de 17 anos,78800.0,False,True,0.0,8640.0,2020-10-23T13:54:26
5771,5844,Gail Johnson,Mrs. Michelle Stephens,OBEQ26208703307048,33,0.3416102163,0.0,2016-06-24T00:00:00,0,533.34,20000.0,AprovadoAnalista,De 31 a 50 % - Médio,0.5,0.4999999999999999,-0.994088444279126,10000.0,,2020-09-30T00:00:00,920476.0,689925.0,1069374.0,428279.0,105860.0,261745.0,448426.0,97650.0,9570.0,9.0,88080.0,2011.0,De 6 a 10 anos,50000.0,False,True,0.8659347423,3330.0,2020-10-23T14:44:33
5777,5850,Nicholas Webster,Glenn Taylor,QOWF22902005286718,194,0.303778481,0.0,2016-09-21T00:00:00,0,0.0,10000.0,ReprovadoAnalista,De 31 a 50 % - Médio,0.6607142857142857,0.3392857142857142,0.866025403784438,,,,,,,,,,,1936630.0,0.0,12.0,0.0,2010.0,De 6 a 10 anos,30000.0,False,False,1.0,0.0,
5780,5853,Raymond Kay-Saunders,Ronald Moore,WCVD31138780349222,4,0.0,,2019-10-08T13:55:59,0,0.0,100000.0,ReprovadoAnalista,De 31 a 50 % - Médio,0.5892857142857142,0.4107142857142857,0.0,,,2020-06-30T03:00:00,1777521.0,657969.0,1828223.0,200172.0,133000.0,483294.0,1097050.0,1499290.0,505856.0,12.0,993434.0,2017.0,De 0 a 5 anos,100000.0,False,False,0.0,7560.0,
5787,5860,Kirsty Davis,Tina Day-Walker,HSNK71372249063813,109,0.440212599,0.0,2018-05-24T00:00:00,0,4200.0,45000.0,AprovadoAnalista,De 31 a 50 % - Médio,0.6607142857142857,0.3392857142857142,0.998698170284864,30000.0,,,,,,,,,,5536008.0,0.0,12.0,0.0,2011.0,De 6 a 10 anos,100000.0,False,False,0.8575271739,29700.0,2020-10-23T19:49:51
5788,5861,Tracey Ali,Catherine James,KXGB88510863251263,16,0.3492722585,0.0,2017-08-04T00:00:00,0,0.0,10000.0,AprovadoAnalista,De 31 a 50 % - Médio,0.6607142857142857,0.3392857142857142,0.57401350952775,10000.0,,,,,,,,,,1525845.0,0.0,12.0,0.0,2013.0,De 6 a 10 anos,200000.0,False,True,0.7902251933,16565.0,2020-10-23T19:52:42
5797,5870,Declan Bishop-Whittaker,Gail O'Brien-Oliver,WYOA92559502323865,67,0.0,,2006-08-01T10:18:08,0,0.0,40000.0,AprovadoAnalista,De 31 a 50 % - Médio,0.6607142857142857,0.3392857142857142,0.780665944853074,40000.0,,,,,,,,,,11532088.0,2867872.0,12.0,8664216.0,1999.0,Acima de 17 anos,850000.0,False,False,0.0,72750.0,2020-10-26T13:43:02
5798,5871,Gerard Banks,Francesca Graham,LDZT52564013524887,11,0.539816876,0.0,2019-10-14T00:00:00,129,13257.7,25000.0,AprovadoAnalista,De 31 a 50 % - Médio,0.5,0.4999999999999999,0.866025403784439,15000.0,,2019-12-31T00:00:00,0.0,0.0,0.0,0.0,0.0,0.0,0.0,1380761.0,0.0,12.0,0.0,2011.0,De 6 a 10 anos,1000000.0,False,True,1.0,0.0,2020-10-26T13:43:39
5800,5873,Miss Ann Kaur,Matthew Howe-Freeman,TJJC78015775179437,150,0.3364379343,0.0,2010-07-09T00:00:00,0,0.0,10000.0,AprovadoAnalista,De 31 a 50 % - Médio,0.6607142857142857,0.3392857142857142,0.44163436494393,10000.0,,,,,,,,,,42428964.0,0.0,12.0,0.0,2007.0,De 11 a 16 anos,500000.0,False,True,0.8874787362,294235.0,2020-10-26T13:48:00
5803,5876,Dr. Donald Brookes,Ms. Sian Moore,AMPF64772156205517,51,0.5226922849,0.0,2015-08-12T00:00:00,0,0.0,30000.0,AprovadoAnalista,De 31 a 50 % - Médio,0.6071428571428571,0.3928571428571428,0.98639134370885,10000.0,,2019-12-31T00:00:00,2298964.0,1728261.0,2384534.0,-357531.0,780500.0,1722522.0,1739823.0,15197301.0,5060704.0,12.0,10136597.0,2012.0,De 6 a 10 anos,400000.0,False,True,0.4577785688,310500.0,2020-10-26T13:54:09
5809,5882,Leslie Young,Ms. Nicola Coates,KFMR72715847552364,5,0.5442670099,0.0,2018-11-06T00:00:00,135,4200.0,5000.0,AprovadoAnalista,De 31 a 50 % - Médio,0.5357142857142857,0.4642857142857142,0.0,5000.0,,,,,,,,,,0.0,0.0,1.0,0.0,2017.0,De 0 a 5 anos,10000.0,False,False,1.0,3330.0,2020-10-26T13:54:51
5818,5891,Nathan Hughes-Webster,Howard White-Johnston,XRPN26422353874683,21,0.2775779043,0.0,2007-10-26T00:00:00,0,0.0,65000.0,AprovadoAnalista,De 31 a 50 % - Médio,0.5892857142857142,0.4107142857142857,0.0637257182914616,5000.0,,2019-12-31T03:00:00,1152690.0,312675.0,1261167.0,733985.0,335000.0,1134979.0,259322.0,138392.0,32604.0,12.0,105788.0,2006.0,De 11 a 16 anos,100000.0,False,True,0.8989222416,0.0,2020-10-26T20:31:57
5819,5892,Ian Simpson,Irene Singh,XUDT16405489125109,5,0.3597914272,0.0,2017-08-02T00:00:00,0,0.0,12000.0,AprovadoAnalista,De 31 a 50 % - Médio,0.6071428571428571,0.3928571428571428,0.866025403784439,12000.0,,,,,,,,,,544174.0,0.0,8.0,0.0,1996.0,Acima de 17 anos,100000.0,False,True,1.0,122100.0,2020-10-27T10:35:00
5821,5894,Marcus Hale,Amanda Thomas,YHMX38406630146130,34,0.4538031294,0.0,2018-01-22T00:00:00,0,0.0,5000.0,AprovadoAnalista,De 31 a 50 % - Médio,0.6785714285714285,0.3214285714285714,0.925529409005582,5000.0,,,,,,,,,,2741688.0,0.0,6.0,0.0,1997.0,Acima de 17 anos,146574.0,True,False,1.0,46200.0,2020-10-27T10:35:31
5822,5895,Kelly Baxter,Dr. Pauline Stewart,ZFKA70203512888324,4,0.3569211716,0.0,2019-02-06T00:00:00,15,43239.01,100000.0,AprovadoAnalista,De 31 a 50 % - Médio,0.6607142857142857,0.3392857142857142,0.866025403784439,80000.0,,2019-12-31T03:00:00,6920082.0,1341783.0,7158052.0,4571225.0,330348.0,2762682.0,1447380.0,4013625.0,2213421.0,12.0,1800204.0,2017.0,De 0 a 5 anos,100000.0,False,True,1.0,59400.0,2020-10-27T13:50:52
5826,5899,Michael Ali,Yvonne Garner,WNMF23294348311972,4,0.437155852,0.0,2019-11-01T00:00:00,0,0.0,15000.0,AprovadoAnalista,De 31 a 50 % - Médio,0.6428571428571428,0.3571428571428571,0.0,10000.0,,,,,,,,,,251070.0,0.0,5.0,0.0,2018.0,De 0 a 5 anos,10000.0,False,False,1.0,5280.0,2020-10-27T14:10:26
5829,5902,Mandy Morgan,Miss Sharon Wood,ZYMM04015018312932,27,0.3770236341,0.0,2017-11-23T00:00:00,67,387169.99,650000.0,AprovadoAnalista,De 31 a 50 % - Médio,0.6428571428571428,0.3571428571428571,0.866025403784439,650000.0,,2020-06-30T03:00:00,11913620.0,1749249.0,14192832.0,12258124.0,185458.0,4015632.0,7125448.0,13523536.0,6755211.0,6.0,6768325.0,2017.0,De 0 a 5 anos,390000.0,False,True,1.0,5400.0,2020-10-27T14:50:49
5835,5908,Gordon Green,Dr. Samuel Watson,EGDE48055859235086,168,0.6059192308,0.0,2008-09-02T00:00:00,74,5850.0,15000.0,AprovadoAnalista,De 31 a 50 % - Médio,0.6607142857142857,0.3392857142857142,-0.116851945935164,7000.0,,,,,,,,,,4425171.0,0.0,12.0,0.0,2006.0,De 11 a 16 anos,250000.0,False,True,0.7775565608,720.0,2020-10-27T15:28:59
5844,5917,Annette Yates,Ms. Kerry Roberts,PCYA20003050200309,0,0.0,,2017-05-23T11:14:48,0,0.0,20000.0,AprovadoAnalista,De 31 a 50 % - Médio,0.6428571428571428,0.3571428571428571,0.0,20000.0,,,,,,,,,,1553567.0,0.0,12.0,0.0,2015.0,De 0 a 5 anos,78800.0,False,True,0.0,9990.0,2020-10-27T18:54:32
5849,5922,Kate Taylor,Georgina Craig,GHDK04944604423841,9,0.4165665567,0.0,2018-01-29T00:00:00,0,0.0,300000.0,AprovadoAnalista,De 31 a 50 % - Médio,0.5892857142857142,0.4107142857142857,0.0,200000.0,,2020-06-30T03:00:00,1505154.0,250730.0,1953442.0,1426860.0,0.0,581770.0,605782.0,2361446.0,986500.0,6.0,1374946.0,2016.0,De 0 a 5 anos,200000.0,False,True,1.0,442074.0,2020-10-28T13:40:56
5850,5923,Miss Natalie Rogers,Nathan Jones,GEKA78817482538959,8,0.2382389781,0.0,2019-08-06T00:00:00,0,0.0,45000.0,AprovadoAnalista,De 31 a 50 % - Médio,0.625,0.375,0.866025403784439,10000.0,,,,,,,,,,829688.0,0.0,12.0,0.0,1999.0,Acima de 17 anos,120000.0,False,True,1.0,12900.0,2020-10-28T13:43:19
5854,5927,Marc Hyde,Gemma Simpson,DFQQ96467757939709,6,0.525137205,0.0,2019-05-06T00:00:00,0,0.0,15000.0,AprovadoAnalista,De 31 a 50 % - Médio,0.5892857142857142,0.4107142857142857,0.0,10000.0,,2019-12-31T00:00:00,187568.0,86858.0,197968.0,111110.0,45509.0,19185.0,145890.0,370758.0,101340.0,12.0,269418.0,2018.0,De 0 a 5 anos,50000.0,False,True,1.0,5400.0,2020-10-28T13:49:39
5859,5932,Ms. Bethan Evans,Mr. Josh Sharp,FWPY81952620804455,20,0.2727318402,0.0,2017-01-27T00:00:00,0,0.0,20000.0,AprovadoAnalista,De 31 a 50 % - Médio,0.625,0.375,0.38535904012543,20000.0,,2019-12-31T00:00:00,2719337.0,1718492.0,3172256.0,1147748.0,1100332.0,1101292.0,502887.0,3799042.0,1482413.0,12.0,2316629.0,2013.0,De 6 a 10 anos,300000.0,False,True,1.0,86000.0,2020-10-28T14:04:44
5861,5934,Ms. Katherine Price,Denis Charlton,TXQN42439285020940,61,0.3080736662,0.0,2009-09-02T00:00:00,0,0.0,800000.0,AprovadoAnalista,De 31 a 50 % - Médio,0.6428571428571428,0.3571428571428571,8e-16,180000.0,,2019-12-31T03:00:00,11421120.0,789930.0,21609996.0,20413889.0,406177.0,4910710.0,1466607.0,9666235.0,4399095.0,12.0,5267140.0,2006.0,De 11 a 16 anos,1000000.0,False,True,1.0,797468.0,2020-10-28T14:07:57
5870,5943,Ms. Janice Hewitt,Kathleen Turner,WXGP05968206409100,58,0.4239918686,0.0,2009-02-02T00:00:00,0,0.0,30000.0,AprovadoAnalista,De 31 a 50 % - Médio,0.6071428571428571,0.3928571428571428,0.0,25000.0,,2019-12-31T00:00:00,296299.0,611343.0,511329.0,-157004.0,201098.0,575206.0,0.0,7497219.0,3504774.0,12.0,3992445.0,1993.0,Acima de 17 anos,290000.0,False,True,1.0,57000.0,2020-10-28T18:48:20
5884,5957,Georgina Thompson,Dr. Henry Smart,MMEM21286090279300,5,0.0,,2019-09-12T13:49:13,0,0.0,30000.0,AprovadoAnalista,De 31 a 50 % - Médio,0.6428571428571428,0.3571428571428571,0.0,15000.0,,,,,,,,,,753741.0,0.0,12.0,0.0,2017.0,De 0 a 5 anos,200000.0,False,False,0.0,9504.0,2020-10-28T21:05:17
5886,5959,Jessica Murphy,Mr. Raymond Moore,IDCS63476392964972,8,0.0,,2020-02-20T15:26:45,0,0.0,10000.0,AprovadoAnalista,De 31 a 50 % - Médio,0.6785714285714285,0.3214285714285714,0.0,5000.0,,,,,,,,,,331426.0,0.0,12.0,0.0,2009.0,De 11 a 16 anos,10000.0,False,False,0.0,10560.0,2020-10-28T21:06:36
5887,5960,Mr. Max Gregory,Mr. Raymond Moore,ZBPM54064737184445,0,0.3592161349,0.0,2019-05-10T00:00:00,0,0.0,30000.0,ReprovadoAnalista,De 31 a 50 % - Médio,0.6607142857142857,0.3392857142857142,0.0,,,,,,,,,,,789959.0,0.0,12.0,0.0,2014.0,De 6 a 10 anos,10000.0,True,False,1.0,3840.0,
5890,5963,Dale O'Sullivan-Moore,Nathan Jones,KDZJ41266928454221,19,0.4798450253,0.0,2018-10-22T00:00:00,41,8880.0,10000.0,AprovadoAnalista,De 31 a 50 % - Médio,0.5892857142857142,0.4107142857142857,0.0,10000.0,,2019-11-30T00:00:00,380473.0,179026.0,511372.0,332345.0,0.0,0.0,0.0,678376.0,406269.0,11.0,272107.0,2018.0,De 0 a 5 anos,95700.0,False,False,1.0,8640.0,2020-10-29T14:03:22
5893,5966,Suzanne Smith,Marian Day,AVAO63044598911311,14,0.5650457739,0.0,2019-12-17T00:00:00,42,118195.87,150000.0,AprovadoAnalista,De 31 a 50 % - Médio,0.6428571428571428,0.3571428571428571,0.0,150000.0,,2019-12-31T03:00:00,40147679.0,40222591.0,56028277.0,15136282.0,15775862.0,14799137.0,23664583.0,120776175.0,33545891.0,12.0,87230284.0,2004.0,De 11 a 16 anos,3000000.0,False,True,1.0,4670447.0,2020-10-29T14:05:03
5895,5968,Oliver Thompson-Jones,Ian Thornton,ICFF46967376376354,0,0.5142709494,0.0,2020-08-07T00:00:00,5,3666.6,50000.0,AprovadoAnalista,De 31 a 50 % - Médio,0.5357142857142857,0.4642857142857142,0.0,25000.0,,,,,,,,,,744512.0,0.0,12.0,0.0,2019.0,De 0 a 5 anos,5000.0,False,True,1.0,2640.0,2020-10-29T14:14:26
5897,5970,Sarah Murphy,Leah Morley,GVAF97929115081082,0,0.2970100708,0.0,2019-10-01T00:00:00,0,0.0,30000.0,AprovadoAnalista,De 31 a 50 % - Médio,0.6428571428571428,0.3571428571428571,0.0,10000.0,,2019-12-31T03:00:00,328834.0,24685.0,328834.0,304148.0,0.0,0.0,133487.0,671296.0,225764.0,12.0,445532.0,2019.0,De 0 a 5 anos,0.0,False,True,1.0,28800.0,2020-10-29T14:21:03
5901,5974,Adam Allen,Clifford Jones-Gill,DATV77275374664842,33,0.4637211329,0.0,2020-01-21T00:00:00,0,0.0,20000.0,AprovadoAnalista,De 31 a 50 % - Médio,0.5357142857142857,0.4642857142857142,0.0,5000.0,,2019-12-31T00:00:00,34628.0,14778.0,65692.0,50913.0,10983.0,26170.0,0.0,212632.0,102535.0,12.0,110097.0,2018.0,De 0 a 5 anos,50000.0,False,False,1.0,10800.0,2020-10-29T14:28:08
5907,5980,Mrs. Kayleigh Martin,Catherine Lewis,KSXI67759285064339,0,0.4832849359,0.0,2019-10-17T00:00:00,0,0.0,50000.0,AprovadoAnalista,De 31 a 50 % - Médio,0.5714285714285714,0.4285714285714285,0.0,12000.0,,,,,,,,,,681276.0,0.0,12.0,0.0,2019.0,De 0 a 5 anos,20000.0,False,True,1.0,16200.0,2020-10-29T17:37:41
5908,5981,Mr. Kieran Mann,Kelly Perkins,NSXF65126541568902,18,0.5078601917,0.0,2016-10-26T00:00:00,0,0.0,10000.0,AprovadoAnalista,De 31 a 50 % - Médio,0.6607142857142857,0.3392857142857142,0.866025403784439,10000.0,,,,,,,,,,757805.0,0.0,12.0,0.0,2001.0,Acima de 17 anos,60000.0,False,False,1.0,5120.0,2020-10-29T17:38:09
5912,5985,Gordon Henderson,Nigel Leonard,ULVI39593867297278,0,0.7055104652,0.0,2019-03-14T00:00:00,0,0.0,20000.0,AprovadoAnalista,De 31 a 50 % - Médio,0.6428571428571428,0.3571428571428571,0.0,10000.0,,,,,,,,,,821208.0,0.0,9.0,0.0,2015.0,De 0 a 5 anos,20000.0,False,False,1.0,35200.0,2020-10-29T19:50:31
5918,5991,Katie Rose,Benjamin Clark-Webb,YFOQ93485351289100,22,0.3769695607,0.0,2016-05-24T00:00:00,47,5749.25,12000.0,AprovadoAnalista,De 31 a 50 % - Médio,0.6607142857142857,0.3392857142857142,0.866025403784439,12000.0,,,,,,,,,,2866733.0,0.0,12.0,0.0,1999.0,Acima de 17 anos,100000.0,False,True,1.0,77400.0,2020-10-29T20:17:38
5920,5993,Dr. Abdul Jarvis,Gail Ahmed,YREU38607047866599,104,0.3967504431,0.0,2019-10-02T00:00:00,0,0.0,200000.0,AprovadoAnalista,De 31 a 50 % - Médio,0.5178571428571428,0.4821428571428571,0.0,200000.0,,2019-12-31T03:00:00,281523000.0,284413000.0,731572000.0,148596000.0,174415000.0,85499000.0,106067000.0,1163121000.0,0.0,12.0,0.0,2019.0,De 0 a 5 anos,91438041.0,True,False,1.0,40273240.0,2020-10-29T20:34:09
5922,5995,Dr. Karl Craig,Tracy Collins,IKRZ97713282498194,0,0.4275889724,0.0,2018-10-17T00:00:00,0,0.0,30000.0,AprovadoAnalista,De 31 a 50 % - Médio,0.6785714285714285,0.3214285714285714,0.0,20000.0,,,,,,,,,,1363227.0,0.0,12.0,0.0,2012.0,De 6 a 10 anos,65000.0,False,True,1.0,28800.0,2020-10-30T13:54:07
5928,6001,Dale Allen-Townsend,Gregory Taylor,EJHZ12668634515482,39,0.2604190589,0.0,2012-01-31T00:00:00,0,0.0,90000.0,AprovadoAnalista,De 31 a 50 % - Médio,0.5357142857142857,0.4642857142857142,-0.866497888013251,90000.0,,2019-12-31T03:00:00,16927923.0,15279399.0,17136162.0,298840.0,33860.0,8721265.0,323898.0,23090485.0,14920818.0,12.0,8169667.0,2002.0,Acima de 17 anos,400000.0,False,True,0.8687724199,0.0,2020-10-30T15:10:40
5929,6002,Mohammad Barnett,Jonathan Webb,JUDS85528877776222,32,0.578498227,0.0,2018-05-22T00:00:00,0,137676.67,300000.0,AprovadoAnalista,De 31 a 50 % - Médio,0.6607142857142857,0.3392857142857142,0.866025403784439,50000.0,,2019-12-31T03:00:00,4104488.0,3606968.0,5925394.0,300649.0,807531.0,1116015.0,2829685.0,23734313.0,11307288.0,12.0,12427025.0,2017.0,De 0 a 5 anos,1500000.0,False,False,1.0,284800.0,2020-10-30T15:15:32
5930,6003,Dr. Max Smith,Mr. Leon Shaw,EZGB51670537747591,0,0.4787325175,0.0,2019-06-18T00:00:00,0,0.0,5000.0,AprovadoAnalista,De 31 a 50 % - Médio,0.6428571428571428,0.3571428571428571,0.0,5000.0,,,,,,,,,,47533.0,0.0,12.0,0.0,2019.0,De 0 a 5 anos,200000.0,False,False,1.0,2220.0,2020-10-30T17:05:15
5932,6005,Dr. Katherine Brown,Leonard Phillips-Wells,OQIW93819789803879,37,0.0,,2018-06-07T09:29:05,0,0.0,20000.0,AprovadoAnalista,De 31 a 50 % - Médio,0.5,0.4999999999999999,0.866025403784439,20000.0,,2019-12-31T00:00:00,91371.0,10034.0,91371.0,81336.0,0.0,84005.0,3160.0,1044990.0,370089.0,12.0,674901.0,2015.0,De 0 a 5 anos,20000.0,False,True,0.0,1920.0,2020-10-30T17:08:13
5940,6013,Laura Humphreys-Turnbull,Adam Sutton,SSQO45035022197843,4,0.5802038308,0.0,2020-05-26T00:00:00,0,0.0,30000.0,AprovadoAnalista,De 31 a 50 % - Médio,0.5714285714285714,0.4285714285714285,0.0,5000.0,,,,,,,,,,2789266.0,0.0,5.0,0.0,2019.0,De 0 a 5 anos,0.0,False,True,1.0,720.0,2020-10-30T20:25:57
5943,6016,Duncan Walker,Brenda Carter,GPZV71762661909044,0,0.4563209877,0.0,2020-09-23T00:00:00,0,0.0,15000.0,ReprovadoAnalista,De 31 a 50 % - Médio,0.6428571428571428,0.3571428571428571,0.0,,,2019-12-31T00:00:00,773679.0,343781.0,903599.0,414568.0,66091.0,672546.0,313537.0,781827.0,0.0,12.0,0.0,2010.0,De 6 a 10 anos,105000.0,True,True,1.0,0.0,
5950,6023,Nicholas Smith,Sian Edwards,JJES66351752080675,18,0.3578667961,0.0,2018-02-16T00:00:00,0,0.0,200000.0,AprovadoAnalista,De 31 a 50 % - Médio,0.6071428571428571,0.3928571428571428,0.0,150000.0,,2019-12-31T03:00:00,8757950.0,5081670.0,12948852.0,-569822.0,7430367.0,3689413.0,4456204.0,28314041.0,7041439.0,12.0,21272602.0,2003.0,Acima de 17 anos,3000000.0,False,False,1.0,347600.0,2020-11-03T16:01:11
5953,6026,Dr. Douglas Vaughan,Mr. Jason Harding,ACIN83899744948830,2,0.546338481,0.0,2018-02-16T00:00:00,121,4940.62,20000.0,AprovadoAnalista,De 31 a 50 % - Médio,0.5357142857142857,0.4642857142857142,0.0,20000.0,,,,,,,,,,1461593.0,0.0,12.0,0.0,2017.0,De 0 a 5 anos,104500.0,False,True,1.0,7560.0,2020-11-03T16:08:35
5954,6027,Jay Holden,Rita Carter,KAGN15904099962562,0,0.403692757,0.0,2020-09-22T00:00:00,0,0.0,20000.0,ReprovadoAnalista,De 31 a 50 % - Médio,0.6785714285714285,0.3214285714285714,0.0,,,,,,,,,,,1294444.0,0.0,12.0,0.0,2020.0,De 0 a 5 anos,50000.0,False,False,1.0,2640.0,
5956,6029,Dr. Victoria Ellis,Lee Green,GPDM56047961949483,3,0.4234326878,0.0,2019-12-04T00:00:00,0,0.0,49999.0,AprovadoAnalista,De 31 a 50 % - Médio,0.6785714285714285,0.3214285714285714,0.0,15000.0,,,,,,,,,,1343803.0,0.0,12.0,0.0,2017.0,De 0 a 5 anos,10000.0,False,False,1.0,8640.0,2020-11-03T16:09:08
5970,6043,Mary Smith,Mr. Leon Smith,HMOW17454360616914,18,0.6915,0.0,2013-02-18T00:00:00,0,0.0,40000.0,AprovadoAnalista,De 31 a 50 % - Médio,0.6428571428571428,0.3571428571428571,7.5e-15,30000.0,,2019-12-31T00:00:00,3327776.0,182175.0,3452933.0,2960528.0,324500.0,1521938.0,857889.0,9298412.0,3789050.0,12.0,5509362.0,2009.0,De 11 a 16 anos,0.0,False,True,0.9918288416,863457.0,2020-11-03T17:47:18
5972,6045,Eleanor Pugh,Kathryn Wyatt-Carr,WSZD97479860996508,15,0.3730334256,0.0,2016-06-14T00:00:00,0,12.05,40000.0,AprovadoAnalista,De 31 a 50 % - Médio,0.6607142857142857,0.3392857142857142,0.866025403784439,25000.0,,,,,,,,,,5744422.0,0.0,12.0,0.0,2011.0,De 6 a 10 anos,250000.0,False,False,1.0,462187.0,2020-11-03T17:48:14
5996,6069,Dr. John Day,Miss Joyce Cox,ZXVK74698478001405,0,0.7428853679,0.0,2020-07-08T00:00:00,166,37422.0,10000.0,AprovadoAnalista,De 31 a 50 % - Médio,0.6785714285714285,0.3214285714285714,0.0,5000.0,,,,,,,,,,159754.0,0.0,12.0,0.0,2016.0,De 0 a 5 anos,10000.0,False,False,1.0,6660.0,2020-11-04T13:18:57
5998,6071,Patricia Hodgson,Kimberley Riley-Kelly,SSXF32407776189579,6,0.4015058343,0.0,2020-10-27T00:00:00,40,9537.57,15000.0,AprovadoAnalista,De 31 a 50 % - Médio,0.5714285714285714,0.4285714285714285,0.0,10000.0,,,,,,,,,,315024.0,0.0,3.0,0.0,2018.0,De 0 a 5 anos,100000.0,False,True,1.0,6000.0,2020-11-04T12:14:37
5999,6072,Carol Farrell,Martin Wilson,FWUU39842946740208,19,0.4016885714,0.0,2012-08-27T00:00:00,10,3240.0,20000.0,AprovadoAnalista,De 31 a 50 % - Médio,0.6428571428571428,0.3571428571428571,0.920300801704821,10000.0,,2019-12-31T00:00:00,2257239.0,1934642.0,4199397.0,1380599.0,1654036.0,106121.0,1754992.0,4855324.0,2708771.0,12.0,2146553.0,2005.0,De 11 a 16 anos,500000.0,False,True,0.9982632314,375000.0,2020-11-04T13:12:48
6003,6076,Douglas Parker,Gillian Mason,BWJA72636159902734,9,0.4325313281,0.0,2016-10-07T00:00:00,0,0.0,50000.0,AprovadoAnalista,De 31 a 50 % - Médio,0.6428571428571428,0.3571428571428571,0.866025403784439,10000.0,,2019-12-31T00:00:00,7159708.0,166406.0,7205370.0,6933726.0,4665.0,242843.0,603020.0,1469048.0,635444.0,12.0,833604.0,2009.0,De 11 a 16 anos,30000.0,False,False,1.0,48622.0,2020-11-04T12:37:26
6010,6083,Bethany Turner,Graeme Turnbull,DRLH79413672718892,0,0.5143666319,0.0,2019-11-13T00:00:00,97,3916.18,7000.0,AprovadoAnalista,De 31 a 50 % - Médio,0.6428571428571428,0.3571428571428571,0.0,7000.0,,,,,,,,,,1070623.0,0.0,12.0,0.0,2019.0,De 0 a 5 anos,50000.0,False,False,1.0,37800.0,2020-11-04T13:20:14
6014,6087,Laura Stephenson,Mr. Tony Lewis,WJFB59435382443298,20,0.3744337468,0.0,2013-01-23T00:00:00,0,0.0,10000.0,AprovadoAnalista,De 31 a 50 % - Médio,0.6607142857142857,0.3392857142857142,0.999667071145065,10000.0,,,,,,,,,,1676515.0,0.0,3.0,0.0,2008.0,De 11 a 16 anos,10000.0,False,False,1.0,11500.0,2020-11-04T18:42:34
6015,6088,Tracey North,Janet Ross-Brown,TEPH38507220551477,4,0.4848944163,0.0,2013-04-05T00:00:00,154,6222.35,20000.0,ReprovadoAnalista,De 31 a 50 % - Médio,0.6607142857142857,0.3392857142857142,0.0,,,,,,,,,,,5303778.0,0.0,12.0,0.0,2008.0,De 11 a 16 anos,95400.0,True,True,1.0,0.0,
6024,6097,Jeffrey Wright,Brett Marsh,LTJB33941153397394,4,0.5742936508,0.0,2013-05-16T00:00:00,105,15520.0,50000.0,ReprovadoAnalista,De 31 a 50 % - Médio,0.6607142857142857,0.3392857142857142,0.0,,,,,,,,,,,73828034.0,0.0,12.0,0.0,2004.0,De 11 a 16 anos,30000.0,True,False,1.0,3567057.0,
6028,6101,Ruth Webb-Stevens,Charlie Hayes-Hancock,GTCY94111653545241,20,0.4317631226,0.0,2008-04-24T00:00:00,55,1180370.61,1500000.0,AprovadoAnalista,De 31 a 50 % - Médio,0.6607142857142857,0.3392857142857142,-0.592970625636527,1500000.0,,2020-06-30T03:00:00,26811501.0,3805688.0,29152184.0,23711289.0,2159243.0,1694218.0,16403553.0,42082906.0,13871592.0,6.0,28211314.0,2006.0,De 11 a 16 anos,4000000.0,True,False,0.9801627166,5137629.0,2020-11-05T13:43:01
6031,6104,Jeffrey Wright,Brett Marsh,LTJB33941153397394,4,0.5742936508,0.0,2013-05-16T00:00:00,105,15520.0,50000.0,AprovadoAnalista,De 31 a 50 % - Médio,0.6607142857142857,0.3392857142857142,0.0,50000.0,,,,,,,,,,73828034.0,0.0,12.0,0.0,2004.0,De 11 a 16 anos,30000.0,True,False,1.0,3567057.0,2020-11-05T13:46:37
6036,6109,Ms. Margaret Jordan,Dr. Alexandra Hart,RLNB95781018361855,3,0.0,,2017-08-22T14:52:56,0,0.0,20000.0,AprovadoAnalista,De 31 a 50 % - Médio,0.5535714285714285,0.4464285714285714,-0.866025403784439,10000.0,,2019-12-31T00:00:00,249398.0,268830.0,745326.0,-498510.0,1010000.0,12773.0,0.0,247040.0,-86389.0,12.0,333429.0,2008.0,De 11 a 16 anos,100000.0,False,True,0.0,8100.0,2020-11-05T17:43:31
6044,6117,Keith Jones,Steven Kennedy-Jones,BRJP37453437154592,11,0.4240991321,0.0,2011-08-10T00:00:00,31,559679.98,128700000.0,ReprovadoComite,De 31 a 50 % - Médio,0.6071428571428571,0.3928571428571428,0.704535657259457,,,2019-12-31T03:00:00,286103378.0,249608297.0,351771624.0,-57879850.0,26143834.0,243889091.0,36182702.0,650654398.0,377326730.0,12.0,273327668.0,2008.0,De 11 a 16 anos,1500000.0,False,False,0.9947858507,9288000.0,
6048,6121,Keith Jones,Steven Kennedy-Jones,BRJP37453437154592,11,0.4240991321,0.0,2011-08-10T00:00:00,31,559679.98,1287000.0,AprovadoComite,De 31 a 50 % - Médio,0.6071428571428571,0.3928571428571428,0.704535657259457,1287000.0,2020-11-05T20:46:32,2019-12-31T03:00:00,286103378.0,249608297.0,351771624.0,-57879850.0,26143834.0,243889091.0,36182702.0,650654398.0,377326730.0,12.0,273327668.0,2008.0,De 11 a 16 anos,1500000.0,False,False,0.9947858507,9288000.0,
6050,6123,Ms. Marie Kelly,Dr. Gregory Morgan,REEW91259379302298,10,0.7194025122,0.0,2020-06-10T00:00:00,0,0.0,55000.0,AprovadoAnalista,De 31 a 50 % - Médio,0.5892857142857142,0.4107142857142857,0.0,5000.0,,2019-12-31T03:00:00,109869.0,48607.0,109869.0,61262.0,0.0,0.0,85410.0,380181.0,197347.0,12.0,182834.0,2018.0,De 0 a 5 anos,0.0,False,False,1.0,0.0,2020-11-05T20:53:38
6063,6136,Miss Shannon Swift,Mr. Martin Cooper,ZEYP83934894178044,0,0.4305185185,0.0,2020-10-09T00:00:00,0,0.0,20000.0,AprovadoAnalista,De 31 a 50 % - Médio,0.6785714285714285,0.3214285714285714,0.0,5000.0,,,,,,,,,,601598.0,0.0,5.0,0.0,2019.0,De 0 a 5 anos,50000.0,False,False,1.0,1320.0,2020-11-06T16:59:23
6071,6144,William Ali,Mr. Howard Clark,VTMC56827253631607,5,0.2758590343,0.0,2020-07-07T00:00:00,0,0.0,50000.0,AprovadoAnalista,De 31 a 50 % - Médio,0.5535714285714285,0.4464285714285714,0.0,5000.0,,2019-12-31T00:00:00,0.0,0.0,0.0,0.0,0.0,0.0,0.0,0.0,0.0,12.0,0.0,2019.0,De 0 a 5 anos,50000.0,False,False,1.0,1110.0,2020-11-06T18:09:01
6075,6148,Mohammed Johnson,Dr. Kathryn McDonald,WYIH16679678336347,4,0.5643683209,0.0,2019-09-27T00:00:00,0,0.0,10000.0,AprovadoAnalista,De 31 a 50 % - Médio,0.6071428571428571,0.3928571428571428,0.866025403784439,5000.0,,2019-12-31T00:00:00,533529.0,375978.0,608871.0,232892.0,0.0,58008.0,447270.0,169845.0,84923.0,12.0,84922.0,2019.0,De 0 a 5 anos,200000.0,False,False,1.0,108900.0,2020-11-06T19:19:53
6078,6151,Mr. Christian Wilkinson,Rachael Bradshaw,XQET87428871843993,0,0.4655674265,0.0,2019-11-05T00:00:00,28,46608.0,50000.0,AprovadoAnalista,De 31 a 50 % - Médio,0.6428571428571428,0.3571428571428571,0.0,30000.0,,,,,,,,,,4431994.0,0.0,12.0,0.0,2019.0,De 0 a 5 anos,200000.0,False,True,1.0,29700.0,2020-11-06T19:58:00
6081,6154,Lindsey Hughes,Mandy Stewart,MBFE92902174579099,15,0.2866087303,0.0,2013-01-30T00:00:00,26,46346.4,150000.0,AprovadoAnalista,De 31 a 50 % - Médio,0.6428571428571428,0.3571428571428571,0.0,150000.0,,2020-08-31T03:00:00,0.0,0.0,0.0,0.0,0.0,0.0,0.0,10453331.0,1150282.0,8.0,9303049.0,1996.0,Acima de 17 anos,450000.0,False,True,1.0,963461.0,2020-11-06T20:19:42
6084,6157,Shannon Evans,Stewart Fisher,ZXOH34061227638698,37,0.3418942725,0.0,2018-08-23T00:00:00,0,0.0,12000.0,AprovadoAnalista,De 31 a 50 % - Médio,0.6428571428571428,0.3571428571428571,0.909691558150421,12000.0,,2019-12-31T00:00:00,497929.0,206289.0,505106.0,298816.0,0.0,258148.0,193160.0,757693.0,385214.0,12.0,372479.0,2013.0,De 6 a 10 anos,10000.0,False,False,0.9480222138,24300.0,2020-11-09T14:09:25
6085,6158,Mrs. Alison Knight,Louise Stewart-Bryan,BCZK85893708311981,0,0.3913870529,0.0,2020-09-04T00:00:00,0,0.0,20000.0,ReprovadoAnalista,De 31 a 50 % - Médio,0.625,0.3749999999999999,0.0,,,2019-12-31T00:00:00,99800.0,1000.0,100800.0,99800.0,1000.0,0.0,0.0,710226.0,0.0,6.0,0.0,2019.0,De 0 a 5 anos,99800.0,False,True,1.0,54000.0,
6086,6159,Dr. Katy Campbell,Charles Harvey,EPTF32156145712225,0,0.4420691703,0.0,2020-04-07T00:00:00,0,3302.2,20000.0,AprovadoAnalista,De 31 a 50 % - Médio,0.6071428571428571,0.3928571428571428,0.0,20000.0,,2020-06-30T00:00:00,629507.0,75703.0,636584.0,-31539.0,0.0,480755.0,0.0,2733969.0,592420.0,6.0,2141549.0,2017.0,De 0 a 5 anos,88000.0,False,True,1.0,75900.0,2020-11-09T14:18:02
6096,6169,Donna Johnson,Jamie Dodd-Patel,TQCK77735351677786,0,0.4215077138,0.0,2019-02-07T00:00:00,0,0.0,15000.0,AprovadoAnalista,De 31 a 50 % - Médio,0.5357142857142857,0.4642857142857142,0.0,10000.0,,,,,,,,,,1024256.0,0.0,12.0,0.0,2016.0,De 0 a 5 anos,88000.0,False,True,1.0,123528.0,2020-11-09T14:43:23
6099,6172,Nigel Williams-Higgins,Louise Smith,LQHJ42685336975907,0,0.0,,,0,0.0,100000.0,ReprovadoAnalista,De 31 a 50 % - Médio,0.5357142857142857,0.4642857142857142,0.0,,,2019-12-31T03:00:00,232751.0,232751.0,232751.0,232751.0,0.0,0.0,0.0,192551.0,0.0,12.0,0.0,2017.0,De 0 a 5 anos,96000.0,True,True,0.0,0.0,
6100,6173,Leigh Holloway,Kathleen Wallis,TSGC04752344347638,4,0.3626027927,0.0,2014-09-02T00:00:00,0,14616.0,50000.0,AprovadoAnalista,De 31 a 50 % - Médio,0.6428571428571428,0.3571428571428571,0.0,50000.0,,,,,,,,,,0.0,0.0,1.0,0.0,2011.0,De 6 a 10 anos,1000.0,False,True,1.0,12420.0,2020-11-09T14:36:18
6101,6174,Donald Day-Howells,Dr. Maurice Garner,VPHS52089171550825,27,0.5835030858,0.0,2013-01-11T00:00:00,0,0.0,40000.0,AprovadoAnalista,De 31 a 50 % - Médio,0.6785714285714285,0.3214285714285714,0.866025403784439,25000.0,,2018-12-31T02:00:00,0.0,0.0,0.0,0.0,0.0,0.0,0.0,6106881.0,0.0,12.0,0.0,2007.0,De 11 a 16 anos,100000.0,False,False,1.0,12420.0,2020-11-09T14:39:51
6104,6177,Mrs. Alison Knight,Louise Stewart-Bryan,BCZK85893708311981,0,0.3913870529,0.0,2020-09-04T00:00:00,0,0.0,10000.0,AprovadoAnalista,De 31 a 50 % - Médio,0.625,0.3749999999999999,0.0,6000.0,,2019-12-31T00:00:00,99800.0,1000.0,100800.0,99800.0,1000.0,0.0,0.0,710226.0,0.0,6.0,0.0,2019.0,De 0 a 5 anos,99800.0,False,True,1.0,54000.0,2020-11-09T14:45:21
6109,6182,Fiona Newton-Williams,Bruce Newman,LEQG66380970401416,26,0.5563488084,0.0,2016-02-16T00:00:00,0,0.0,10000.0,AprovadoAnalista,De 31 a 50 % - Médio,0.6071428571428571,0.3928571428571428,-0.866025403784438,10000.0,,2018-12-31T00:00:00,0.0,0.0,0.0,0.0,0.0,0.0,0.0,247238.0,0.0,6.0,0.0,2016.0,De 0 a 5 anos,80000.0,False,False,0.6126549849,50600.0,2020-11-09T18:57:11
6110,6183,Claire Murphy,Martin Price,EMNQ02028964168567,3,0.4477745004,0.0,2018-07-23T00:00:00,0,0.0,15000.0,AprovadoAnalista,De 31 a 50 % - Médio,0.6428571428571428,0.3571428571428571,0.0,10000.0,,2019-12-31T00:00:00,341510.0,168603.0,342663.0,7627.0,152516.0,179109.0,90776.0,1110843.0,227293.0,12.0,883550.0,2017.0,De 0 a 5 anos,84500.0,False,False,1.0,1600.0,2020-11-09T18:57:44
6111,6184,Peter Wilson,Gary Cox,MIKH99969627550844,36,0.0,,2011-01-20T14:46:04,0,0.0,150000.0,AprovadoAnalista,De 31 a 50 % - Médio,0.625,0.375,0.805703022799159,150000.0,,2019-12-31T03:00:00,20363125.0,14299788.0,24556416.0,5521573.0,3420000.0,9473647.0,8161808.0,51458227.0,23848622.0,12.0,27609605.0,2010.0,De 6 a 10 anos,2500000.0,True,False,0.0,801856.0,2020-11-09T19:01:00
6123,6196,Dr. Gemma Adams,Suzanne Barlow,WJLZ42353192993932,12,0.0,,2018-09-25T12:12:41,0,0.0,20000.0,AprovadoAnalista,De 31 a 50 % - Médio,0.6428571428571428,0.3571428571428571,0.866025403784439,20000.0,,,,,,,,,,13753282.0,0.0,12.0,0.0,2014.0,De 6 a 10 anos,130000.0,False,True,0.0,949180.0,2020-11-09T20:22:52
6125,6198,Marc Bryan-Smith,Dawn Lloyd-Stevens,EKHW55805935786840,69,0.3185754491,6.76956418,2018-05-28T00:00:00,0,0.0,20000.0,AprovadoAnalista,De 31 a 50 % - Médio,0.5535714285714285,0.4464285714285714,0.984307646490019,10000.0,,,,,,,,,,1297930.0,0.0,12.0,0.0,2012.0,De 6 a 10 anos,100000.0,False,False,1.0,5400.0,2020-11-09T20:35:54
6128,6201,Hazel Ross,Chelsea Singh,CASL82587952232562,16,0.4701973788,0.0,2019-12-27T00:00:00,25,985.0,15000.0,AprovadoAnalista,De 31 a 50 % - Médio,0.5892857142857142,0.4107142857142857,0.0,5000.0,,2019-12-31T00:00:00,172097.0,20816.0,172097.0,151281.0,0.0,68748.0,64135.0,581717.0,161669.0,12.0,420048.0,2018.0,De 0 a 5 anos,99800.0,False,False,1.0,2200.0,2020-11-09T20:38:43
6130,6203,Dr. Abdul Morris,Sheila Hunt,LDWQ31709369222878,56,0.2035412428,0.0,2006-11-09T00:00:00,0,0.0,20000.0,AprovadoAnalista,De 31 a 50 % - Médio,0.6785714285714285,0.3214285714285714,0.0,15000.0,,,,,,,,,,0.0,0.0,1.0,0.0,2004.0,De 11 a 16 anos,10000.0,False,False,1.0,66600.0,2020-11-10T14:15:33
6132,6205,Mrs. Ruth Wilson,Kerry Pritchard-Hussain,YBUA65254642886758,18,0.4116718687,0.0,2009-01-20T00:00:00,29,1624.0,20000.0,AprovadoAnalista,De 31 a 50 % - Médio,0.5892857142857142,0.4107142857142857,-0.866025403784439,10000.0,,2019-12-31T00:00:00,3642393.0,4087024.0,5839438.0,-2075497.0,3250000.0,1098205.0,1939395.0,1761067.0,1466678.0,12.0,294389.0,1995.0,Acima de 17 anos,400000.0,True,False,0.402382571,26685.0,2020-11-10T14:18:23
6136,6209,William Ali,Mr. Howard Clark,VTMC56827253631607,5,0.2758590343,0.0,2020-07-07T00:00:00,0,0.0,50000.0,AprovadoAnalista,De 31 a 50 % - Médio,0.5892857142857142,0.4107142857142857,0.0,17000.0,,2019-12-31T00:00:00,10636.0,4451.0,10636.0,6184.0,0.0,0.0,0.0,569925.0,0.0,5.0,0.0,2019.0,De 0 a 5 anos,50000.0,False,False,1.0,1110.0,2020-11-10T14:26:20
6138,6211,Mr. Roger Smith,Ashley Thomas,UAPP21579316019174,0,0.0,,2020-10-22T10:40:48,0,0.0,40000.0,EmAnaliseDocumentacao,De 31 a 50 % - Médio,0.6785714285714285,0.3214285714285714,0.0,,,2019-12-31T00:00:00,0.0,0.0,0.0,0.0,0.0,0.0,0.0,3472193.0,0.0,11.0,0.0,2019.0,De 0 a 5 anos,1000000.0,False,True,0.0,418602.0,
6146,6219,Rosie Robson,Eric Hill,UQQU42866385594902,38,0.5443622859,0.0,2018-05-18T00:00:00,0,0.0,50000.0,AprovadoAnalista,De 31 a 50 % - Médio,0.5892857142857142,0.4107142857142857,0.997429227777756,5000.0,,,,,,,,,,4974859.0,0.0,12.0,0.0,2010.0,De 6 a 10 anos,150000.0,False,True,1.0,5200.0,2020-11-10T18:04:07
6147,6220,Mr. Karl Jones,Brian Bennett-Ryan,WWSB92356028633657,25,0.5662040907,0.0,2015-02-11T00:00:00,18,7752.24,30000.0,AprovadoAnalista,De 31 a 50 % - Médio,0.5892857142857142,0.4107142857142857,0.0,30000.0,,,,,,,,,,1317788.0,0.0,12.0,0.0,2005.0,De 11 a 16 anos,24000.0,False,False,1.0,19980.0,2020-11-10T19:25:11
6150,6223,Denise Thompson,Dr. Christian Smith,LHGO39484013568564,22,0.399997093,0.0,2018-03-27T00:00:00,173,10212.0,45000.0,AprovadoAnalista,De 31 a 50 % - Médio,0.5892857142857142,0.4107142857142857,0.085528244590572,10000.0,,,,,,,,,,2839041.0,0.0,12.0,0.0,2015.0,De 0 a 5 anos,93700.0,False,False,1.0,5400.0,2020-11-10T19:29:49
6152,6225,Suzanne Smith,Marian Day,AVAO63044598911311,14,0.5650457739,0.0,2019-12-17T00:00:00,42,118195.87,200000.0,AprovadoAnalista,De 31 a 50 % - Médio,0.6428571428571428,0.3571428571428571,0.0,200000.0,,2019-12-31T03:00:00,40147679.0,40222591.0,56028277.0,15136282.0,15775862.0,14799137.0,23664583.0,120776175.0,33545891.0,12.0,87230284.0,2004.0,De 11 a 16 anos,3000000.0,False,True,1.0,4670447.0,2020-11-10T20:04:36
6157,6230,Suzanne Smith,Marian Day,AVAO63044598911311,14,0.5650457739,0.0,2019-12-17T00:00:00,42,118195.87,230000.0,AprovadoAnalista,De 31 a 50 % - Médio,0.6428571428571428,0.3571428571428571,0.0,230000.0,,2019-12-31T03:00:00,40147679.0,40222591.0,56028277.0,15136282.0,15775862.0,14799137.0,23664583.0,120776175.0,33545891.0,12.0,87230284.0,2004.0,De 11 a 16 anos,3000000.0,False,True,1.0,4670447.0,2020-11-10T20:44:49
6159,6232,Denise Thompson,Dr. Christian Smith,LHGO39484013568564,22,0.399997093,0.0,2018-03-27T00:00:00,173,10212.0,15000.0,AprovadoAnalista,De 31 a 50 % - Médio,0.5892857142857142,0.4107142857142857,0.085528244590572,10000.0,,,,,,,,,,2700351.0,0.0,7.0,0.0,2015.0,De 0 a 5 anos,93700.0,False,False,1.0,5400.0,2020-11-11T14:05:35
6161,6234,Raymond Cooper,Darren Walker-Smith,XFEQ15670467214701,0,0.5921505465,0.0,2020-07-06T00:00:00,0,0.0,30000.0,AprovadoAnalista,De 31 a 50 % - Médio,0.6785714285714285,0.3214285714285714,0.0,15000.0,,,,,,,,,,1311625.0,0.0,12.0,0.0,2011.0,De 6 a 10 anos,10000.0,False,True,1.0,5760.0,2020-11-11T14:06:45
6162,6235,Mr. John Kelly,Ashleigh Johnston,LIKP61342673128476,0,0.4640430812,0.0,2019-12-26T00:00:00,40,2766.67,20000.0,AprovadoAnalista,De 31 a 50 % - Médio,0.6785714285714285,0.3214285714285714,0.0,5000.0,,,,,,,,,,1232938.0,0.0,12.0,0.0,2019.0,De 0 a 5 anos,20000.0,False,False,1.0,3960.0,2020-11-11T14:08:08
6168,6241,Clifford Lucas,Patricia Newton,YMBH12073345858823,259,0.5213125099,0.0,2006-06-12T00:00:00,36,41582.3,150000.0,AprovadoAnalista,De 31 a 50 % - Médio,0.6428571428571428,0.3571428571428571,-0.963804678630518,100000.0,,2019-12-31T03:00:00,2133611.0,172922.0,2431297.0,2243858.0,14515.0,144306.0,1948748.0,4020321.0,3025183.0,12.0,995138.0,1982.0,Acima de 17 anos,300000.0,False,True,0.9912998817,185174.0,2020-11-11T14:43:27
6171,6244,Gail Brown,Henry Cooper,XNYD03419746677869,7,0.0,,2018-04-16T09:01:08,0,0.0,25000.0,AprovadoAnalista,De 31 a 50 % - Médio,0.5357142857142857,0.4642857142857142,-1e-16,20000.0,,,,,,,,,,2383715.0,0.0,12.0,0.0,2016.0,De 0 a 5 anos,400000.0,False,True,0.0,1760.0,2020-11-11T14:51:20
6175,6248,Suzanne Smith,Marian Day,AVAO63044598911311,14,0.5650457739,0.0,2019-12-17T00:00:00,42,118195.87,230000.0,AprovadoAnalista,De 31 a 50 % - Médio,0.6428571428571428,0.3571428571428571,0.0,230000.0,,2019-12-31T03:00:00,40147679.0,40222591.0,56028277.0,15136282.0,15775862.0,14799137.0,23664583.0,120776175.0,33545891.0,12.0,87230284.0,2004.0,De 11 a 16 anos,3000000.0,False,True,1.0,4670447.0,2020-11-11T17:11:47
6185,6258,Tracey North,Janet Ross-Brown,TEPH38507220551477,4,0.4848944163,0.0,2013-04-05T00:00:00,154,6222.35,20000.0,AprovadoAnalista,De 31 a 50 % - Médio,0.6607142857142857,0.3392857142857142,0.0,20000.0,,,,,,,,,,5303778.0,0.0,12.0,0.0,2008.0,De 11 a 16 anos,95400.0,True,True,1.0,0.0,2020-11-11T20:13:43
6195,6268,Mr. John Kelly,Ashleigh Johnston,LIKP61342673128476,0,0.4640430812,0.0,2019-12-26T00:00:00,40,2766.67,15000.0,AprovadoAnalista,De 31 a 50 % - Médio,0.6428571428571428,0.3571428571428571,0.0,5000.0,,,,,,,,,,1232938.0,0.0,12.0,0.0,2019.0,De 0 a 5 anos,20000.0,False,False,1.0,3960.0,2020-11-12T14:16:50
6203,6276,Janice Price-Morris,Mr. Frank Robinson,UDSM06351638468293,8,0.4027320189,0.0,2020-06-01T00:00:00,0,0.0,10000.0,AprovadoAnalista,De 31 a 50 % - Médio,0.6785714285714285,0.3214285714285714,0.0,10000.0,,2019-12-31T00:00:00,328103.0,153605.0,355103.0,200503.0,103759.0,30859.0,942.0,305457.0,271776.0,12.0,33681.0,2005.0,De 11 a 16 anos,200000.0,False,True,1.0,3960.0,2020-11-12T17:15:20
6204,6277,Lisa Parker,Carole Pickering,ARLG39955776479526,4,0.4673365729,0.0,2015-03-11T00:00:00,52,351900.0,380000.0,AprovadoAnalista,De 31 a 50 % - Médio,0.6607142857142857,0.3392857142857142,0.866025403784439,250000.0,,2020-07-31T03:00:00,4374804.0,1287805.0,5027792.0,3739987.0,24540.0,791536.0,2587422.0,1447670.0,0.0,7.0,0.0,2010.0,De 6 a 10 anos,200000.0,False,True,1.0,437844.0,2020-11-12T17:21:58
6205,6278,Jemma Nicholson,Kerry Gordon,IQEK56179046731500,6,0.678246753,0.0,2018-10-08T00:00:00,0,0.0,20000.0,AprovadoAnalista,De 31 a 50 % - Médio,0.6071428571428571,0.3928571428571428,0.866025403784439,20000.0,,,,,,,,,,3455292.0,0.0,5.0,0.0,2017.0,De 0 a 5 anos,100000.0,False,False,1.0,5400.0,2020-11-12T17:41:41
6209,6282,Sarah Young,Connor Conway,UKFZ95932327752350,7,0.0,0.0,2020-05-20T00:00:00,0,7700.0,30000.0,AprovadoAnalista,De 31 a 50 % - Médio,0.625,0.375,0.0,30000.0,,,,,,,,,,3151155.0,0.0,12.0,0.0,2013.0,De 6 a 10 anos,150000.0,False,True,1.0,14580.0,2020-11-12T18:09:02
6211,6284,Hazel Roberts-Fisher,Oliver Bennett,SUCY95744026602979,10,0.5705925674,0.0,2007-04-24T00:00:00,130,4600.0,40000.0,AprovadoAnalista,De 31 a 50 % - Médio,0.5892857142857142,0.4107142857142857,0.0,10000.0,,,,,,,,,,835963.0,0.0,6.0,0.0,1994.0,Acima de 17 anos,78800.0,False,True,1.0,76000.0,2020-11-12T18:16:01
6214,6287,Miss Hilary Rowe,Shannon Thomas,AQDD58293283113645,4,0.5552716108,0.0,2018-07-25T00:00:00,0,0.0,10000.0,AprovadoAnalista,De 31 a 50 % - Médio,0.6607142857142857,0.3392857142857142,0.0,5000.0,,2019-12-31T00:00:00,0.0,0.0,0.0,0.0,0.0,0.0,0.0,1121995.0,0.0,12.0,0.0,2013.0,De 6 a 10 anos,30000.0,False,False,1.0,5280.0,2020-11-12T18:32:13
6222,6295,Sarah Young,Connor Conway,UKFZ95932327752350,7,0.0,0.0,2020-05-20T00:00:00,0,7700.0,50000.0,AprovadoAnalista,De 31 a 50 % - Médio,0.625,0.375,0.0,30000.0,,,,,,,,,,3151155.0,0.0,12.0,0.0,2013.0,De 6 a 10 anos,150000.0,False,True,1.0,14580.0,2020-11-12T20:05:52
6224,6297,Dr. Vanessa Bird,Anne Payne,GTPO06511661214973,25,0.3716760334,0.0,2012-12-21T00:00:00,63,176480.0,250000.0,AprovadoAnalista,De 31 a 50 % - Médio,0.6428571428571428,0.3571428571428571,-0.866025403784439,220000.0,,2019-12-31T03:00:00,1930887.0,1155866.0,1937372.0,244364.0,0.0,923452.0,923452.0,12123699.0,3323523.0,12.0,8800176.0,2008.0,De 11 a 16 anos,0.0,False,True,1.0,0.0,2020-11-13T14:41:11
6228,6301,Ms. Diana Rose,Christian Hawkins-Bentley,IMCM05865046111486,5,0.4141159308,0.0,2017-09-04T00:00:00,0,0.0,30000.0,AprovadoAnalista,De 31 a 50 % - Médio,0.6428571428571428,0.3571428571428571,0.0,30000.0,,,,,,,,,,777457.0,0.0,12.0,0.0,1996.0,Acima de 17 anos,100000.0,False,True,0.9996596424,5400.0,2020-11-13T14:48:03
6231,6304,Suzanne Smith,Marian Day,AVAO63044598911311,14,0.5650457739,0.0,2019-12-17T00:00:00,42,118195.87,200000.0,AprovadoAnalista,De 31 a 50 % - Médio,0.6428571428571428,0.3571428571428571,0.0,200000.0,,2019-12-31T03:00:00,40147679.0,40222591.0,56028277.0,15136282.0,15775862.0,14799137.0,23664583.0,120776175.0,33545891.0,12.0,87230284.0,2004.0,De 11 a 16 anos,3000000.0,False,True,1.0,4670447.0,2020-11-13T14:50:04
6233,6306,Mr. Joe Bennett,Mohammed Moore,DMQN53060099169512,6,0.4361733765,0.0,2020-01-14T00:00:00,24,1250.1,10000.0,AprovadoAnalista,De 31 a 50 % - Médio,0.6428571428571428,0.3571428571428571,0.0,5000.0,,2019-12-31T03:00:00,98500.0,0.0,98500.0,98500.0,0.0,0.0,95000.0,0.0,0.0,1.0,0.0,2019.0,De 0 a 5 anos,100000.0,False,True,1.0,1920.0,2020-11-13T15:04:53
6238,6311,Leigh Holloway,Kathleen Wallis,TSGC04752344347638,4,0.3626027927,0.0,2014-09-02T00:00:00,0,14616.0,250000.0,AprovadoAnalista,De 31 a 50 % - Médio,0.6428571428571428,0.3571428571428571,0.0,200000.0,,,,,,,,,,0.0,0.0,1.0,0.0,2011.0,De 6 a 10 anos,1000.0,False,True,1.0,12420.0,2020-11-13T15:04:00
6241,6314,Annette Payne,Dr. Adrian Carr,YJAW94222371363532,5,0.3793966492,0.0,2018-08-17T00:00:00,0,0.0,25000.0,AprovadoAnalista,De 31 a 50 % - Médio,0.6428571428571428,0.3571428571428571,0.0,10000.0,,,,,,,,,,490433.0,0.0,8.0,0.0,2014.0,De 6 a 10 anos,10000.0,False,False,1.0,3240.0,2020-11-13T15:24:26
6244,6317,Marion Graham,Dr. Philip Weston,GBYQ35716048437076,30,0.6215864295,0.0,2011-12-23T00:00:00,6,1093374.04,5000000.0,AprovadoAnalista,De 31 a 50 % - Médio,0.5892857142857142,0.4107142857142857,0.866025403784439,5000000.0,,,,,,,,,,0.0,0.0,1.0,0.0,2010.0,De 6 a 10 anos,979957432.0,False,False,1.0,132233152.0,2020-11-13T15:19:04
6245,6318,Dr. Vanessa Bird,Anne Payne,GTPO06511661214973,25,0.3716760334,0.0,2012-12-21T00:00:00,63,176480.0,255000.0,AprovadoAnalista,De 31 a 50 % - Médio,0.6428571428571428,0.3571428571428571,-0.866025403784439,255000.0,,2019-12-31T03:00:00,1930887.0,1155866.0,1937372.0,244364.0,0.0,923452.0,923452.0,12123699.0,3323523.0,12.0,8800176.0,2008.0,De 11 a 16 anos,0.0,False,True,1.0,0.0,2020-11-13T15:33:09
6247,6320,Colin Willis,Toby Coleman,YWAW74961277035994,4,0.0,,2017-09-29T17:29:46,0,0.0,905000.0,AprovadoAnalista,De 31 a 50 % - Médio,0.5357142857142857,0.4642857142857142,0.0,905000.0,,,,,,,,,,0.0,0.0,1.0,0.0,2017.0,De 0 a 5 anos,100000.0,False,True,0.0,53200.0,2020-11-13T15:39:08
6250,6323,Sarah Young,Connor Conway,UKFZ95932327752350,7,0.0,0.0,2020-05-20T00:00:00,0,7700.0,50000.0,AprovadoAnalista,De 31 a 50 % - Médio,0.625,0.375,0.0,50000.0,,,,,,,,,,3151155.0,0.0,12.0,0.0,2013.0,De 6 a 10 anos,150000.0,False,True,1.0,14580.0,2020-11-13T17:03:25
6252,6325,Peter Wilson,Gary Cox,MIKH99969627550844,36,0.0,,2011-01-20T14:46:04,0,0.0,315000.0,AprovadoAnalista,De 31 a 50 % - Médio,0.625,0.375,0.805703022799159,315000.0,,2020-06-30T03:00:00,26088742.0,19924482.0,30898217.0,5526940.0,2606185.0,14827041.0,9960467.0,28686224.0,26204012.0,6.0,2482212.0,2010.0,De 6 a 10 anos,2500000.0,True,False,0.0,801856.0,2020-11-13T19:03:32
6257,6330,Dr. Jacob Walsh,Dr. Joyce Atkins,MXRY81483989898276,6,0.4603992173,0.0,2018-05-22T00:00:00,0,0.0,20000.0,AprovadoAnalista,De 31 a 50 % - Médio,0.5892857142857142,0.4107142857142857,0.0,20000.0,,2019-12-31T00:00:00,0.0,0.0,0.0,0.0,0.0,0.0,0.0,5449348.0,1729303.0,12.0,3720045.0,2017.0,De 0 a 5 anos,100000.0,False,True,1.0,11400.0,2020-11-13T19:21:42
6289,6362,Victoria Smith,Ms. Jemma Roberts,XVTC97650951609322,26,0.4689179917,0.0,2020-05-25T00:00:00,19,340109.96,400000.0,AprovadoAnalista,De 31 a 50 % - Médio,0.5357142857142857,0.4642857142857142,0.0,400000.0,,,,,,,,,,0.0,0.0,1.0,0.0,2015.0,De 0 a 5 anos,80000.0,False,True,1.0,54000.0,2020-11-16T15:33:59
6293,6366,Kate Blackburn,Gareth Hussain,YIQH62542186185688,2,0.5607103857,0.0,2018-08-23T00:00:00,55,5400.0,40000.0,AprovadoAnalista,De 31 a 50 % - Médio,0.6428571428571428,0.3571428571428571,0.0,40000.0,,,,,,,,,,9223754.0,0.0,12.0,0.0,2015.0,De 0 a 5 anos,0.0,False,True,1.0,60200.0,2020-11-16T15:22:39
6294,6367,Jayne Conway,Thomas Miles,XEVT15916765618148,3,0.6180315495,0.0,2020-09-02T00:00:00,0,0.0,100000.0,AprovadoAnalista,De 31 a 50 % - Médio,0.5357142857142857,0.4642857142857142,0.0,70000.0,,,,,,,,,,0.0,0.0,1.0,0.0,2017.0,De 0 a 5 anos,100000.0,False,True,1.0,29700.0,2020-11-16T16:52:59
6298,6371,Ellie Ingram,Dennis Glover-Collins,YZJO60211728166336,0,0.6093137255,0.0,2018-12-26T00:00:00,0,0.0,50000.0,AprovadoAnalista,De 31 a 50 % - Médio,0.6428571428571428,0.3571428571428571,0.0,20000.0,,,,,,,,,,810931.0,0.0,8.0,0.0,2013.0,De 6 a 10 anos,100000.0,False,True,1.0,54000.0,2020-11-16T16:52:08
6302,6375,Mrs. Andrea Ward,Jennifer Howard,MBUB27367617219459,34,0.248667476,0.0,2016-08-30T00:00:00,253,109200.0,15000.0,AprovadoAnalista,De 31 a 50 % - Médio,0.5892857142857142,0.4107142857142857,-0.804269251750448,18000.0,,2019-12-31T00:00:00,3777522.0,1042658.0,4190258.0,2465366.0,367869.0,1948276.0,1173632.0,4359161.0,0.0,12.0,0.0,2000.0,Acima de 17 anos,300000.0,False,True,0.4095077804,85775.0,2020-11-16T20:08:05
6304,6377,Mohammad Barnett,Jonathan Webb,JUDS85528877776222,32,0.578498227,0.0,2018-05-22T00:00:00,0,137676.67,120000.0,AprovadoAnalista,De 31 a 50 % - Médio,0.6607142857142857,0.3392857142857142,0.866025403784439,120000.0,,2019-12-31T03:00:00,4104488.0,3606968.0,5925394.0,300649.0,807531.0,1116015.0,2829685.0,23734313.0,11307288.0,12.0,12427025.0,2017.0,De 0 a 5 anos,1500000.0,False,False,1.0,284800.0,2020-11-16T20:09:30
6305,6378,Hilary Rogers-Wilkinson,Caroline Owen,EVNS09080962180875,93,0.3444747394,0.0,2017-02-13T00:00:00,0,0.0,10000.0,AprovadoAnalista,De 31 a 50 % - Médio,0.5535714285714285,0.4464285714285714,0.866025403784439,5000.0,,,,,,,,,,85098.0,0.0,6.0,0.0,2015.0,De 0 a 5 anos,62900.0,False,False,1.0,14800.0,2020-11-16T20:12:20
6306,6379,Amber Hopkins-Carr,Dr. Frederick Wright,UVJA03993311901207,76,0.6142713193,0.0,2016-11-23T00:00:00,0,0.0,50000.0,AprovadoAnalista,De 31 a 50 % - Médio,0.6607142857142857,0.3392857142857142,0.912541576046406,50000.0,,,,,,,,,,2786636.0,0.0,12.0,0.0,2016.0,De 0 a 5 anos,20000.0,False,False,0.9596777974,2640.0,2020-11-16T20:13:08
6307,6380,Ms. Rebecca Stephens,Mohamed Davies,KNUX53036411167067,404,0.5692864616,0.0,2016-07-28T00:00:00,0,0.0,10000.0,AprovadoAnalista,De 31 a 50 % - Médio,0.625,0.375,-0.988237116308736,10000.0,,,,,,,,,,946991.0,0.0,12.0,0.0,2016.0,De 0 a 5 anos,20000.0,False,False,0.7167140462,720.0,2020-11-16T20:13:41
6313,6386,Paige Bird,Annette Gray,JCGH90118730892740,0,0.0,0.0,,0,0.0,20000.0,AprovadoAnalista,De 31 a 50 % - Médio,0.625,0.375,0.0,10000.0,,,,,,,,,,2369242.0,0.0,10.0,0.0,2019.0,De 0 a 5 anos,100000.0,False,True,0.0,48600.0,2020-11-17T14:08:03
6321,6394,Lee Bartlett-Fletcher,Tracey Owen,JPAL72760231225093,92,0.0,,2018-12-04T10:48:15,0,0.0,350000.0,AprovadoAnalista,De 31 a 50 % - Médio,0.5892857142857142,0.4107142857142857,0.866025403784439,235000.0,,2020-06-30T03:00:00,2859234.0,1965929.0,2896083.0,930154.0,636326.0,2187158.0,205546.0,8212208.0,1900460.0,12.0,6311748.0,2017.0,De 0 a 5 anos,185400.0,False,False,0.0,49477.0,2020-11-17T14:50:53
6323,6396,Marc Thompson,Jack Ellis-Hawkins,OPER95401723782708,8,0.428657209,0.0,2020-05-25T00:00:00,6,28862.81,90000.0,AprovadoAnalista,De 31 a 50 % - Médio,0.6428571428571428,0.3571428571428571,0.0,40000.0,,2020-07-31T00:00:00,1371965.0,326598.0,1371965.0,1045366.0,0.0,12023.0,84974.0,1881447.0,1423064.0,7.0,458383.0,2019.0,De 0 a 5 anos,150000.0,False,True,1.0,2640.0,2020-11-17T16:50:52
6330,6403,Amelia Reid,Mrs. Geraldine Gray,PXNS26198304149891,21,0.3955521614,0.0,2011-06-27T00:00:00,70,54935.49,50000.0,AprovadoAnalista,De 31 a 50 % - Médio,0.6607142857142857,0.3392857142857142,0.866025403784439,50000.0,,,,,,,,,,61149400.0,0.0,12.0,0.0,2005.0,De 11 a 16 anos,50000.0,False,False,1.0,658600.0,2020-11-17T18:38:37
6331,6404,Marc Thompson,Jack Ellis-Hawkins,OPER95401723782708,8,0.428657209,0.0,2020-05-25T00:00:00,6,28862.81,150000.0,ReprovadoAnalista,De 31 a 50 % - Médio,0.6428571428571428,0.3571428571428571,0.0,,,2020-07-31T00:00:00,1371965.0,326598.0,1371965.0,1045366.0,0.0,12023.0,84974.0,1881447.0,1423064.0,7.0,458383.0,2019.0,De 0 a 5 anos,150000.0,False,True,1.0,2640.0,
6336,6409,Charlene Khan,Dr. Mohamed Phillips,QMBA55941613517601,0,0.5150166153,0.0,2019-02-06T00:00:00,20,5040.0,35000.0,AprovadoAnalista,De 31 a 50 % - Médio,0.6428571428571428,0.3571428571428571,0.0,25000.0,,2019-12-31T00:00:00,955332.0,122626.0,1451165.0,1328538.0,0.0,93030.0,955332.0,1242302.0,372399.0,12.0,869903.0,2016.0,De 0 a 5 anos,30000.0,False,True,1.0,13200.0,2020-11-18T12:13:44
6339,6412,Dr. Katy Campbell,Charles Harvey,EPTF32156145712225,0,0.4420691703,0.0,2020-04-07T00:00:00,0,3302.2,150000.0,AprovadoAnalista,De 31 a 50 % - Médio,0.6071428571428571,0.3928571428571428,0.0,20000.0,,2020-06-30T00:00:00,629507.0,75703.0,636584.0,-31539.0,0.0,480755.0,0.0,2733969.0,592420.0,6.0,2141549.0,2017.0,De 0 a 5 anos,88000.0,False,True,1.0,75900.0,2020-11-18T12:18:28
6342,6415,Suzanne Smith,Marian Day,AVAO63044598911311,14,0.5650457739,0.0,2019-12-17T00:00:00,42,118195.87,210000.0,AprovadoAnalista,De 31 a 50 % - Médio,0.6428571428571428,0.3571428571428571,0.0,210000.0,,2019-12-31T03:00:00,40147679.0,40222591.0,56028277.0,15136282.0,15775862.0,14799137.0,23664583.0,120776175.0,33545891.0,12.0,87230284.0,2004.0,De 11 a 16 anos,3000000.0,False,True,1.0,4670447.0,2020-11-18T12:26:37
6344,6417,Amelia Reid,Mrs. Geraldine Gray,PXNS26198304149891,21,0.3955521614,0.0,2011-06-27T00:00:00,70,54935.49,65000.0,AprovadoAnalista,De 31 a 50 % - Médio,0.6785714285714285,0.3214285714285714,0.866025403784439,65000.0,,2019-12-31T03:00:00,0.0,0.0,0.0,0.0,0.0,0.0,0.0,61149400.0,0.0,12.0,0.0,2005.0,De 11 a 16 anos,50000.0,False,False,1.0,658600.0,2020-11-18T12:30:58
6353,6426,Shaun Barlow-Owen,Dr. Peter Bryan,NTPP27145676483888,2,0.1719910304,0.0,2019-07-29T00:00:00,60,57600.0,180000.0,AprovadoAnalista,De 31 a 50 % - Médio,0.6785714285714285,0.3214285714285714,0.0,150000.0,,2020-06-30T03:00:00,4914069.0,2392384.0,4914069.0,693409.0,0.0,2070113.0,2627427.0,4063074.0,0.0,12.0,0.0,2017.0,De 0 a 5 anos,350000.0,False,True,1.0,52800.0,2020-11-18T14:31:24
6356,6429,Oliver Nelson,Diane Mellor,JNZU40131737101208,0,0.4327342124,0.0,2020-01-15T00:00:00,0,0.0,5000.0,AprovadoAnalista,De 31 a 50 % - Médio,0.5714285714285714,0.4285714285714285,0.0,5000.0,,,,,,,,,,282707.0,0.0,12.0,0.0,2019.0,De 0 a 5 anos,5000.0,False,True,1.0,1960.0,2020-11-18T14:54:07
6357,6430,Miss Anna Ross,James Matthews,RKGL05620009953075,23,0.4455297784,0.0,2018-07-24T00:00:00,0,0.0,15000.0,AprovadoAnalista,De 31 a 50 % - Médio,0.5535714285714285,0.4464285714285714,0.866025403784439,5000.0,,,,,,,,,,535657.0,0.0,12.0,0.0,1998.0,Acima de 17 anos,60000.0,False,False,1.0,11880.0,2020-11-18T14:54:31
6360,6433,Colin Willis,Toby Coleman,YWAW74961277035994,4,0.0,,2017-09-29T17:29:46,0,0.0,1385000.0,AprovadoAnalista,De 31 a 50 % - Médio,0.5357142857142857,0.4642857142857142,0.0,1085000.0,,,,,,,,,,0.0,0.0,1.0,0.0,2017.0,De 0 a 5 anos,100000.0,False,True,0.0,53200.0,2020-11-18T14:46:52
6361,6434,Victoria Smith,Ms. Jemma Roberts,XVTC97650951609322,26,0.4689179917,0.0,2020-05-25T00:00:00,19,340109.96,500000.0,AprovadoAnalista,De 31 a 50 % - Médio,0.5357142857142857,0.4642857142857142,0.0,500000.0,,,,,,,,,,0.0,0.0,1.0,0.0,2015.0,De 0 a 5 anos,80000.0,False,True,1.0,54000.0,2020-11-18T18:07:29
6362,6435,Reece Howarth-Bibi,Paige Hill,BPCZ40130757750213,24,0.37732121,0.0,2019-11-18T00:00:00,0,0.0,20000.0,ReprovadoAnalista,De 31 a 50 % - Médio,0.5892857142857142,0.4107142857142857,0.0,,,,,,,,,,,1669646.0,0.0,12.0,0.0,2018.0,De 0 a 5 anos,100000.0,False,False,1.0,59400.0,
6369,6442,Jamie Garner-Brown,Brett Johnston,CNZD19216323131905,6,0.6438311032,0.0,2018-02-19T00:00:00,46,13480.0,41000.0,AprovadoAnalista,De 31 a 50 % - Médio,0.5357142857142857,0.4642857142857142,-0.0,41000.0,,,,,,,,,,1339251.0,0.0,12.0,0.0,2010.0,De 6 a 10 anos,500000.0,False,True,1.0,43200.0,2020-11-18T18:55:20
6377,6450,Louise Davies,Dr. Nigel Peters,ABGB63739462819218,21,0.5881468596,0.0,2010-08-17T00:00:00,0,0.0,15000.0,AprovadoAnalista,De 31 a 50 % - Médio,0.6607142857142857,0.3392857142857142,0.830822563812937,15000.0,,,,,,,,,,4905479.0,0.0,12.0,0.0,2002.0,Acima de 17 anos,100000.0,False,True,0.9783789146,216043.0,2020-11-19T13:19:17
6389,6462,Ashley Wright,Brett Sutton,ADCX92383495319162,4,0.422874991,0.0,2020-03-17T00:00:00,128,132458.89,250000.0,AprovadoAnalista,De 31 a 50 % - Médio,0.6071428571428571,0.3928571428571428,0.0,135000.0,,2020-09-30T03:00:00,22896322.0,24649955.0,31305160.0,3887520.0,4750537.0,1279192.0,11547673.0,30497661.0,14042900.0,9.0,16454761.0,2016.0,De 0 a 5 anos,400000.0,True,False,1.0,0.0,2020-11-19T14:53:49
6390,6463,Colin Willis,Toby Coleman,YWAW74961277035994,4,0.0,,2017-09-29T17:29:46,0,0.0,1595000.0,AprovadoComite,De 31 a 50 % - Médio,0.5357142857142857,0.4642857142857142,0.0,1435000.0,2020-11-20T12:28:51,,,,,,,,,0.0,0.0,1.0,0.0,2017.0,De 0 a 5 anos,100000.0,False,True,0.0,53200.0,
6391,6464,Angela Jackson,Lauren Lambert,ZWCV40300251994075,3,0.4726548049,0.0,2017-11-10T00:00:00,67,4385.26,30000.0,AprovadoAnalista,De 31 a 50 % - Médio,0.6071428571428571,0.3928571428571428,0.866025403784438,7000.0,,2019-12-31T00:00:00,52461.0,5230.0,53421.0,48191.0,0.0,25266.0,8820.0,263102.0,56175.0,12.0,206927.0,2017.0,De 0 a 5 anos,10000.0,False,False,1.0,3200.0,2020-11-19T19:27:23
6393,6466,Mrs. Jane Peters,Dale Bond,LBZW73045635655092,6,0.4254318684,0.0,2020-04-29T00:00:00,0,0.0,5000.0,AprovadoAnalista,De 31 a 50 % - Médio,0.6428571428571428,0.3571428571428571,0.0,5000.0,,,,,,,,,,774438.0,0.0,12.0,0.0,2019.0,De 0 a 5 anos,100000.0,False,False,1.0,840.0,2020-11-19T19:31:48
6398,6471,Suzanne Smith,Marian Day,AVAO63044598911311,14,0.5650457739,0.0,2019-12-17T00:00:00,42,118195.87,260000.0,AprovadoAnalista,De 31 a 50 % - Médio,0.6428571428571428,0.3571428571428571,0.0,260000.0,,2019-12-31T03:00:00,40147679.0,40222591.0,56028277.0,15136282.0,15775862.0,14799137.0,23664583.0,120776175.0,33545891.0,12.0,87230284.0,2004.0,De 11 a 16 anos,3000000.0,False,True,1.0,4670447.0,2020-11-19T20:18:51
6399,6472,Ms. Marilyn Rice,Mr. Joseph Pritchard,DXTH63307889252921,0,0.285015942,0.0,2020-08-12T00:00:00,0,0.0,30000.0,AprovadoAnalista,De 31 a 50 % - Médio,0.6428571428571428,0.3571428571428571,0.0,25000.0,,,,,,,,,,1245473.0,0.0,12.0,0.0,2009.0,De 11 a 16 anos,75000.0,False,True,1.0,10120.0,2020-11-20T12:58:34
6401,6474,Marilyn Williams,Marie Harding,TXTO74383490945715,13,0.3040172091,0.0,2018-07-31T00:00:00,0,0.0,20000.0,ReprovadoAnalista,De 31 a 50 % - Médio,0.5178571428571428,0.4821428571428571,0.277380822159406,,,2019-12-31T00:00:00,3863919.0,358515.0,6079783.0,5406940.0,36500.0,426682.0,115401.0,0.0,0.0,1.0,0.0,2000.0,Acima de 17 anos,60000.0,True,False,1.0,86198.0,
6405,6478,Kerry Brown-James,Clifford Price,QERM89266006911361,3,0.4925814105,0.0,2019-07-24T00:00:00,0,3126.09,10000.0,AprovadoAnalista,De 31 a 50 % - Médio,0.6607142857142857,0.3392857142857142,0.0,10000.0,,2019-12-31T00:00:00,0.0,0.0,0.0,0.0,0.0,0.0,0.0,385803.0,184256.0,12.0,201547.0,2016.0,De 0 a 5 anos,50000.0,False,False,1.0,28800.0,2020-11-20T15:42:12
6416,6489,Peter Barlow,Mrs. Sally Walker,FOZQ39728582407424,103,0.4744776638,0.0,2016-08-02T00:00:00,0,0.0,15000.0,AprovadoAnalista,De 31 a 50 % - Médio,0.5178571428571428,0.4821428571428571,0.96927554762106,10000.0,,2019-12-31T00:00:00,0.0,0.0,0.0,0.0,0.0,0.0,0.0,3935599.0,0.0,12.0,0.0,2001.0,Acima de 17 anos,99800.0,True,True,0.8943651265,0.0,2020-11-20T18:40:55
6417,6490,Terence Bolton,Brian Lyons,NCZS95684097595062,6,0.4539601499,0.0,2017-07-21T00:00:00,0,0.0,49950.0,AprovadoAnalista,De 31 a 50 % - Médio,0.5357142857142857,0.4642857142857142,0.0,20000.0,,,,,,,,,,6618249.0,0.0,12.0,0.0,2016.0,De 0 a 5 anos,0.0,False,True,1.0,5400.0,2020-11-20T18:42:36
6418,6491,Mr. Jordan Stevens,Miss Ellie Kelly,UCBM91111020900951,23,0.3297961267,0.0,2016-08-03T00:00:00,0,0.0,190000.0,AprovadoAnalista,De 31 a 50 % - Médio,0.6428571428571428,0.3571428571428571,-0.927590165600965,190000.0,,2019-12-31T03:00:00,7346700.0,5304185.0,8945697.0,1678506.0,1122450.0,4278294.0,2690647.0,20052539.0,3766634.0,12.0,16285905.0,2014.0,De 6 a 10 anos,1500000.0,False,True,0.9588687939,293689.0,2020-11-20T18:44:37
6420,6493,Michael Butler,Ms. Josephine Moran,CBOR06498157284064,0,0.6919159692,0.0,2020-08-07T00:00:00,48,2773.34,15000.0,AprovadoAnalista,De 31 a 50 % - Médio,0.6428571428571428,0.3571428571428571,0.0,15000.0,,,,,,,,,,670015.0,0.0,12.0,0.0,2015.0,De 0 a 5 anos,10000.0,False,False,1.0,5120.0,2020-11-20T19:10:44
6421,6494,Joel Smith,Joan Tomlinson,UECO47173118951385,11,0.0,,2020-06-17T16:30:21,0,0.0,2000000.0,ReprovadoAnalista,De 31 a 50 % - Médio,0.5892857142857142,0.4107142857142857,0.0,,,2020-06-30T03:00:00,12226262.0,11580228.0,13298557.0,188584.0,916629.0,4803882.0,6039078.0,19418063.0,0.0,6.0,0.0,2019.0,De 0 a 5 anos,310000.0,True,False,0.0,0.0,
6426,6499,Dale Hicks,Dr. Lynne Taylor,YGAV24439860580925,4,0.4739860289,0.0,2019-03-26T00:00:00,0,0.0,7500.0,AprovadoAnalista,De 31 a 50 % - Médio,0.5357142857142857,0.4642857142857142,0.0,7500.0,,,,,,,,,,260114.0,0.0,12.0,0.0,2019.0,De 0 a 5 anos,100000.0,False,False,1.0,4400.0,2020-11-23T13:49:53
6427,6500,Russell Kirby,Dr. Diane Bird,SQYW10688933765755,43,0.3501461909,0.0,2017-03-23T00:00:00,0,0.0,40000.0,AprovadoAnalista,De 31 a 50 % - Médio,0.5535714285714285,0.4464285714285714,0.835862323576417,28000.0,,2019-12-31T00:00:00,2586263.0,1257545.0,2586263.0,1328718.0,0.0,47088.0,115000.0,3554593.0,967974.0,12.0,2586619.0,2016.0,De 0 a 5 anos,95400.0,False,True,0.9454513316,9900.0,2020-11-23T13:49:28
6429,6502,Amelia Thomas,Eleanor Wilson,OYJB24693224986182,41,0.341106362,0.0,2012-05-09T00:00:00,0,2760.0,20000.0,AprovadoAnalista,De 31 a 50 % - Médio,0.6071428571428571,0.3928571428571428,0.718537400918295,15000.0,,2019-12-31T00:00:00,20396883.0,17699263.0,4799512.0,-19514982.0,32117742.0,9550405.0,6450155.0,43509979.0,18213246.0,12.0,25296733.0,1990.0,Acima de 17 anos,600000.0,False,False,0.9700428259,160200.0,2020-11-23T18:02:15
6430,6503,Matthew Rogers-Turnbull,Carly Ahmed,CQMR60128302148861,4,0.5926673774,0.0,2020-07-09T00:00:00,0,0.0,120000.0,AprovadoAnalista,De 31 a 50 % - Médio,0.5714285714285714,0.4285714285714285,0.0,5000.0,,2019-12-31T03:00:00,102284.0,1580.0,102284.0,100704.0,0.0,0.0,33121.0,235315.0,128962.0,12.0,106353.0,2017.0,De 0 a 5 anos,93700.0,False,True,1.0,16200.0,2020-11-23T18:05:05
6433,6506,Mr. Samuel Taylor,Julie Smith,XSVI97026547564335,0,0.5035386632,0.0,2017-09-28T00:00:00,14,1220.8,25000.0,AprovadoAnalista,De 31 a 50 % - Médio,0.6428571428571428,0.3571428571428571,0.0,20000.0,,,,,,,,,,1115033.0,0.0,12.0,0.0,2005.0,De 11 a 16 anos,40000.0,False,True,1.0,7040.0,2020-11-23T18:11:58
6437,6510,Beverley Mason-Simpson,Janet Parkinson,JOBA24652045791438,53,0.3583783697,0.0,2006-05-29T00:00:00,51,1985132.91,2500000.0,AprovadoAnalista,De 31 a 50 % - Médio,0.6607142857142857,0.3392857142857142,0.377718961343198,2500000.0,,2020-07-31T03:00:00,49337937.0,34037207.0,61144332.0,21291910.0,6410440.0,13597742.0,14092250.0,64015383.0,26375821.0,7.0,37639562.0,1991.0,Acima de 17 anos,500000.0,True,False,0.9970277668,1344862.0,2020-11-23T18:22:44
6444,6517,Amy Thomas,Julia Charlton,OZZL67412627954352,6,0.4707618308,0.0,2015-06-03T00:00:00,26,37782.74,50000.0,AprovadoAnalista,De 31 a 50 % - Médio,0.6428571428571428,0.3571428571428571,0.0,50000.0,,,,,,,,,,2194352.0,0.0,6.0,0.0,2012.0,De 6 a 10 anos,20000.0,False,True,1.0,81400.0,2020-11-23T18:56:49
6450,6523,Dr. Neil Storey,Dr. Tina Cook,UNDK90907670379987,0,0.0279896296,0.0,2020-07-20T00:00:00,0,0.0,10000.0,AprovadoAnalista,De 31 a 50 % - Médio,0.6428571428571428,0.3571428571428571,0.0,10000.0,,2019-12-31T00:00:00,0.0,0.0,0.0,0.0,0.0,0.0,0.0,857464.0,846494.0,12.0,10970.0,2015.0,De 0 a 5 anos,80000.0,False,False,1.0,8800.0,2020-11-23T20:33:12
6459,6532,Ms. Emily Franklin,Denise Metcalfe,MQVK07333858929355,4,0.3622206994,0.0,2018-04-06T00:00:00,0,0.0,20000.0,AprovadoAnalista,De 31 a 50 % - Médio,0.6428571428571428,0.3571428571428571,0.0,10000.0,,,,,,,,,,406117.0,0.0,12.0,0.0,2018.0,De 0 a 5 anos,15000.0,False,False,1.0,3840.0,2020-11-24T13:44:11
6464,6537,Mary Davis,Jay Hurst,XPVZ80447104399027,3,0.5261150209,0.0,2019-04-26T00:00:00,23,20471.75,50000.0,AprovadoAnalista,De 31 a 50 % - Médio,0.6428571428571428,0.3571428571428571,0.0,45000.0,,2020-06-30T00:00:00,1516105.0,590467.0,1550493.0,52659.0,195000.0,0.0,922281.0,1005925.0,843101.0,6.0,162824.0,2018.0,De 0 a 5 anos,100000.0,False,True,1.0,46200.0,2020-11-24T13:59:43
6465,6538,Mrs. Alison Knight,Louise Stewart-Bryan,BCZK85893708311981,0,0.3913870529,0.0,2020-09-04T00:00:00,0,0.0,6000.0,AprovadoAnalista,De 31 a 50 % - Médio,0.5892857142857142,0.4107142857142857,0.0,6000.0,,2019-12-31T00:00:00,99800.0,1000.0,100800.0,99800.0,1000.0,0.0,0.0,710226.0,0.0,6.0,0.0,2019.0,De 0 a 5 anos,99800.0,False,True,1.0,54000.0,2020-11-24T14:02:11
6467,6540,Guy Doyle,Gordon Parker,VTGI49160366287342,0,0.4720119767,0.0,2019-11-28T00:00:00,0,0.0,20000.0,AprovadoAnalista,De 31 a 50 % - Médio,0.5714285714285714,0.4285714285714285,0.0,5000.0,,,,,,,,,,308245.0,0.0,12.0,0.0,2019.0,De 0 a 5 anos,10000.0,False,True,1.0,3780.0,2020-11-24T14:03:53
6468,6541,Sarah Hopkins,Mr. Conor Jones,AZFO81709966547489,57,0.3158088191,0.0,2019-06-27T00:00:00,0,0.0,750000.0,AprovadoAnalista,De 31 a 50 % - Médio,0.5178571428571428,0.4821428571428571,0.866025403784439,120000.0,,2019-12-31T03:00:00,0.0,0.0,0.0,0.0,0.0,0.0,0.0,575720048.0,0.0,12.0,0.0,2017.0,De 0 a 5 anos,0.0,True,False,1.0,0.0,2020-11-24T14:48:39
6469,6542,Dr. Joshua Bell,Mr. Lewis Taylor,NLAY01734080877232,0,0.2807330247,0.0,2020-10-29T00:00:00,0,0.0,30000.0,ReprovadoAnalista,De 31 a 50 % - Médio,0.5714285714285714,0.4285714285714285,0.0,,,,,,,,,,,125056.0,0.0,12.0,0.0,2018.0,De 0 a 5 anos,95400.0,False,True,1.0,1920.0,
6476,6549,Jason Lucas,Luke Collier,LECE32338153311549,4,0.5436747955,0.0,2019-11-22T00:00:00,39,706540.0,400000.0,AprovadoAnalista,De 31 a 50 % - Médio,0.6428571428571428,0.3571428571428571,0.0,250000.0,,2020-04-30T03:00:00,8085333.0,1621824.0,8085333.0,4975362.0,0.0,6618553.0,938357.0,5108914.0,2753927.0,4.0,2354987.0,2018.0,De 0 a 5 anos,95400.0,False,True,1.0,2700.0,2020-11-24T16:20:14
6478,6551,Miss Marian Davies,Terry White,TFEL91872907456970,4,0.3395635443,0.0,2019-06-13T00:00:00,228,4624.0,20000.0,AprovadoAnalista,De 31 a 50 % - Médio,0.6428571428571428,0.3571428571428571,0.866025403784439,5000.0,,,,,,,,,,557213.0,0.0,7.0,0.0,2017.0,De 0 a 5 anos,150000.0,False,False,1.0,5882.0,2020-11-24T17:43:14
6479,6552,Justin Perkins,Leanne Perry,XYVX24702043102303,5,0.0,,2017-09-27T08:40:26,0,0.0,150000.0,AprovadoAnalista,De 31 a 50 % - Médio,0.5714285714285714,0.4285714285714285,0.0,80000.0,,2019-12-31T03:00:00,1059547.0,454862.0,1149036.0,694354.0,36144.0,465083.0,322905.0,3721946.0,0.0,12.0,0.0,2015.0,De 0 a 5 anos,20000.0,False,True,0.0,11880.0,2020-11-24T17:49:47
6480,6553,David Fisher,Kelly Jones,QKUI58388979912613,13,0.0,,2011-12-20T15:27:46,0,0.0,40000.0,AprovadoAnalista,De 31 a 50 % - Médio,0.6607142857142857,0.3392857142857142,0.866025403784439,10000.0,,,,,,,,,,733647.0,0.0,12.0,0.0,1993.0,Acima de 17 anos,50000.0,False,False,0.0,3700.0,2020-11-24T17:50:42
6487,6560,Clive Roberts,Pauline Wilson-Francis,OQCF73166064514069,9,0.4177026042,0.0,2012-11-19T00:00:00,0,0.0,10000.0,AprovadoAnalista,De 31 a 50 % - Médio,0.6428571428571428,0.3571428571428571,0.0,5000.0,,2019-12-31T00:00:00,208567.0,8036.0,208567.0,126827.0,73703.0,0.0,208567.0,186809.0,0.0,12.0,0.0,2015.0,De 0 a 5 anos,140000.0,False,False,1.0,7040.0,2020-11-24T19:55:57
6489,6562,Simon Perry,Mr. Bernard Cooper,XXKN68171995852950,0,0.3948925501,0.0,2017-09-29T00:00:00,33,29316.0,35000.0,AprovadoAnalista,De 31 a 50 % - Médio,0.6428571428571428,0.3571428571428571,0.0,25000.0,,,,,,,,,,2500564.0,0.0,12.0,0.0,2016.0,De 0 a 5 anos,90000.0,False,True,1.0,345000.0,2020-11-24T19:51:04
6501,6574,Diane Fraser,Miss Carol Page,HNBH42804715968893,22,0.6681595223,0.0,2018-05-07T00:00:00,0,0.0,20000.0,AprovadoAnalista,De 31 a 50 % - Médio,0.6607142857142857,0.3392857142857142,0.866025403784438,5000.0,,2019-12-31T00:00:00,722762.0,425972.0,767905.0,311345.0,0.0,20760.0,675247.0,0.0,0.0,1.0,0.0,2017.0,De 0 a 5 anos,20000.0,False,False,1.0,720.0,2020-11-24T20:16:52
6504,6577,Ms. Sian Bailey,Diane Johnson-Taylor,YKXU30431829277402,13,0.4501926536,0.0,2017-11-08T00:00:00,0,0.0,10000.0,AprovadoAnalista,De 31 a 50 % - Médio,0.5535714285714285,0.4464285714285714,-5e-16,10000.0,,2019-12-31T00:00:00,0.0,0.0,0.0,0.0,0.0,0.0,0.0,939696.0,0.0,12.0,0.0,1992.0,Acima de 17 anos,73000.0,True,True,1.0,4400.0,2020-11-24T20:22:15
6509,6582,Mr. Brandon Harvey,Gerald Carter,BAKQ80361753127845,6,0.4200234266,0.0,2019-11-08T00:00:00,0,0.0,10000.0,AprovadoAnalista,De 31 a 50 % - Médio,0.6428571428571428,0.3571428571428571,0.0,10000.0,,,,,,,,,,657883.0,0.0,12.0,0.0,1996.0,Acima de 17 anos,10000.0,False,False,1.0,19800.0,2020-11-24T20:38:06
6511,6584,Eric Hill-Higgins,Chloe Chapman,AWLB59487092897674,46,0.467796779,0.0,2010-12-09T00:00:00,0,0.0,12000.0,AprovadoAnalista,De 31 a 50 % - Médio,0.5535714285714285,0.4464285714285714,0.509558912586152,12000.0,,,,,,,,,,6368223.0,4111234.0,2.0,2256989.0,2009.0,De 11 a 16 anos,700000.0,False,True,0.5180531,609641.0,2020-11-24T20:38:27
6512,6585,Miss Holly Dyer,Louis O'Donnell,LAHP29255752573624,65,0.326171528,0.0,2012-05-16T00:00:00,0,0.0,10000.0,AprovadoAnalista,De 31 a 50 % - Médio,0.6607142857142857,0.3392857142857142,0.887153704499029,10000.0,,,,,,,,,,4424052.0,0.0,12.0,0.0,2011.0,De 6 a 10 anos,10000.0,False,False,0.9342657706,36000.0,2020-11-24T20:39:25
6514,6587,Ross Dixon,Jenna Hamilton,BURR08716804692293,3,0.4267279522,0.0,2014-04-30T00:00:00,0,0.0,35000.0,AprovadoAnalista,De 31 a 50 % - Médio,0.6428571428571428,0.3571428571428571,0.0,35000.0,,,,,,,,,,756168.0,0.0,12.0,0.0,2013.0,De 6 a 10 anos,100000.0,False,True,1.0,108000.0,2020-11-24T20:41:52
6518,6591,Mr. Mohammed Hayward,Danny Miller,JASM14953492414629,20,0.3207537313,0.0,2017-10-27T00:00:00,19,2680.0,50000.0,AprovadoAnalista,De 31 a 50 % - Médio,0.6607142857142857,0.3392857142857142,0.548772770923828,50000.0,,2019-12-31T00:00:00,1007312.0,212785.0,1154730.0,941945.0,0.0,681468.0,521581.0,13674293.0,5469718.0,12.0,8204575.0,2015.0,De 0 a 5 anos,100000.0,False,False,0.9433600003,6480.0,2020-11-24T21:05:47
6519,6592,Kimberley Barton,Karen Reynolds,BFRW45357875791361,27,0.5185961055,0.0,2015-11-04T00:00:00,29,8534.0,10000.0,AprovadoAnalista,De 31 a 50 % - Médio,0.5535714285714285,0.4464285714285714,0.866025403784439,10000.0,,,,,,,,,,1549367.0,0.0,12.0,0.0,2013.0,De 6 a 10 anos,120000.0,False,True,1.0,4860.0,2020-11-24T20:40:01
6520,6593,Ashleigh Brown-Harrison,Ms. Debra Leach,HUJZ10998040233700,3,0.4444104952,0.0,2019-03-28T00:00:00,2,3310.89,85000.0,AprovadoAnalista,De 31 a 50 % - Médio,0.5,0.4999999999999999,0.0,85000.0,,2020-03-31T03:00:00,11966679.0,3952216.0,12139199.0,7455030.0,1000000.0,4465307.0,5389317.0,8930896.0,3004491.0,3.0,5926405.0,2017.0,De 0 a 5 anos,300000.0,True,True,1.0,0.0,2020-11-24T21:03:29
6521,6594,Kenneth Harding,Miss Jean Johnson,NVRA01836223320976,31,0.3537143689,0.0,2016-02-15T00:00:00,9,1802.0,12000.0,AprovadoAnalista,De 31 a 50 % - Médio,0.5,0.4999999999999999,-0.252479839083301,10000.0,,2019-12-31T00:00:00,226394.0,258756.0,228252.0,188486.0,138414.0,205206.0,92943.0,1244481.0,63744.0,12.0,1180737.0,2015.0,De 0 a 5 anos,30000.0,False,False,0.9691207615,11840.0,2020-11-24T21:06:22
6522,6595,Mathew Mitchell,Graham Collins-Pugh,TPAP99152822865357,22,0.2502195751,0.0,2017-12-12T00:00:00,42,21113.39,40000.0,AprovadoAnalista,De 31 a 50 % - Médio,0.5714285714285714,0.4285714285714285,0.0,30000.0,,,,,,,,,,1308080.0,0.0,12.0,0.0,2007.0,De 11 a 16 anos,30000.0,False,False,1.0,108000.0,2020-11-24T21:06:59
6526,6599,Dr. Garry Day,Dr. Roger Law,ZBNT93199231215831,3,0.4231741089,0.0,2020-08-11T00:00:00,90,27869.81,50000.0,ReprovadoAnalista,De 31 a 50 % - Médio,0.6785714285714285,0.3214285714285714,0.0,,,2019-12-31T00:00:00,0.0,0.0,0.0,0.0,0.0,0.0,0.0,57584557.0,0.0,12.0,0.0,2014.0,De 6 a 10 anos,300000.0,True,False,1.0,53400.0,
6527,6600,Tina Hussain,Nicole Wilson,WKAN89093410038187,0,0.64502625,0.0,2020-08-24T00:00:00,180,4400.0,5000.0,AprovadoAnalista,De 31 a 50 % - Médio,0.6428571428571428,0.3571428571428571,0.0,5000.0,,,,,,,,,,88205.0,0.0,7.0,0.0,2017.0,De 0 a 5 anos,20000.0,False,False,1.0,9990.0,2020-11-24T21:30:00
6533,6606,Dr. Martyn Davies,Gareth Dunn-Rowley,RJZT69310220957737,3,0.0546473255,0.0,2017-09-05T00:00:00,0,0.0,40000.0,AprovadoAnalista,De 31 a 50 % - Médio,0.625,0.375,0.0,10000.0,,,,,,,,,,1439506.0,0.0,12.0,0.0,2003.0,Acima de 17 anos,20000.0,False,True,1.0,9990.0,2020-11-25T13:22:23
6534,6607,Suzanne Smith,Marian Day,AVAO63044598911311,14,0.5650457739,0.0,2019-12-17T00:00:00,42,118195.87,300000.0,AprovadoAnalista,De 31 a 50 % - Médio,0.6428571428571428,0.3571428571428571,0.0,300000.0,,2019-12-31T03:00:00,40147679.0,40222591.0,56028277.0,15136282.0,15775862.0,14799137.0,23664583.0,120776175.0,33545891.0,12.0,87230284.0,2004.0,De 11 a 16 anos,3000000.0,False,True,1.0,4670447.0,2020-11-25T13:31:16
6536,6609,Stanley Walker,Mary Harrison,TKER72373391424695,107,0.6087450151,0.0,2016-06-15T00:00:00,35,29100.0,20000.0,AprovadoAnalista,De 31 a 50 % - Médio,0.5892857142857142,0.4107142857142857,0.999924122550094,10000.0,,,,,,,,,,7538965.0,0.0,12.0,0.0,2009.0,De 11 a 16 anos,300000.0,False,True,0.6949513444,360591.0,2020-11-25T13:49:04
6538,6611,Douglas Taylor,Dale Lowe,JXCH36268697453955,18,0.3745726656,0.0,2014-02-21T00:00:00,44,90290.9,100000.0,AprovadoAnalista,De 31 a 50 % - Médio,0.6785714285714285,0.3214285714285714,0.944120201989244,100000.0,,2019-09-30T03:00:00,2655027.0,2666384.0,3522857.0,464879.0,422216.0,901100.0,452251.0,9049348.0,-167469.0,9.0,9216817.0,2009.0,De 11 a 16 anos,30000.0,False,False,0.8306436156,106800.0,2020-11-25T13:52:16
6539,6612,Joan Rowe,Mr. Jack Marshall,RDPM11292168507022,15,0.3668305248,0.0,2018-11-26T00:00:00,0,0.0,50000.0,AprovadoAnalista,De 31 a 50 % - Médio,0.5892857142857142,0.4107142857142857,0.0,10000.0,,2020-10-31T00:00:00,130385.0,15177.0,130385.0,150000.0,0.0,31742.0,137433.0,472629.0,274150.0,10.0,198479.0,2018.0,De 0 a 5 anos,150000.0,False,False,1.0,66600.0,2020-11-25T14:09:00
6550,6623,Jason Lucas,Luke Collier,LECE32338153311549,4,0.5436747955,0.0,2019-11-22T00:00:00,39,706540.0,500000.0,AprovadoComite,De 31 a 50 % - Médio,0.6428571428571428,0.3571428571428571,0.0,250000.0,2020-11-25T18:47:42,2020-10-31T03:00:00,11692203.0,1718194.0,12518249.0,5341092.0,0.0,9897590.0,923371.0,17508914.0,7850253.0,10.0,9658661.0,2018.0,De 0 a 5 anos,95400.0,False,True,1.0,2700.0,
6552,6625,Joel Smith,Joan Tomlinson,UECO47173118951385,11,0.0,,2020-06-17T16:30:21,0,0.0,1500000.0,AprovadoAnalista,De 31 a 50 % - Médio,0.5892857142857142,0.4107142857142857,0.0,1000000.0,,2020-06-30T03:00:00,12226262.0,11580228.0,13298557.0,188584.0,916629.0,4803882.0,6039078.0,19418063.0,0.0,6.0,0.0,2019.0,De 0 a 5 anos,310000.0,True,False,0.0,0.0,2020-11-25T19:17:30
6559,6632,Aaron Page-Wright,Declan Wood,BLTC33069147176152,0,0.3945491657,0.0,2019-05-28T00:00:00,0,0.0,10000.0,AprovadoAnalista,De 31 a 50 % - Médio,0.5357142857142857,0.4642857142857142,0.0,5000.0,,,,,,,,,,0.0,0.0,1.0,0.0,2018.0,De 0 a 5 anos,96000.0,False,True,1.0,5120.0,2020-11-25T20:25:55
6568,6641,Mathew Mitchell,Graham Collins-Pugh,TPAP99152822865357,22,0.2502195751,0.0,2017-12-12T00:00:00,42,21113.39,35000.0,AprovadoAnalista,De 31 a 50 % - Médio,0.6785714285714285,0.3214285714285714,0.0,30000.0,,,,,,,,,,773386.0,0.0,6.0,0.0,2007.0,De 11 a 16 anos,30000.0,False,False,1.0,108000.0,2020-11-26T15:16:34
6573,6646,Ms. Leanne Lane,Sian Simpson,SLZM38683459065738,0,0.6076713014,0.0,2020-05-27T00:00:00,0,0.0,10000.0,AprovadoAnalista,De 31 a 50 % - Médio,0.5714285714285714,0.4285714285714285,0.0,5000.0,,,,,,,,,,270851.0,0.0,10.0,0.0,2018.0,De 0 a 5 anos,95400.0,False,True,1.0,5180.0,2020-11-26T17:24:10
6574,6647,Laura Miller,Matthew Jones,QSNS22901171503732,31,0.0,,2015-10-29T16:55:59,0,0.0,15000.0,AprovadoAnalista,De 31 a 50 % - Médio,0.6607142857142857,0.3392857142857142,-0.737389849978146,10000.0,,,,,,,,,,1835697.0,0.0,12.0,0.0,2012.0,De 6 a 10 anos,50000.0,False,False,0.0,96000.0,2020-11-26T17:24:53
6575,6648,Hannah Kaur,Mrs. Pamela Farrell,XOYK27598034041252,6,0.2827067719,0.0,2020-07-07T00:00:00,16,13960.0,30000.0,AprovadoAnalista,De 31 a 50 % - Médio,0.6428571428571428,0.3571428571428571,0.0,10000.0,,,,,,,,,,921052.0,0.0,7.0,0.0,2018.0,De 0 a 5 anos,105000.0,False,True,1.0,6480.0,2020-11-26T17:28:21
6580,6653,Shaun Giles,Phillip Rees,LLHK77055509342084,44,0.298744452,0.0,2015-08-07T00:00:00,13,6073.6,25000.0,AprovadoAnalista,De 31 a 50 % - Médio,0.5892857142857142,0.4107142857142857,-0.962219620715599,20000.0,,,,,,,,,,4856931.0,0.0,12.0,0.0,2015.0,De 0 a 5 anos,50000.0,False,False,0.644604823,1620.0,2020-11-26T17:41:19
6581,6654,Christian Leach-Nolan,Clive Rogers-Phillips,BHDA22167290434814,0,0.7450988237,0.0,2020-11-04T00:00:00,0,0.0,15000.0,ReprovadoAnalista,De 31 a 50 % - Médio,0.5892857142857142,0.4107142857142857,0.0,,,,,,,,,,,173700.0,0.0,11.0,0.0,2013.0,De 6 a 10 anos,67800.0,True,True,1.0,0.0,
6584,6657,Marilyn Williams,Marie Harding,TXTO74383490945715,13,0.3040172091,0.0,2018-07-31T00:00:00,0,0.0,20000.0,ReprovadoAnalista,De 31 a 50 % - Médio,0.625,0.375,0.277380822159406,,,2019-12-31T00:00:00,3863919.0,358515.0,6079783.0,5406940.0,36500.0,426682.0,115401.0,1958121.0,0.0,12.0,0.0,2000.0,Acima de 17 anos,60000.0,True,False,1.0,86198.0,
6595,6668,Damien Hart,Josh Bryan-Wilson,VIJS49154641676716,4,0.0,,2018-02-28T16:18:18,0,0.0,40000.0,AprovadoAnalista,De 31 a 50 % - Médio,0.6428571428571428,0.3571428571428571,0.0,30000.0,,,,,,,,,,1110498.0,0.0,12.0,0.0,2018.0,De 0 a 5 anos,50000.0,False,False,0.0,9600.0,2020-11-26T19:03:45
6599,6672,Joseph Hall,Brandon Kelly,OGNW57638962179494,11,0.4624635403,0.0,2019-07-26T00:00:00,0,0.0,10000.0,AprovadoAnalista,De 31 a 50 % - Médio,0.5892857142857142,0.4107142857142857,0.866025403784439,5000.0,,2020-09-30T00:00:00,220300.0,12605.0,220300.0,116875.0,0.0,0.0,10691.0,308083.0,107900.0,9.0,200183.0,2016.0,De 0 a 5 anos,0.0,False,True,1.0,1080.0,2020-11-26T19:09:18
6601,6674,Carole Foster,Mrs. Kim Williams,AKPJ01257879311254,55,0.3216696061,0.0,2018-08-02T00:00:00,0,0.0,50000.0,AprovadoAnalista,De 31 a 50 % - Médio,0.6607142857142857,0.3392857142857142,0.866025403784439,15000.0,,,,,,,,,,2958712.0,0.0,11.0,0.0,2016.0,De 0 a 5 anos,88000.0,False,False,1.0,0.0,2020-11-26T19:18:09
6604,6677,Katy Miah-Wright,Mr. Allan Lane,FKKV69046772807692,19,0.0,,2018-12-17T08:36:57,0,0.0,5000.0,AprovadoAnalista,De 31 a 50 % - Médio,0.5357142857142857,0.4642857142857142,0.866025403784439,5000.0,,,,,,,,,,0.0,0.0,1.0,0.0,2013.0,De 6 a 10 anos,80000.0,False,True,0.0,59400.0,2020-11-26T19:30:41
6612,6685,Tracey Robson-Harris,Cameron Goddard,ZXWN65545910840183,34,0.0831909887,0.0,2018-10-17T00:00:00,86,29333.33,3000000.0,AprovadoAnalista,De 31 a 50 % - Médio,0.6785714285714285,0.3214285714285714,0.2204223297581,700000.0,,2019-12-31T03:00:00,29377375.0,6150973.0,36874719.0,26678784.0,0.0,17158703.0,10550462.0,46268194.0,23370277.0,12.0,22897917.0,2009.0,De 11 a 16 anos,3800000.0,False,True,1.0,2470808.0,2020-11-27T19:36:19
6616,6689,Terence Foster,Brandon Gibson,QHZV29713047888758,93,0.5669856041,0.0,2011-11-24T00:00:00,0,0.0,50000.0,AprovadoAnalista,De 31 a 50 % - Médio,0.5892857142857142,0.4107142857142857,-1.1e-15,25000.0,,,,,,,,,,1112885.0,0.0,5.0,0.0,2010.0,De 6 a 10 anos,10000.0,False,True,1.0,10120.0,2020-11-27T14:15:18
6630,6703,Marion Graham,Dr. Philip Weston,GBYQ35716048437076,30,0.6215864295,0.0,2011-12-23T00:00:00,6,1093374.04,9200000.0,AprovadoComite,De 31 a 50 % - Médio,0.5892857142857142,0.4107142857142857,0.866025403784439,9200000.0,2020-11-27T19:23:10,,,,,,,,,0.0,0.0,1.0,0.0,2010.0,De 6 a 10 anos,979957432.0,False,False,1.0,132233152.0,
6634,6707,Declan Hall-Phillips,Aimee Cooper,RPIW31490472382571,14,0.5189080828,0.0,2017-09-18T00:00:00,18,4819.37,50000.0,AprovadoAnalista,De 31 a 50 % - Médio,0.6428571428571428,0.3571428571428571,0.0,35000.0,,2018-12-31T00:00:00,0.0,0.0,0.0,0.0,0.0,0.0,0.0,2620126.0,0.0,12.0,0.0,2005.0,De 11 a 16 anos,0.0,False,True,1.0,77400.0,2020-11-27T18:56:37
6639,6712,Miss Georgia McLean,Abbie Baker-Foster,JVJM40852958699811,0,0.4035111182,0.0,2019-03-22T00:00:00,83,4192.0,10000.0,AprovadoAnalista,De 31 a 50 % - Médio,0.5535714285714285,0.4464285714285714,0.0,5000.0,,2019-12-31T00:00:00,1792725.0,3034617.0,2475643.0,-781050.0,1108428.0,0.0,1805000.0,0.0,0.0,1.0,0.0,1996.0,Acima de 17 anos,72400.0,False,True,1.0,0.0,2020-11-27T19:54:03
6641,6714,Jeremy Ward-Grant,Grace Lambert,AUZR18230288099013,3,0.4297211727,0.0,2019-09-23T00:00:00,0,0.0,15000.0,AprovadoAnalista,De 31 a 50 % - Médio,0.6428571428571428,0.3571428571428571,0.0,15000.0,,2019-12-31T00:00:00,222288.0,92198.0,272288.0,180089.0,0.0,124572.0,95363.0,545680.0,158497.0,12.0,387183.0,2019.0,De 0 a 5 anos,100000.0,False,True,1.0,12277.0,2020-11-27T19:55:14
6643,6716,Lee Davies-Taylor,Ms. Anna Hussain,AXWH17381339347090,46,0.4189205617,0.0,2006-08-11T00:00:00,0,0.0,40000.0,AprovadoAnalista,De 31 a 50 % - Médio,0.6428571428571428,0.3571428571428571,-0.14193461592863,30000.0,,,,,,,,,,12463600.0,4258856.0,12.0,8204744.0,2005.0,De 11 a 16 anos,90000.0,False,True,0.6152266476,250000.0,2020-11-27T19:58:12
6644,6717,Jasmine Brown,Sian Lewis,UDSM80343135950565,3,0.7578569444,0.0,2020-09-21T00:00:00,28,14400.0,15000.0,AprovadoAnalista,De 31 a 50 % - Médio,0.5357142857142857,0.4642857142857142,0.0,15000.0,,,,,,,,,,403255.0,0.0,6.0,0.0,2016.0,De 0 a 5 anos,100000.0,False,True,1.0,1320.0,2020-11-27T19:58:45
6647,6720,Laura Humphreys-Turnbull,Adam Sutton,SSQO45035022197843,4,0.5802038308,0.0,2020-05-26T00:00:00,0,0.0,10000.0,AprovadoAnalista,De 31 a 50 % - Médio,0.5357142857142857,0.4642857142857142,0.0,5000.0,,,,,,,,,,4648777.0,0.0,12.0,0.0,2019.0,De 0 a 5 anos,0.0,False,True,1.0,720.0,2020-11-30T14:20:48
6649,6722,Alison Warner,Jodie Williams,DRGO46021180427862,0,0.4165934543,0.0,2019-06-24T00:00:00,0,0.0,10000.0,AprovadoAnalista,De 31 a 50 % - Médio,0.6428571428571428,0.3571428571428571,0.0,5000.0,,,,,,,,,,160518.0,0.0,12.0,0.0,2016.0,De 0 a 5 anos,30000.0,False,False,1.0,4400.0,2020-11-30T14:22:27
6651,6724,Marion Lynch-Taylor,Kathryn Power-Mason,OGWM99265986867408,0,0.3859177578,0.0,2016-12-19T00:00:00,0,0.0,20000.0,AprovadoAnalista,De 31 a 50 % - Médio,0.6428571428571428,0.3571428571428571,0.0,20000.0,,,,,,,,,,603757.0,0.0,12.0,0.0,2014.0,De 6 a 10 anos,80000.0,False,True,1.0,59400.0,2020-11-30T14:26:50
6652,6725,Miss Georgia McLean,Abbie Baker-Foster,JVJM40852958699811,0,0.4035111182,0.0,2019-03-22T00:00:00,83,4192.0,7000.0,AprovadoAnalista,De 31 a 50 % - Médio,0.5535714285714285,0.4464285714285714,0.0,7000.0,,2019-12-31T00:00:00,1792725.0,3034617.0,2475643.0,-781050.0,1108428.0,0.0,1805000.0,0.0,0.0,1.0,0.0,1996.0,Acima de 17 anos,72400.0,False,True,1.0,0.0,2020-11-30T14:28:28
6655,6728,Leigh Butler,Kyle Bull,NTKO21813251683839,18,0.627505787,0.0,2019-04-11T00:00:00,24,34920.0,50000.0,AprovadoAnalista,De 31 a 50 % - Médio,0.6071428571428571,0.3928571428571428,0.866025403784439,30000.0,,2019-12-31T00:00:00,0.0,0.0,0.0,0.0,0.0,0.0,0.0,2118538.0,0.0,8.0,0.0,2018.0,De 0 a 5 anos,95400.0,False,True,1.0,5280.0,2020-11-30T14:55:33
6657,6730,Andrea Thomas,Elizabeth Harrison-Davis,HLSB25210925374623,6,0.3537732052,0.0,2017-06-14T00:00:00,68,31876.9,50000.0,AprovadoAnalista,De 31 a 50 % - Médio,0.6428571428571428,0.3571428571428571,0.919369691923421,45000.0,,,,,,,,,,3293243.0,0.0,10.0,0.0,2006.0,De 11 a 16 anos,133000.0,False,True,1.0,50600.0,2020-11-30T16:34:20
6662,6735,Stephen Burrows,Julian Norman-Davis,CCKR53308019589129,26,0.5041096941,0.0,2018-05-24T00:00:00,0,1260.0,30000.0,AprovadoAnalista,De 31 a 50 % - Médio,0.5535714285714285,0.4464285714285714,0.866025403784438,15000.0,,,,,,,,,,2091000.0,0.0,12.0,0.0,2016.0,De 0 a 5 anos,250000.0,False,False,1.0,37096.0,2020-11-30T17:43:08
6663,6736,Melissa Fox,Mohammad Williams,XOJN85121096449747,9,0.4187989043,0.0,2019-05-13T00:00:00,0,0.0,40000.0,AprovadoAnalista,De 31 a 50 % - Médio,0.6071428571428571,0.3928571428571428,0.0,15000.0,,2019-12-30T00:00:00,0.0,0.0,0.0,0.0,0.0,0.0,0.0,1554225.0,0.0,12.0,0.0,2016.0,De 0 a 5 anos,95400.0,False,False,1.0,35200.0,2020-11-30T17:44:56
6668,6741,Dominic Harris,Suzanne Wade,VIXN23294482013957,45,0.3321861084,0.0,2006-07-12T00:00:00,0,0.0,20000.0,ReprovadoAnalista,De 31 a 50 % - Médio,0.5178571428571428,0.4821428571428571,-6e-16,,,2019-12-31T00:00:00,356473.0,353226.0,363449.0,-278038.0,241932.0,0.0,201415.0,929581.0,229840.0,12.0,699741.0,2000.0,Acima de 17 anos,20000.0,True,False,1.0,32400.0,
6672,6745,Gareth Brown,Mr. Gareth Murphy,OUVC52688562303880,0,0.5387763001,0.0,2018-10-02T00:00:00,0,0.0,49999.0,AprovadoAnalista,De 31 a 50 % - Médio,0.6785714285714285,0.3214285714285714,0.0,20000.0,,,,,,,,,,1942310.0,1287849.0,12.0,654461.0,2017.0,De 0 a 5 anos,150000.0,False,True,1.0,62100.0,2020-11-30T19:26:56
6676,6749,Andrew Barlow,Dr. Barry Carpenter,ZBJI53890581783095,4,0.3748695035,0.0,2018-03-13T00:00:00,39,7050.0,150000.0,AprovadoAnalista,De 31 a 50 % - Médio,0.6428571428571428,0.3571428571428571,0.0,15000.0,,2019-12-31T03:00:00,247790.0,43623.0,247790.0,204167.0,0.0,123659.0,31852.0,298883.0,141641.0,12.0,157242.0,2017.0,De 0 a 5 anos,100000.0,False,True,0.9680354669,8966.0,2020-11-30T19:31:46
6679,6752,Timothy Smith,Sam Collins-Bibi,LYTI34499533573184,1,0.4863966071,0.0,2015-07-28T00:00:00,0,0.0,100000.0,AprovadoAnalista,De 31 a 50 % - Médio,0.6607142857142857,0.3392857142857142,0.0,30000.0,,2020-07-31T03:00:00,3369425.0,4938250.0,3825361.0,-1620166.0,4078000.0,644358.0,1354634.0,2799539.0,1364493.0,7.0,1435046.0,2012.0,De 6 a 10 anos,193691.0,False,True,1.0,60800.0,2020-11-30T20:02:08
6680,6753,Joanne Douglas,Mary Richards,LFRN44473405670965,0,0.6462350281,0.0,2020-06-10T00:00:00,0,0.0,55000.0,AprovadoAnalista,De 31 a 50 % - Médio,0.6785714285714285,0.3214285714285714,0.0,15000.0,,,,,,,,,,1645247.0,0.0,12.0,0.0,2014.0,De 6 a 10 anos,100000.0,False,True,1.0,2640.0,2020-11-30T20:07:19
6690,6763,Sarah Young,Connor Conway,UKFZ95932327752350,7,0.0,0.0,2020-05-20T00:00:00,0,7700.0,50000.0,AprovadoAnalista,De 31 a 50 % - Médio,0.625,0.375,0.0,50000.0,,,,,,,,,,2091321.0,0.0,12.0,0.0,2013.0,De 6 a 10 anos,150000.0,False,True,1.0,14580.0,2020-11-30T21:18:26
6692,6765,Ms. Sharon Kennedy,Lynda Wood,GOMC34990249493217,0,0.5932890127,0.0,2020-07-20T00:00:00,21,12560.0,150000.0,AprovadoAnalista,De 31 a 50 % - Médio,0.5714285714285714,0.4285714285714285,0.0,5000.0,,2019-12-31T03:00:00,251131.0,44234.0,251131.0,76276.0,0.0,27554.0,171286.0,185198.0,137320.0,10.0,47878.0,2019.0,De 0 a 5 anos,99800.0,False,True,1.0,5760.0,2020-11-30T21:23:28
6694,6767,Elaine Hughes,Dr. Alex Ward,LYQY24097893612376,0,0.4168647751,0.0,2020-03-13T00:00:00,0,0.0,50000.0,AprovadoAnalista,De 31 a 50 % - Médio,0.625,0.3749999999999999,0.0,20000.0,,2018-12-31T00:00:00,0.0,0.0,0.0,0.0,0.0,0.0,0.0,16468388.0,0.0,12.0,0.0,2016.0,De 0 a 5 anos,150000.0,False,True,1.0,0.0,2020-12-01T14:22:51
6698,6771,Mrs. Mary Long,Diana Berry,QYNW94208030341457,22,0.5223494949,0.0,2018-07-11T00:00:00,0,0.0,20000.0,AprovadoAnalista,De 31 a 50 % - Médio,0.5535714285714285,0.4464285714285714,0.866025403784439,20000.0,,2019-12-31T00:00:00,312197.0,172966.0,348617.0,175650.0,0.0,182504.0,123440.0,1487891.0,609699.0,12.0,878192.0,2017.0,De 0 a 5 anos,300000.0,False,True,1.0,62100.0,2020-12-01T14:25:08
6700,6773,Joanne Douglas,Mary Richards,LFRN44473405670965,0,0.6462350281,0.0,2020-06-10T00:00:00,0,0.0,15200.0,AprovadoAnalista,De 31 a 50 % - Médio,0.6428571428571428,0.3571428571428571,0.0,15200.0,,,,,,,,,,1645247.0,0.0,12.0,0.0,2014.0,De 6 a 10 anos,100000.0,False,True,1.0,2640.0,2020-12-01T14:27:28
6705,6778,Jeffrey Mitchell,Holly Anderson,GWRC08080858785449,14,0.6094534597,0.0,2014-04-17T00:00:00,113,4500.0,10000.0,AprovadoAnalista,De 31 a 50 % - Médio,0.5892857142857142,0.4107142857142857,-0.866025403784438,10000.0,,,,,,,,,,294611.0,0.0,12.0,0.0,2011.0,De 6 a 10 anos,50000.0,False,False,0.0,9600.0,2020-12-01T14:58:52
6712,6785,Ashley Wright,Brett Sutton,ADCX92383495319162,4,0.422874991,0.0,2020-03-17T00:00:00,128,132458.89,135000.0,ReprovadoAnalista,De 31 a 50 % - Médio,0.5714285714285714,0.4285714285714285,0.0,,,2020-09-30T03:00:00,22896322.0,24649955.0,31305160.0,3887520.0,4750537.0,1279192.0,11547673.0,30497661.0,14042900.0,9.0,16454761.0,2016.0,De 0 a 5 anos,400000.0,True,False,1.0,0.0,
6713,6786,Leigh Taylor,Mrs. Janet Higgins,TENN67023289154724,6,0.4862709731,0.0,2017-07-11T00:00:00,30,12150.36,50000.0,AprovadoAnalista,De 31 a 50 % - Médio,0.5892857142857142,0.4107142857142857,0.0,50000.0,,2018-12-31T02:00:00,0.0,0.0,0.0,0.0,0.0,0.0,0.0,5902872.0,0.0,12.0,0.0,2017.0,De 0 a 5 anos,20000.0,False,True,1.0,6660.0,2020-12-01T15:23:17
6715,6788,Nicholas Smith,Sian Edwards,JJES66351752080675,18,0.3578667961,0.0,2018-02-16T00:00:00,0,0.0,150000.0,AprovadoAnalista,De 31 a 50 % - Médio,0.6071428571428571,0.3928571428571428,0.0,125000.0,,2019-12-31T03:00:00,8757950.0,5081670.0,12948852.0,-569822.0,7430367.0,3478942.0,4456204.0,28314041.0,7041439.0,12.0,21272602.0,2003.0,Acima de 17 anos,3000000.0,False,False,1.0,347600.0,2020-12-01T16:39:24
6716,6789,Mary Robinson,Holly Price-Hunt,KGDH06368588301445,21,0.4234819261,0.0,2017-02-16T00:00:00,0,0.0,20000.0,AprovadoAnalista,De 31 a 50 % - Médio,0.5892857142857142,0.4107142857142857,-0.915641494678232,10000.0,,,,,,,,,,2778255.0,0.0,12.0,0.0,2017.0,De 0 a 5 anos,80000.0,False,False,0.8452437084,72600.0,2020-12-01T16:39:46
6717,6790,Kyle Lane,Sean Jackson,PYFF16698930333737,6,0.4457972389,0.0,2020-02-17T00:00:00,0,0.0,50000.0,AprovadoAnalista,De 31 a 50 % - Médio,0.5714285714285714,0.4285714285714285,0.0,5000.0,,,,,,,,,,2045312.0,0.0,12.0,0.0,2019.0,De 0 a 5 anos,10000.0,False,True,1.0,2220.0,2020-12-01T16:40:36
6719,6792,Sophie Williams-Craig,Mr. Guy Lamb,AMVK70950785139481,9,0.6533681481,0.0,2017-04-26T00:00:00,723,513580.14,900000.0,AprovadoAnalista,De 31 a 50 % - Médio,0.5357142857142857,0.4642857142857142,0.98453788288906,900000.0,,2019-12-31T03:00:00,14534249.0,12160819.0,22560504.0,10399685.0,7603324.0,7760018.0,5648647.0,56858056.0,24111638.0,12.0,32746418.0,2015.0,De 0 a 5 anos,99800.0,False,True,0.9861354842,1178871.0,2020-12-01T16:41:37
6721,6794,Elaine Hughes,Dr. Alex Ward,LYQY24097893612376,0,0.4168647751,0.0,2020-03-13T00:00:00,0,0.0,30000.0,AprovadoAnalista,De 31 a 50 % - Médio,0.5892857142857142,0.4107142857142857,0.0,30000.0,,2018-12-31T00:00:00,0.0,0.0,0.0,0.0,0.0,0.0,0.0,16468388.0,0.0,12.0,0.0,2016.0,De 0 a 5 anos,150000.0,False,True,1.0,0.0,2020-12-02T12:30:37
6730,6803,Mr. Donald Edwards,Guy Hawkins,UZPB08122088998814,0,0.0,,2018-07-24T09:42:57,0,0.0,50000.0,AprovadoAnalista,De 31 a 50 % - Médio,0.6607142857142857,0.3392857142857142,0.0,15500.0,,,,,,,,,,1079522.0,0.0,9.0,0.0,2014.0,De 6 a 10 anos,200000.0,False,True,0.0,13680.0,2020-12-01T18:06:03
6736,6809,Gordon Green,Dr. Samuel Watson,EGDE48055859235086,168,0.6059192308,0.0,2008-09-02T00:00:00,74,5850.0,15000.0,AprovadoAnalista,De 31 a 50 % - Médio,0.6607142857142857,0.3392857142857142,-0.116851945935164,5000.0,,,,,,,,,,4425171.0,0.0,12.0,0.0,2006.0,De 11 a 16 anos,250000.0,False,True,0.7775565608,2160.0,2020-12-02T12:45:09
6740,6813,Ms. Eleanor Brown,Carolyn Hodgson-Stephenson,JCGD95559729656381,15,0.0,,2017-07-31T15:37:10,0,0.0,50000.0,AprovadoAnalista,De 31 a 50 % - Médio,0.5892857142857142,0.4107142857142857,0.0,40000.0,,,,,,,,,,2893910.0,0.0,3.0,0.0,2016.0,De 0 a 5 anos,905000.0,False,False,0.0,29700.0,2020-12-02T12:50:22
6744,6817,Dr. Kirsty Khan,Matthew Thompson,CMYL88760689494616,0,0.6348735886,0.0,2020-11-18T00:00:00,0,0.0,10000.0,AprovadoAnalista,De 31 a 50 % - Médio,0.6785714285714285,0.3214285714285714,0.0,5000.0,,,,,,,,,,312935.0,0.0,9.0,0.0,2018.0,De 0 a 5 anos,10000.0,False,False,1.0,3700.0,2020-12-02T12:54:04
6746,6819,Joyce White,Dr. Conor Parker,DUND29684115996522,8,0.3599412425,0.0,2018-02-08T00:00:00,0,0.0,80000.0,AprovadoAnalista,De 31 a 50 % - Médio,0.5535714285714285,0.4464285714285714,0.866025403784439,15000.0,,2019-12-31T03:00:00,0.0,0.0,0.0,0.0,0.0,0.0,0.0,1272469.0,0.0,12.0,0.0,2017.0,De 0 a 5 anos,93700.0,False,True,1.0,4440.0,2020-12-02T12:57:44
6751,6824,Naomi Matthews,Mr. Norman Stokes,PTRF84329143487204,5,0.4268242347,0.0,2013-05-23T00:00:00,0,0.0,20000.0,ReprovadoAnalista,De 31 a 50 % - Médio,0.6607142857142857,0.3392857142857142,0.0,,,2019-12-31T00:00:00,1305183.0,40393.0,2154104.0,2113710.0,0.0,803598.0,486176.0,1363415.0,531711.0,12.0,831704.0,2005.0,De 11 a 16 anos,100000.0,True,False,1.0,15630.0,
6752,6825,Dr. Brian Jones,Ms. Andrea Davey,PMKK79965158094689,19,0.6912038462,0.0,2018-10-09T00:00:00,54,5200.0,100000.0,AprovadoAnalista,De 31 a 50 % - Médio,0.6428571428571428,0.3571428571428571,0.866025403784438,50000.0,,2019-12-31T03:00:00,365263.0,807033.0,745210.0,-547640.0,645000.0,120107.0,229572.0,214532987.0,213231639.0,12.0,1301348.0,2006.0,De 11 a 16 anos,30000.0,False,False,1.0,86000.0,2020-12-02T13:40:01
6755,6828,Ms. Suzanne Morris,Toby Nicholson,HVEU57586394154454,5,0.3197537313,0.0,2014-09-17T00:00:00,32,4020.0,10000.0,AprovadoAnalista,De 31 a 50 % - Médio,0.6607142857142857,0.3392857142857142,0.0,10000.0,,2019-12-31T00:00:00,0.0,0.0,0.0,0.0,0.0,0.0,0.0,482554.0,100266.0,12.0,382288.0,2002.0,Acima de 17 anos,50000.0,False,False,1.0,4400.0,2020-12-02T14:15:30
6764,6837,Mr. Darren Grant,Sheila Jones-Blake,CXIG28465604067668,18,0.0,,2019-12-27T13:35:50,0,0.0,40000.0,AprovadoAnalista,De 31 a 50 % - Médio,0.5357142857142857,0.4642857142857142,0.0,30000.0,,2020-12-31T00:00:00,0.0,0.0,0.0,0.0,0.0,0.0,0.0,1779460.0,0.0,12.0,0.0,2017.0,De 0 a 5 anos,15000.0,False,True,0.0,19800.0,2020-12-02T15:10:51
6767,6840,William Simmons-Matthews,Dr. Marian Smith,UVYL53105358785066,20,0.5167641478,0.0,2010-06-22T00:00:00,12,14578.2,49000.0,AprovadoAnalista,De 31 a 50 % - Médio,0.5714285714285714,0.4285714285714285,-0.949739123780773,35000.0,,2020-09-30T00:00:00,1295892.0,2326535.0,2776167.0,-399327.0,65023.0,4224307.0,1076953.0,6875327.0,2874967.0,9.0,4000360.0,2007.0,De 11 a 16 anos,250000.0,False,False,0.7515371717,71200.0,2020-12-02T15:11:44
6769,6842,Dr. Hayley Freeman,Mr. Garry Green,XCGV50737515493791,224,0.3144315725,0.0,2014-02-26T00:00:00,26,31523.31,50000.0,AprovadoAnalista,De 31 a 50 % - Médio,0.6428571428571428,0.3571428571428571,0.980388761939606,40000.0,,2019-12-31T00:00:00,899482.0,142560.0,899482.0,756921.0,129342.0,2650.0,164166.0,2122601.0,556751.0,12.0,1565850.0,2013.0,De 6 a 10 anos,95400.0,False,True,1.0,53154.0,2020-12-02T15:15:10
6771,6844,Reece Howarth-Bibi,Paige Hill,BPCZ40130757750213,24,0.37732121,0.0,2019-11-18T00:00:00,0,0.0,10000.0,AprovadoAnalista,De 31 a 50 % - Médio,0.5892857142857142,0.4107142857142857,0.0,7000.0,,,,,,,,,,2542081.0,0.0,12.0,0.0,2018.0,De 0 a 5 anos,100000.0,False,False,1.0,25200.0,2020-12-02T14:27:03
6777,6850,Dr. Gerald Hall,Ms. Jean Evans,MHIZ09738816071248,0,0.5122830707,0.0,2018-05-03T00:00:00,74,7937.99,49900.0,ReprovadoAnalista,De 31 a 50 % - Médio,0.625,0.375,0.866025403784439,,,,,,,,,,,341265.0,71384.0,12.0,269881.0,1971.0,Acima de 17 anos,2000000.0,True,False,1.0,17800726.0,
6778,6851,Jessica Anderson-Fuller,Mrs. Frances Buckley,HZJB07110281971580,3,0.4418016071,0.0,2019-09-26T00:00:00,21,1839.95,10000.0,AprovadoAnalista,De 31 a 50 % - Médio,0.5357142857142857,0.4642857142857142,0.0,10000.0,,,,,,,,,,806670.0,0.0,12.0,0.0,2019.0,De 0 a 5 anos,99800.0,False,True,1.0,35200.0,2020-12-02T15:24:57
6780,6853,Joe Daniels,Jane May,TCAN39751967994928,0,0.5809061152,0.0,2017-09-18T00:00:00,0,0.0,16000.0,AprovadoAnalista,De 31 a 50 % - Médio,0.6428571428571428,0.3571428571428571,0.0,16000.0,,2019-12-31T00:00:00,444462.0,0.0,444462.0,424305.0,0.0,0.0,60000.0,748525.0,517932.0,12.0,230593.0,2017.0,De 0 a 5 anos,100000.0,False,True,1.0,7920.0,2020-12-02T15:26:19
6781,6854,Phillip Barber,Paula Bennett,LPFJ21465680706778,3,0.4121689535,0.0,2017-11-10T00:00:00,37,17996.78,25000.0,AprovadoAnalista,De 31 a 50 % - Médio,0.5535714285714285,0.4464285714285714,0.0,25000.0,,,,,,,,,,1183599.0,0.0,12.0,0.0,2017.0,De 0 a 5 anos,130000.0,True,False,1.0,2640.0,2020-12-02T15:26:53
6784,6857,Tracey Robson-Harris,Cameron Goddard,ZXWN65545910840183,34,0.0831909887,0.0,2018-10-17T00:00:00,86,29333.33,3000000.0,AprovadoAnalista,De 31 a 50 % - Médio,0.6785714285714285,0.3214285714285714,0.2204223297581,1000000.0,,2020-10-30T03:00:00,83122008.0,28939050.0,107074853.0,26678784.0,0.0,17158703.0,48546119.0,51455939.0,25460399.0,12.0,25995540.0,2009.0,De 11 a 16 anos,3800000.0,False,True,1.0,2470808.0,2020-12-02T17:51:25
6788,6861,Mr. Vincent Short,Miss Annette Begum,YEXL30538408251224,0,0.3869073556,0.0,2019-10-17T00:00:00,15,1960.01,25000.0,AprovadoAnalista,De 31 a 50 % - Médio,0.6428571428571428,0.3571428571428571,0.0,10000.0,,,,,,,,,,727297.0,0.0,12.0,0.0,2019.0,De 0 a 5 anos,10000.0,False,False,1.0,720.0,2020-12-02T17:15:29
6790,6863,Fiona Rahman,Cheryl McDonald,FVTR63954049050783,47,0.3262416324,0.0,2019-09-25T00:00:00,28,9600.0,100000.0,AprovadoAnalista,De 31 a 50 % - Médio,0.5535714285714285,0.4464285714285714,0.866025403784439,10000.0,,2019-12-31T03:00:00,421413.0,121413.0,421413.0,300000.0,0.0,0.0,120457.0,69518.0,57812.0,12.0,11706.0,2015.0,De 0 a 5 anos,1500000.0,False,False,1.0,0.0,2020-12-02T17:43:35
6793,6866,Brandon Wilson,Lisa Cameron,JKGJ86804363799426,17,0.3110553406,0.0,2016-02-02T00:00:00,16,14250.2,60000.0,AprovadoAnalista,De 31 a 50 % - Médio,0.6607142857142857,0.3392857142857142,0.966219514587816,30000.0,,2019-12-31T03:00:00,617499.0,23583.0,617499.0,593916.0,0.0,0.0,448025.0,1356476.0,0.0,12.0,0.0,2012.0,De 6 a 10 anos,110000.0,False,True,1.0,172000.0,2020-12-02T19:07:27
6795,6868,Miss Georgia McLean,Abbie Baker-Foster,JVJM40852958699811,0,0.4035111182,0.0,2019-03-22T00:00:00,83,4192.0,10000.0,AprovadoAnalista,De 31 a 50 % - Médio,0.5535714285714285,0.4464285714285714,0.0,10000.0,,2019-12-31T00:00:00,1792725.0,3034617.0,2475643.0,-781050.0,1108428.0,0.0,1805000.0,0.0,0.0,1.0,0.0,1996.0,Acima de 17 anos,72400.0,False,True,1.0,0.0,2020-12-02T19:08:19
6820,6893,Jacob Payne,Mrs. Debra Harding,DCYQ25190726049709,6,0.5930708181,0.0,2018-10-17T00:00:00,10,315.0,40000.0,AprovadoAnalista,De 31 a 50 % - Médio,0.6428571428571428,0.3571428571428571,0.0,40000.0,,,,,,,,,,1611494.0,0.0,9.0,0.0,2018.0,De 0 a 5 anos,250000.0,False,True,0.6417155886,5280.0,2020-12-02T20:52:25
6823,6896,Teresa Smith,Toby Chambers,ADUP83414500874428,18,0.471510625,0.0,2018-07-06T00:00:00,29,35833.49,250000.0,AprovadoAnalista,De 31 a 50 % - Médio,0.6071428571428571,0.3928571428571428,0.866025403784439,200000.0,,2019-06-30T03:00:00,3147040.0,1313504.0,3340580.0,1452507.0,709564.0,924.0,440105.0,7672551.0,7672551.0,6.0,0.0,2014.0,De 6 a 10 anos,103900.0,False,True,1.0,116100.0,2020-12-03T17:20:56
6824,6897,Fiona Rahman,Cheryl McDonald,FVTR63954049050783,47,0.3262416324,0.0,2019-09-25T00:00:00,28,9600.0,50000.0,AprovadoAnalista,De 31 a 50 % - Médio,0.6607142857142857,0.3392857142857142,0.866025403784439,25000.0,,2019-12-31T03:00:00,421413.0,121413.0,421413.0,300000.0,0.0,0.0,120457.0,10116825.0,0.0,12.0,0.0,2015.0,De 0 a 5 anos,1500000.0,False,False,1.0,0.0,2020-12-03T17:22:39
6826,6899,Dr. Sylvia Rogers,Michelle Perry,XSMD78195314114313,6,0.3279276866,0.0,2017-01-13T00:00:00,0,3033.34,40000.0,AprovadoAnalista,De 31 a 50 % - Médio,0.6428571428571428,0.3571428571428571,0.0,25000.0,,2019-12-31T00:00:00,0.0,0.0,0.0,0.0,0.0,0.0,0.0,537497.0,0.0,12.0,0.0,2013.0,De 6 a 10 anos,100000.0,False,False,1.0,38000.0,2020-12-03T17:26:36
6828,6901,Suzanne Smith,Marian Day,AVAO63044598911311,14,0.5650457739,0.0,2019-12-17T00:00:00,42,118195.87,300000.0,AprovadoAnalista,De 31 a 50 % - Médio,0.6428571428571428,0.3571428571428571,0.0,300000.0,,2019-12-31T03:00:00,40147679.0,40222591.0,56028277.0,15136282.0,15775862.0,14799137.0,23664583.0,120776175.0,33545891.0,12.0,87230284.0,2004.0,De 11 a 16 anos,3000000.0,False,True,1.0,4670447.0,2020-12-03T17:23:30
6830,6903,Dr. Harry Hayes,Emily Bates,CJBN23158645624659,0,0.5920454513,0.0,2019-01-31T00:00:00,0,0.0,30000.0,ReprovadoAnalista,De 31 a 50 % - Médio,0.6607142857142857,0.3392857142857142,0.0,,,,,,,,,,,29519537.0,0.0,12.0,0.0,1996.0,Acima de 17 anos,90000.0,True,True,1.0,0.0,
6833,6906,Scott Ball,Annette Owen-Thomas,GDNV37902171840321,80,0.0,,2016-07-27T11:24:11,0,0.0,250000.0,AprovadoAnalista,De 31 a 50 % - Médio,0.6071428571428571,0.3928571428571428,0.368994814302997,250000.0,,2019-12-31T03:00:00,35280545.0,10024204.0,38977996.0,20977015.0,8413259.0,12465292.0,13063689.0,12177122.0,9462164.0,12.0,2714958.0,2003.0,Acima de 17 anos,500000.0,False,True,0.0,481300.0,2020-12-03T18:36:07
6837,6910,Tracey Robson-Harris,Cameron Goddard,ZXWN65545910840183,34,0.0831909887,0.0,2018-10-17T00:00:00,86,29333.33,2600000.0,AprovadoAnalista,De 31 a 50 % - Médio,0.6785714285714285,0.3214285714285714,0.2204223297581,2000000.0,,2020-10-30T03:00:00,83122008.0,28939050.0,107074853.0,26678784.0,0.0,17158703.0,48546119.0,51455939.0,25460399.0,12.0,25995540.0,2009.0,De 11 a 16 anos,3800000.0,False,True,1.0,2470808.0,2020-12-03T18:31:47
6840,6913,Mr. Harry Allen,Simon Wright,LPQC25718809817264,2,0.6017367459,0.0,2018-03-19T00:00:00,0,0.0,50000.0,AprovadoAnalista,De 31 a 50 % - Médio,0.6607142857142857,0.3392857142857142,0.0,15000.0,,,,,,,,,,836457.0,0.0,7.0,0.0,2006.0,De 11 a 16 anos,10000.0,True,False,1.0,4560.0,2020-12-03T18:44:54
6848,6921,Yvonne Williams,Andrea Holmes,RQDV73011490100688,5,0.3882930074,0.0,2018-12-10T00:00:00,0,0.0,15000.0,AprovadoAnalista,De 31 a 50 % - Médio,0.5357142857142857,0.4642857142857142,0.0,15000.0,,,,,,,,,,1706602.0,0.0,12.0,0.0,2017.0,De 0 a 5 anos,95000.0,False,True,1.0,46200.0,2020-12-03T19:04:18
6850,6923,Fiona Weston,Aimee Marshall,LIYU34722071053277,11,0.5357123203,0.0,2018-06-26T00:00:00,0,0.0,10000.0,AprovadoAnalista,De 31 a 50 % - Médio,0.6428571428571428,0.3571428571428571,0.0,10000.0,,2019-12-31T00:00:00,57589.0,31990.0,57589.0,149394.0,28586.0,0.0,0.0,296335.0,269012.0,12.0,27323.0,2013.0,De 6 a 10 anos,100000.0,False,False,1.0,11880.0,2020-12-03T20:26:07
6851,6924,Yvonne Williams,Andrea Holmes,RQDV73011490100688,5,0.3882930074,0.0,2018-12-10T00:00:00,0,0.0,25000.0,AprovadoAnalista,De 31 a 50 % - Médio,0.5357142857142857,0.4642857142857142,0.0,20000.0,,,,,,,,,,1706602.0,0.0,12.0,0.0,2017.0,De 0 a 5 anos,95000.0,False,True,1.0,46200.0,2020-12-03T19:28:47
6861,6934,Mrs. Michelle Ellis,Joel Flynn,WLEC28465349464943,5,0.5320459796,0.0,2013-03-13T00:00:00,6,27657.0,85000.0,AprovadoAnalista,De 31 a 50 % - Médio,0.6428571428571428,0.3571428571428571,0.0,55000.0,,2019-12-31T03:00:00,1067830.0,290513.0,1068988.0,778475.0,0.0,407404.0,504168.0,1191995.0,0.0,12.0,0.0,2007.0,De 11 a 16 anos,100000.0,False,True,1.0,6000.0,2020-12-03T20:39:10
6865,6938,Lisa Parker,Carole Pickering,ARLG39955776479526,4,0.4673365729,0.0,2015-03-11T00:00:00,52,351900.0,250000.0,DocumentacaoReprovada,De 31 a 50 % - Médio,0.6607142857142857,0.3392857142857142,0.866025403784439,,,2020-07-31T03:00:00,4374804.0,1287805.0,5027792.0,3739987.0,24540.0,791536.0,2587422.0,1447670.0,0.0,7.0,0.0,2010.0,De 6 a 10 anos,200000.0,False,True,1.0,437844.0,
6870,6943,Dawn Moss,Jacqueline Turner,ONIU50961817902307,0,0.0,,,0,0.0,50000.0,AprovadoAnalista,De 31 a 50 % - Médio,0.6785714285714285,0.3214285714285714,0.0,15000.0,,2020-12-31T00:00:00,0.0,0.0,0.0,0.0,0.0,0.0,0.0,3291348.0,0.0,12.0,0.0,2018.0,De 0 a 5 anos,104500.0,False,True,0.0,19800.0,2020-12-04T14:42:14
6871,6944,Shaun Wilson-Willis,Frances Ellis-Woods,EVQZ95819923649232,0,0.0,,,0,0.0,50000.0,AprovadoAnalista,De 31 a 50 % - Médio,0.5714285714285714,0.4285714285714285,0.0,10000.0,,2020-12-31T00:00:00,0.0,0.0,0.0,0.0,0.0,0.0,0.0,1391760.0,0.0,12.0,0.0,2016.0,De 0 a 5 anos,88000.0,False,True,0.0,59400.0,2020-12-04T14:43:34
6872,6945,Gordon Green,Dr. Samuel Watson,EGDE48055859235086,168,0.6059192308,0.0,2008-09-02T00:00:00,74,5850.0,6000.0,AprovadoAnalista,De 31 a 50 % - Médio,0.6607142857142857,0.3392857142857142,-0.116851945935164,6000.0,,,,,,,,,,4425171.0,0.0,12.0,0.0,2006.0,De 11 a 16 anos,250000.0,False,True,0.7775565608,2160.0,2020-12-04T14:44:30
6879,6952,Suzanne Smith,Marian Day,AVAO63044598911311,14,0.5650457739,0.0,2019-12-17T00:00:00,42,118195.87,600000.0,AprovadoAnalista,De 31 a 50 % - Médio,0.6428571428571428,0.3571428571428571,0.0,600000.0,,2019-12-31T03:00:00,40147679.0,40222591.0,56028277.0,15136282.0,15775862.0,14799137.0,23664583.0,120776175.0,33545891.0,12.0,87230284.0,2004.0,De 11 a 16 anos,3000000.0,False,True,1.0,4670447.0,2020-12-04T15:18:59
6883,6956,Ian Simpson,Irene Singh,XUDT16405489125109,5,0.3597914272,0.0,2017-08-02T00:00:00,0,0.0,35000.0,AprovadoAnalista,De 31 a 50 % - Médio,0.6071428571428571,0.3928571428571428,0.866025403784439,15000.0,,,,,,,,,,884059.0,0.0,12.0,0.0,1996.0,Acima de 17 anos,100000.0,False,True,1.0,122100.0,2020-12-04T17:46:42
6886,6959,Lisa Parker,Carole Pickering,ARLG39955776479526,4,0.4673365729,0.0,2015-03-11T00:00:00,52,351900.0,200000.0,AprovadoAnalista,De 31 a 50 % - Médio,0.6607142857142857,0.3392857142857142,0.866025403784439,200000.0,,2020-07-31T03:00:00,4374804.0,1287805.0,5027792.0,3739987.0,24540.0,791536.0,2587422.0,1447670.0,0.0,7.0,0.0,2010.0,De 6 a 10 anos,200000.0,False,True,1.0,437844.0,2020-12-04T17:50:10
6887,6960,Jason Anderson-Thomas,Aimee Cooper,WWZC91988696282777,7,0.4705695498,0.0,2017-10-06T00:00:00,24,3070.03,30000.0,AprovadoAnalista,De 31 a 50 % - Médio,0.6607142857142857,0.3392857142857142,0.0,30000.0,,2019-12-31T00:00:00,0.0,0.0,0.0,0.0,0.0,0.0,0.0,1456141.0,0.0,12.0,0.0,2001.0,Acima de 17 anos,50000.0,False,False,1.0,8640.0,2020-12-04T18:51:07
6890,6963,Toby Ryan,Roy Williams-Jones,GVXV15907942706096,22,0.3364757571,0.0,2018-01-02T00:00:00,40,24655.27,40000.0,AprovadoAnalista,De 31 a 50 % - Médio,0.6607142857142857,0.3392857142857142,0.422626535345145,40000.0,,2019-12-31T00:00:00,2507702.0,57854.0,2566724.0,2508869.0,0.0,0.0,87004.0,4789045.0,1594716.0,12.0,3194329.0,2010.0,De 6 a 10 anos,100000.0,False,True,1.0,33000.0,2020-12-04T18:56:30
6892,6965,Georgina Jones,Miss Mandy Richardson,XXRX08234268465430,11,0.3860957805,0.0,2017-06-13T00:00:00,52,152036.56,290000.0,AprovadoAnalista,De 31 a 50 % - Médio,0.5892857142857142,0.4107142857142857,-0.866025403784439,290000.0,,2019-12-31T03:00:00,3288030.0,1111273.0,3369694.0,1758420.0,0.0,1358723.0,587633.0,9122262.0,4601355.0,12.0,4520907.0,2016.0,De 0 a 5 anos,200000.0,False,True,0.9263336881,160200.0,2020-12-04T19:10:59
6894,6967,Sophie Williams-Craig,Mr. Guy Lamb,AMVK70950785139481,9,0.6533681481,0.0,2017-04-26T00:00:00,723,513580.14,1400000.0,AprovadoAnalista,De 31 a 50 % - Médio,0.5357142857142857,0.4642857142857142,0.98453788288906,1100000.0,,2019-12-31T03:00:00,14534249.0,12160819.0,22560504.0,10399685.0,7603324.0,7760018.0,5648647.0,56858056.0,24111638.0,12.0,32746418.0,2015.0,De 0 a 5 anos,99800.0,False,True,0.9861354842,1178871.0,2020-12-04T17:52:12
6897,6970,Angela Jackson,Lauren Lambert,ZWCV40300251994075,3,0.4726548049,0.0,2017-11-10T00:00:00,67,4385.26,50000.0,AprovadoAnalista,De 31 a 50 % - Médio,0.6071428571428571,0.3928571428571428,0.866025403784438,7000.0,,2019-12-31T00:00:00,52461.0,5230.0,53421.0,48191.0,0.0,25266.0,8820.0,263102.0,56175.0,12.0,206927.0,2017.0,De 0 a 5 anos,10000.0,False,False,1.0,3200.0,2020-12-04T19:15:10
6899,6972,Tracey Jones,Miss Jodie Gordon,DSDP42915296213541,25,0.3576923077,0.0,2010-04-12T00:00:00,48,183947.84,520000.0,DocumentacaoReprovada,De 31 a 50 % - Médio,0.5178571428571428,0.4821428571428571,-0.914419492608694,,,2020-05-31T06:00:00,9232810.0,7161015.0,9269375.0,270000.0,0.0,7259509.0,2001496.0,0.0,0.0,1.0,0.0,2010.0,De 6 a 10 anos,100000.0,False,True,0.9895970252,1239375.0,
6900,6973,Sophie Williams-Craig,Mr. Guy Lamb,AMVK70950785139481,9,0.6533681481,0.0,2017-04-26T00:00:00,723,513580.14,1400000.0,AprovadoComite,De 31 a 50 % - Médio,0.5357142857142857,0.4642857142857142,0.98453788288906,1100000.0,2020-12-04T18:30:19,2019-12-31T03:00:00,14534249.0,12160819.0,22560504.0,10399685.0,7603324.0,7760018.0,5648647.0,56858056.0,24111638.0,12.0,32746418.0,2015.0,De 0 a 5 anos,99800.0,False,True,0.9861354842,1178871.0,
6901,6974,Mrs. Michelle Ellis,Joel Flynn,WLEC28465349464943,5,0.5320459796,0.0,2013-03-13T00:00:00,6,27657.0,85000.0,ReprovadoAnalista,De 31 a 50 % - Médio,0.6428571428571428,0.3571428571428571,0.0,,,2019-12-31T03:00:00,1067830.0,290513.0,1068988.0,778475.0,0.0,407404.0,504168.0,1191995.0,0.0,12.0,0.0,2007.0,De 11 a 16 anos,100000.0,False,True,1.0,6000.0,
6902,6975,Keith Jones,Steven Kennedy-Jones,BRJP37453437154592,11,0.4240991321,0.0,2011-08-10T00:00:00,31,559679.98,1287000.0,AprovadoAnalista,De 31 a 50 % - Médio,0.6071428571428571,0.3928571428571428,0.704535657259457,1287000.0,,2019-12-31T03:00:00,286103378.0,249608297.0,351771624.0,-57879850.0,26143834.0,243889091.0,36182702.0,650654398.0,377326730.0,12.0,273327668.0,2008.0,De 11 a 16 anos,1500000.0,False,False,0.9947858507,9288000.0,2020-12-04T19:32:33
6906,6979,Oliver Thompson-Jones,Ian Thornton,ICFF46967376376354,0,0.5142709494,0.0,2020-08-07T00:00:00,5,3666.6,35000.0,AprovadoAnalista,De 31 a 50 % - Médio,0.5357142857142857,0.4642857142857142,0.0,25000.0,,2020-06-30T00:00:00,95237.0,102935.0,95417.0,48201.0,95502.0,146.0,41046.0,342342.0,96924.0,6.0,245418.0,2019.0,De 0 a 5 anos,5000.0,False,True,1.0,5280.0,2020-12-04T20:12:55
6907,6980,Mr. Damian James,Dawn Phillips,MIGR17953197952198,3,0.0,,2017-10-25T13:59:18,0,0.0,650000.0,AprovadoComite,De 31 a 50 % - Médio,0.6607142857142857,0.3392857142857142,0.866025403784439,350000.0,2020-12-07T15:20:07,2020-10-31T03:00:00,2697379.0,1941448.0,5273740.0,-611991.0,2581812.0,1161538.0,205049.0,25604543.0,8457256.0,12.0,17147287.0,2017.0,De 0 a 5 anos,100000.0,False,False,0.0,1667516.0,
6911,6984,Daniel Simpson-Graham,Kenneth Stevens,JETD69976450338607,0,0.4560373794,0.0,2017-08-21T00:00:00,0,0.0,30000.0,AprovadoAnalista,De 31 a 50 % - Médio,0.6428571428571428,0.3571428571428571,0.0,10000.0,,,,,,,,,,394993.0,0.0,10.0,0.0,2008.0,De 11 a 16 anos,6000.0,False,True,1.0,8140.0,2020-12-04T19:54:15
6913,6986,Charlene Khan,Dr. Mohamed Phillips,QMBA55941613517601,0,0.5150166153,0.0,2019-02-06T00:00:00,20,5040.0,30000.0,AprovadoAnalista,De 31 a 50 % - Médio,0.6428571428571428,0.3571428571428571,0.0,25000.0,,2019-12-31T00:00:00,955332.0,122626.0,1451165.0,1328538.0,0.0,93030.0,955332.0,1242302.0,372399.0,12.0,869903.0,2016.0,De 0 a 5 anos,30000.0,False,True,1.0,13200.0,2020-12-04T19:55:22
6914,6987,Josephine Conway,Dr. Jeremy Cooke,PSTS82561426471410,0,0.4755399648,0.0,2020-09-09T00:00:00,0,0.0,35000.0,AprovadoAnalista,De 31 a 50 % - Médio,0.6428571428571428,0.3571428571428571,0.0,5000.0,,,,,,,,,,62082.0,0.0,3.0,0.0,2015.0,De 0 a 5 anos,70000.0,False,False,1.0,18000.0,2020-12-04T19:55:03
6915,6988,Dr. Sophie Lowe,Dr. Vincent Forster,PEZH05055574836481,0,0.4445424059,0.0,2020-09-21T00:00:00,0,0.0,35000.0,AprovadoAnalista,De 31 a 50 % - Médio,0.5357142857142857,0.4642857142857142,0.0,15000.0,,,,,,,,,,332772.0,0.0,10.0,0.0,2019.0,De 0 a 5 anos,100000.0,False,True,1.0,8100.0,2020-12-04T19:55:59
6918,6991,Tracey Jones,Miss Jodie Gordon,DSDP42915296213541,25,0.3576923077,0.0,2010-04-12T00:00:00,48,183947.84,520000.0,AprovadoAnalista,De 31 a 50 % - Médio,0.625,0.375,-0.914419492608694,520000.0,,2020-05-31T06:00:00,9232810.0,7161015.0,9269375.0,270000.0,0.0,7259509.0,2001496.0,7163504.0,3096452.0,5.0,4067052.0,2010.0,De 6 a 10 anos,100000.0,False,True,0.9895970252,1239375.0,2020-12-04T20:00:48
6919,6992,Oliver Thompson-Jones,Ian Thornton,ICFF46967376376354,0,0.5142709494,0.0,2020-08-07T00:00:00,5,3666.6,50000.0,AprovadoAnalista,De 31 a 50 % - Médio,0.5357142857142857,0.4642857142857142,0.0,25000.0,,2020-06-30T00:00:00,95237.0,102935.0,95417.0,48201.0,95502.0,146.0,41046.0,313648.0,89694.0,12.0,223954.0,2019.0,De 0 a 5 anos,5000.0,False,True,1.0,5280.0,2020-12-04T20:01:42
6923,6996,Julie Brown,Marcus Connolly,HABM92523752230540,2,0.2527536371,0.0,2016-11-17T00:00:00,0,0.0,50000.0,AprovadoAnalista,De 31 a 50 % - Médio,0.5178571428571428,0.4821428571428571,0.0,5000.0,,,,,,,,,,583241.0,0.0,12.0,0.0,2016.0,De 0 a 5 anos,88000.0,False,True,1.0,2220.0,2020-12-04T20:04:31
6926,6999,Ms. Debra Wade,Rachel Harris-Reynolds,VOXK39980489641860,26,0.4012288618,0.0,2011-05-02T00:00:00,0,0.0,160000.0,AprovadoAnalista,De 31 a 50 % - Médio,0.6607142857142857,0.3392857142857142,0.796774882444864,160000.0,,2019-12-31T03:00:00,4916532.0,1995920.0,5348686.0,3353396.0,0.0,44359242.0,347236.0,6824293.0,3700132.0,12.0,3124161.0,2009.0,De 11 a 16 anos,800000.0,False,True,1.0,88250.0,2020-12-04T20:38:44
6930,7003,Miss Natalie Wright,Mr. Jamie Palmer,ABOH69590581773707,20,0.4132981729,0.0,2018-09-25T00:00:00,0,0.0,20000.0,AprovadoAnalista,De 31 a 50 % - Médio,0.5,0.4999999999999999,0.866025403784438,7000.0,,2019-12-31T00:00:00,183032.0,13855.0,209453.0,160316.0,13855.0,12416.0,103465.0,295474.0,170312.0,12.0,125162.0,2018.0,De 0 a 5 anos,30000.0,False,True,1.0,3330.0,2020-12-07T13:44:58
6931,7004,Tracey Robson-Harris,Cameron Goddard,ZXWN65545910840183,34,0.0831909887,0.0,2018-10-17T00:00:00,86,29333.33,3000000.0,AprovadoComite,De 31 a 50 % - Médio,0.6785714285714285,0.3214285714285714,0.2204223297581,2000000.0,2020-12-07T15:19:28,2020-10-30T03:00:00,83122008.0,28939050.0,107074853.0,26678784.0,0.0,17158703.0,48546119.0,51455939.0,25460399.0,12.0,25995540.0,2009.0,De 11 a 16 anos,3800000.0,False,True,1.0,2470808.0,
6932,7005,Liam Pope,Reece James,SEEQ86070143271468,18,0.4777727384,0.0,2017-08-17T00:00:00,0,0.0,30000.0,AprovadoAnalista,De 31 a 50 % - Médio,0.5535714285714285,0.4464285714285714,-0.677260331636915,25000.0,,,,,,,,,,2710290.0,0.0,12.0,0.0,2016.0,De 0 a 5 anos,100000.0,False,True,0.7889557064,26004.0,2020-12-07T13:51:00
6934,7007,Clifford Cooper,Justin Quinn-Stanley,CKWJ48521633259803,5,0.526992319,0.0,2018-02-15T00:00:00,0,0.0,50000.0,AprovadoAnalista,De 31 a 50 % - Médio,0.6428571428571428,0.3571428571428571,0.0,50000.0,,,,,,,,,,2855936.0,-917513.0,9.0,3773449.0,2017.0,De 0 a 5 anos,20000.0,False,False,1.0,13000.0,2020-12-07T13:58:26
6936,7009,Mr. Albert Cook,Mrs. Abbie Gill,NNMN29702272025744,4,0.4132791576,0.0,2020-04-09T00:00:00,0,0.0,40000.0,AprovadoAnalista,De 31 a 50 % - Médio,0.5357142857142857,0.4642857142857142,0.0,15000.0,,,,,,,,,,1470800.0,0.0,12.0,0.0,2019.0,De 0 a 5 anos,100000.0,False,True,1.0,3330.0,2020-12-07T14:04:24
6937,7010,Kate Taylor,Georgina Craig,GHDK04944604423841,9,0.4165665567,0.0,2018-01-29T00:00:00,0,0.0,300000.0,AprovadoAnalista,De 31 a 50 % - Médio,0.5892857142857142,0.4107142857142857,0.0,150000.0,,2020-06-30T03:00:00,1505154.0,250730.0,1953442.0,1426860.0,0.0,581770.0,605782.0,2361446.0,986500.0,6.0,1374946.0,2016.0,De 0 a 5 anos,200000.0,False,True,1.0,442074.0,2020-12-07T14:16:47
6940,7013,Oliver Allen,Kenneth Cooper,QQBM13786556020240,11,0.12875,0.0,2016-08-09T00:00:00,0,0.0,20000.0,AprovadoAnalista,De 31 a 50 % - Médio,0.6607142857142857,0.3392857142857142,-0.866025403784439,15000.0,,2019-12-31T00:00:00,0.0,0.0,0.0,0.0,0.0,0.0,0.0,1881464.0,1382877.0,12.0,498587.0,2016.0,De 0 a 5 anos,120000.0,False,True,0.1565514052,51947.0,2020-12-07T15:39:18
6945,7018,Suzanne Smith,Marian Day,AVAO63044598911311,14,0.5650457739,0.0,2019-12-17T00:00:00,42,118195.87,600000.0,AprovadoAnalista,De 31 a 50 % - Médio,0.6428571428571428,0.3571428571428571,0.0,600000.0,,2019-12-31T03:00:00,40147679.0,40222591.0,56028277.0,15136282.0,15775862.0,14799137.0,23664583.0,120776175.0,33545891.0,12.0,87230284.0,2004.0,De 11 a 16 anos,3000000.0,False,True,1.0,4670447.0,2020-12-07T16:48:56
6950,7023,Joe Lee,Terry Barnett,SUGS46561704065875,2,0.5504546178,0.0,2020-06-24T00:00:00,41,52769.6,25000.0,AprovadoAnalista,De 31 a 50 % - Médio,0.5892857142857142,0.4107142857142857,0.0,15000.0,,2019-12-31T00:00:00,0.0,0.0,0.0,0.0,0.0,0.0,0.0,1217013.0,593890.0,12.0,623123.0,2019.0,De 0 a 5 anos,500000.0,False,True,1.0,91275.0,2020-12-07T17:35:31
6953,7026,Aaron Mitchell,Dr. Leon Thomas,UCXM05710193423264,5,0.3263672048,0.0,2018-09-19T00:00:00,22,2244.33,15000.0,AprovadoAnalista,De 31 a 50 % - Médio,0.5892857142857142,0.4107142857142857,0.0,15000.0,,2019-12-31T00:00:00,1086037.0,87737.0,1093742.0,946005.0,72500.0,819295.0,100216.0,1391653.0,733203.0,12.0,658450.0,2013.0,De 6 a 10 anos,93700.0,False,True,1.0,36374.0,2020-12-07T18:18:15
6959,7032,Gerard Banks,Francesca Graham,LDZT52564013524887,11,0.539816876,0.0,2019-10-14T00:00:00,129,13257.7,50000.0,AprovadoAnalista,De 31 a 50 % - Médio,0.5,0.4999999999999999,0.866025403784439,15000.0,,2019-12-31T00:00:00,0.0,0.0,0.0,0.0,0.0,0.0,0.0,1412110.0,0.0,12.0,0.0,2011.0,De 6 a 10 anos,1000000.0,False,True,1.0,0.0,2020-12-07T19:39:35
6960,7033,Tina Owen-Cox,Garry Collier,YZWK42306177262289,289,0.0,,2019-08-28T17:44:11,0,0.0,700000.0,AprovadoAnalista,De 31 a 50 % - Médio,0.625,0.375,0.866025403784439,900000.0,,2020-09-30T03:00:00,1436985000.0,677796000.0,2176369000.0,1003628000.0,721096000.0,27820000.0,512473000.0,2015575000.0,587708000.0,12.0,1427867000.0,2012.0,De 6 a 10 anos,912000000.0,True,False,0.0,138159360.0,2020-12-07T20:37:11
6967,7040,Dr. Melissa Gill,Chloe Fletcher,RBFS37608426538406,0,0.3643507891,0.0,2020-12-07T00:00:00,341,5576.0,30000.0,AprovadoAnalista,De 31 a 50 % - Médio,0.6785714285714285,0.3214285714285714,0.0,5000.0,,,,,,,,,,194382.0,0.0,5.0,0.0,2019.0,De 0 a 5 anos,40000.0,False,False,1.0,4480.0,2020-12-07T20:50:52
6974,7047,Janet Barnes,Clifford Allan,XSME54122165353551,30,0.316048996,0.0,2019-10-28T00:00:00,32,8300.0,200000.0,AprovadoAnalista,De 31 a 50 % - Médio,0.5178571428571428,0.4821428571428571,0.0,115000.0,,2019-12-31T03:00:00,3316100.0,1845792.0,3360028.0,1148381.0,49200.0,2415975.0,306079.0,11753319.0,4543390.0,12.0,7209929.0,2017.0,De 0 a 5 anos,100000.0,False,True,1.0,81192.0,2020-12-08T13:29:52
6978,7051,Lisa Murphy,Mrs. Anne Morris,TPTS90307594270868,17,0.5170335648,0.0,2010-01-07T00:00:00,32,17280.0,30000.0,AprovadoAnalista,De 31 a 50 % - Médio,0.5535714285714285,0.4464285714285714,0.866025403784439,20000.0,,,,,,,,,,2389623.0,0.0,12.0,0.0,2000.0,Acima de 17 anos,75000.0,False,True,1.0,720.0,2020-12-08T13:57:57
6981,7054,Mr. Howard Smith,Mr. Anthony Barnes,RDKD17877594488454,0,0.602029017,0.0,2020-05-22T00:00:00,0,0.0,15000.0,AprovadoAnalista,De 31 a 50 % - Médio,0.6428571428571428,0.3571428571428571,0.0,15000.0,,,,,,,,,,605563.0,0.0,12.0,0.0,2016.0,De 0 a 5 anos,95400.0,False,False,1.0,8800.0,2020-12-08T14:00:23
6982,7055,Abdul West-Goddard,Joseph Lee,HYNB58011790687263,5,0.1565259963,0.0,2018-10-29T00:00:00,0,0.0,150000.0,AprovadoAnalista,De 31 a 50 % - Médio,0.5357142857142857,0.4642857142857142,0.0,150000.0,,2019-12-31T03:00:00,3212470.0,2344435.0,3214239.0,479891.0,389912.0,1643090.0,235961.0,11085102.0,2296114.0,12.0,8788988.0,2017.0,De 0 a 5 anos,100000.0,True,True,1.0,0.0,2020-12-08T14:08:55
6983,7056,Mr. Jamie Taylor,Clare Barker-Parker,MKWO87353973931297,47,0.0,,2011-08-08T08:20:08,0,0.0,200000.0,AprovadoAnalista,De 31 a 50 % - Médio,0.6607142857142857,0.3392857142857142,0.866025403784439,150000.0,,2019-10-31T03:00:00,1754004.0,1633998.0,2230537.0,324961.0,640033.0,724030.0,777106.0,6296357.0,2642587.0,10.0,3653770.0,1995.0,Acima de 17 anos,100000.0,False,False,0.0,612123.0,2020-12-08T13:51:47
6984,7057,Nicola Turnbull,Hazel Dennis,XYOK79084874197647,3,0.2994522306,0.0,2018-10-10T00:00:00,0,0.0,10000.0,AprovadoAnalista,De 31 a 50 % - Médio,0.5357142857142857,0.4642857142857142,0.0,5000.0,,,,,,,,,,64442.0,0.0,12.0,0.0,2017.0,De 0 a 5 anos,94000.0,False,True,1.0,2640.0,2020-12-08T14:09:47
6985,7058,Mrs. Frances Ellis,Jemma Wilkinson,OSHA40716010539110,162,0.3798497383,0.0,2012-02-27T00:00:00,17,2645.7,20000.0,AprovadoAnalista,De 31 a 50 % - Médio,0.5357142857142857,0.4642857142857142,0.0,10000.0,,2020-12-30T00:00:00,0.0,0.0,0.0,0.0,0.0,0.0,0.0,1130307.0,0.0,12.0,0.0,2008.0,De 11 a 16 anos,120000.0,False,True,1.0,16040.0,2020-12-08T14:16:31
6988,7061,Lee Bartlett-Fletcher,Tracey Owen,JPAL72760231225093,92,0.0,,2018-12-04T10:48:15,0,0.0,350000.0,AprovadoAnalista,De 31 a 50 % - Médio,0.6428571428571428,0.3571428571428571,0.866025403784439,215000.0,,2020-09-30T03:00:00,2684284.0,1703465.0,2720209.0,1016744.0,206326.0,1261217.0,985920.0,3754248.0,1364103.0,3.0,2390145.0,2017.0,De 0 a 5 anos,185400.0,False,False,0.0,49477.0,2020-12-08T14:34:58
6989,7062,Mr. Jamie Taylor,Clare Barker-Parker,MKWO87353973931297,47,0.0,,2011-08-08T08:20:08,0,0.0,175000.0,AprovadoAnalista,De 31 a 50 % - Médio,0.6607142857142857,0.3392857142857142,0.866025403784439,175000.0,,2019-10-31T03:00:00,1754004.0,1633998.0,2230537.0,324961.0,640033.0,724030.0,777106.0,6296357.0,2642587.0,10.0,3653770.0,1995.0,Acima de 17 anos,100000.0,False,False,0.0,612123.0,2020-12-08T14:10:17
6996,7069,Mrs. Michelle Ellis,Joel Flynn,WLEC28465349464943,5,0.5320459796,0.0,2013-03-13T00:00:00,6,27657.0,70000.0,AprovadoAnalista,De 31 a 50 % - Médio,0.6428571428571428,0.3571428571428571,0.0,55000.0,,2019-12-31T03:00:00,1067830.0,290513.0,1068988.0,778475.0,0.0,407404.0,504168.0,1191995.0,0.0,12.0,0.0,2007.0,De 11 a 16 anos,100000.0,False,True,1.0,6000.0,2020-12-08T17:05:44
7002,7075,Shaun Barlow-Owen,Dr. Peter Bryan,NTPP27145676483888,2,0.1719910304,0.0,2019-07-29T00:00:00,60,57600.0,300000.0,AprovadoAnalista,De 31 a 50 % - Médio,0.6785714285714285,0.3214285714285714,0.0,130000.0,,2020-11-30T03:00:00,6913398.0,2919862.0,6913398.0,693409.0,0.0,2598079.0,4075498.0,3594626.0,3563873.0,11.0,30753.0,2017.0,De 0 a 5 anos,350000.0,False,True,1.0,52800.0,2020-12-08T18:28:32
7005,7078,Sharon Henderson,Stanley Saunders,SAMA26228096697468,6,0.2790031061,0.0,2019-08-23T00:00:00,19,2325.0,120000.0,AprovadoAnalista,De 31 a 50 % - Médio,0.6785714285714285,0.3214285714285714,0.0,100000.0,,2019-12-31T03:00:00,3948479.0,566622.0,3966003.0,2900925.0,47405.0,1889124.0,558835.0,8795578.0,3689423.0,12.0,5106155.0,2014.0,De 6 a 10 anos,600000.0,False,True,1.0,596361.0,2020-12-08T18:53:47
7006,7079,Marilyn Johnson,Marie Barrett,XQSY14069987781202,17,0.5651845254,0.0,2020-02-14T00:00:00,4,2380.39,50000.0,ReprovadoAnalista,De 31 a 50 % - Médio,0.5535714285714285,0.4464285714285714,0.0,,,2018-12-31T00:00:00,0.0,0.0,0.0,0.0,0.0,0.0,0.0,1892312.0,0.0,12.0,0.0,2012.0,De 6 a 10 anos,10000.0,True,True,1.0,0.0,
7007,7080,Sharon Henderson,Stanley Saunders,SAMA26228096697468,6,0.2790031061,0.0,2019-08-23T00:00:00,19,2325.0,110000.0,AprovadoAnalista,De 31 a 50 % - Médio,0.6785714285714285,0.3214285714285714,0.0,110000.0,,2019-12-31T03:00:00,3948479.0,566622.0,3966003.0,2900925.0,47405.0,1889124.0,558835.0,8795578.0,3689423.0,12.0,5106155.0,2014.0,De 6 a 10 anos,600000.0,False,True,1.0,596361.0,2020-12-08T19:06:15
7009,7082,Jessica Anderson-Fuller,Mrs. Frances Buckley,HZJB07110281971580,3,0.4418016071,0.0,2019-09-26T00:00:00,21,1839.95,40000.0,AprovadoAnalista,De 31 a 50 % - Médio,0.5357142857142857,0.4642857142857142,0.0,15000.0,,,,,,,,,,455105.0,0.0,4.0,0.0,2019.0,De 0 a 5 anos,99800.0,False,True,1.0,35200.0,2020-12-09T11:09:46
7019,7092,Sophie Williams-Craig,Mr. Guy Lamb,AMVK70950785139481,9,0.6533681481,0.0,2017-04-26T00:00:00,723,513580.14,1100000.0,AprovadoAnalista,De 31 a 50 % - Médio,0.5357142857142857,0.4642857142857142,0.98453788288906,1100000.0,,2019-12-31T03:00:00,14534249.0,12160819.0,22560504.0,10399685.0,7603324.0,7760018.0,5648647.0,56858056.0,24111638.0,12.0,32746418.0,2015.0,De 0 a 5 anos,99800.0,False,True,0.9861354842,1178871.0,2020-12-09T12:46:20
7020,7093,Jemma Sims,Sarah Hughes-Wright,WDBT13256898478269,27,0.4623759002,0.0,2015-01-19T00:00:00,37,10726.87,20000.0,AprovadoAnalista,De 31 a 50 % - Médio,0.5892857142857142,0.4107142857142857,0.0,20000.0,,,,,,,,,,746774.0,0.0,12.0,0.0,1996.0,Acima de 17 anos,70000.0,False,False,1.0,14520.0,2020-12-09T13:42:57
7028,7101,Suzanne Smith,Marian Day,AVAO63044598911311,14,0.5650457739,0.0,2019-12-17T00:00:00,42,118195.87,600000.0,AprovadoAnalista,De 31 a 50 % - Médio,0.6428571428571428,0.3571428571428571,0.0,600000.0,,2019-12-31T03:00:00,40147679.0,40222591.0,56028277.0,15136282.0,15775862.0,14799137.0,23664583.0,120776175.0,33545891.0,12.0,87230284.0,2004.0,De 11 a 16 anos,3000000.0,False,True,1.0,4670447.0,2020-12-09T13:22:44
7039,7112,Ms. Janice Hewitt,Kathleen Turner,WXGP05968206409100,58,0.4239918686,0.0,2009-02-02T00:00:00,0,0.0,25000.0,AprovadoAnalista,De 31 a 50 % - Médio,0.5,0.5,0.0,25000.0,,2019-12-31T00:00:00,296299.0,611343.0,511329.0,-157004.0,201098.0,575206.0,0.0,7497219.0,3504774.0,12.0,3992445.0,1993.0,Acima de 17 anos,290000.0,False,True,1.0,46000.0,2020-12-09T16:37:19
7045,7118,Jason Lucas,Luke Collier,LECE32338153311549,4,0.5436747955,0.0,2019-11-22T00:00:00,39,706540.0,333000.0,AprovadoAnalista,De 31 a 50 % - Médio,0.6428571428571428,0.3571428571428571,0.0,333000.0,,2020-10-31T03:00:00,11692203.0,1718194.0,12518249.0,5341092.0,0.0,9897590.0,923371.0,17508914.0,7850253.0,10.0,9658661.0,2018.0,De 0 a 5 anos,95400.0,False,True,1.0,2700.0,2020-12-09T18:06:59
7049,7122,Joe Walters,Mr. Lawrence Williams,OXRS91694325479273,4,0.3632907397,0.0,2018-02-15T00:00:00,74,13390.98,40000.0,AprovadoAnalista,De 31 a 50 % - Médio,0.6428571428571428,0.3571428571428571,0.0,25000.0,,,,,,,,,,2215511.0,0.0,12.0,0.0,2017.0,De 0 a 5 anos,40000.0,False,False,1.0,10800.0,2020-12-09T18:45:44
7059,7132,Alexandra Baxter,Hazel Lord,RRTM78427158532411,3,0.0,,2020-08-28T10:21:50,0,0.0,25000.0,AprovadoAnalista,De 31 a 50 % - Médio,0.5714285714285714,0.4285714285714285,0.0,15500.0,,,,,,,,,,1200000.0,0.0,12.0,0.0,2001.0,Acima de 17 anos,200000.0,False,True,0.0,0.0,2020-12-09T20:41:02
7071,7144,Sian Evans,Marie Chapman,AXJA46741304327572,20,0.2964319012,0.0,2017-03-20T00:00:00,0,0.0,20000.0,AprovadoAnalista,De 31 a 50 % - Médio,0.5,0.4999999999999999,0.865836711660915,10000.0,,2019-12-31T00:00:00,3034015.0,3472019.0,3713742.0,241723.0,1856500.0,409524.0,1721044.0,4101313.0,2060458.0,12.0,2040855.0,2016.0,De 0 a 5 anos,100000.0,False,True,1.0,52800.0,2020-12-10T13:22:38
7078,7151,Bradley Hobbs,Amelia Baker,EFYZ76914267397054,0,0.3417766787,0.0,2018-05-23T00:00:00,0,0.0,20000.0,AprovadoAnalista,De 31 a 50 % - Médio,0.6428571428571428,0.3571428571428571,0.0,15000.0,,2019-12-31T00:00:00,306340.0,103579.0,321418.0,217839.0,0.0,0.0,85280.0,724781.0,366502.0,12.0,358279.0,2018.0,De 0 a 5 anos,100000.0,False,True,1.0,21160.0,2020-12-10T13:51:27
7079,7152,Mr. Dennis Moore,June Moore-Sanderson,AQZZ11746943861170,0,0.4652792892,0.0,2017-04-25T00:00:00,0,0.0,25000.0,AprovadoAnalista,De 31 a 50 % - Médio,0.6428571428571428,0.3571428571428571,0.0,10000.0,,,,,,,,,,612610.0,0.0,12.0,0.0,2016.0,De 0 a 5 anos,20000.0,False,False,1.0,16280.0,2020-12-10T13:53:07
7082,7155,Amber Evans,Jennifer Little-Allan,HHDV87070786136116,8,0.5741542772,0.0,2016-04-15T00:00:00,3,40293.08,1500000.0,AprovadoAnalista,De 31 a 50 % - Médio,0.6428571428571428,0.3571428571428571,0.876721752370822,1500000.0,,2019-12-31T03:00:00,52193824.0,54522992.0,56131518.0,1000000.0,608525.0,22968974.0,18059824.0,199951733.0,-614872100.0,12.0,814823833.0,2015.0,De 0 a 5 anos,1000000.0,False,True,0.9967354229,15222747.0,2020-12-10T14:17:47
7090,7163,Stanley Walker,Mary Harrison,TKER72373391424695,107,0.6087450151,0.0,2016-06-15T00:00:00,35,29100.0,12600.0,AprovadoAnalista,De 31 a 50 % - Médio,0.5535714285714285,0.4464285714285714,0.999924122550094,12600.0,,,,,,,,,,7538965.0,7538965.0,12.0,0.0,2009.0,De 11 a 16 anos,300000.0,False,True,0.6949513444,360591.0,2020-12-10T15:23:31
7092,7165,Jeremy Jones-Wallis,Cheryl Lee,EVIS64339646315210,27,0.4292453492,0.0,2016-03-03T00:00:00,25,18700.68,35000.0,AprovadoAnalista,De 31 a 50 % - Médio,0.5892857142857142,0.4107142857142857,0.0,35000.0,,,,,,,,,,3354619.0,0.0,12.0,0.0,2010.0,De 6 a 10 anos,2000.0,False,True,0.9818639502,13690.0,2020-12-10T15:20:07
7093,7166,Mrs. Amber Ward,Dale Knight,OYVS59562613587408,6,0.5578428231,0.0,2019-04-15T00:00:00,10,73970.0,50000.0,AprovadoAnalista,De 31 a 50 % - Médio,0.5357142857142857,0.4642857142857142,0.0,25000.0,,,,,,,,,,1613656.0,0.0,12.0,0.0,2017.0,De 0 a 5 anos,100000.0,False,True,1.0,960.0,2020-12-10T16:41:18
7101,7174,Jake Kennedy-Hilton,Brett Young-Marshall,JRUV64006011559433,36,0.5403541885,0.0,2017-08-01T00:00:00,0,0.0,300000.0,AprovadoAnalista,De 31 a 50 % - Médio,0.6785714285714285,0.3214285714285714,0.0,300000.0,,2019-12-31T03:00:00,34436965.0,23272132.0,58196797.0,24803026.0,1232128.0,0.0,24791804.0,173791382.0,43703819.0,12.0,130087563.0,2000.0,Acima de 17 anos,1.0,False,True,1.0,8381691.0,2020-12-10T17:09:27
7104,7177,Stewart Donnelly,Mrs. Kathleen Taylor,MHQQ22647684094450,20,0.4671655425,0.0,2020-01-06T00:00:00,55,7673.41,10000.0,ReprovadoAnalista,De 31 a 50 % - Médio,0.5,0.4999999999999999,0.0,,,2019-12-31T00:00:00,0.0,0.0,0.0,0.0,0.0,0.0,0.0,285576.0,0.0,6.0,0.0,2019.0,De 0 a 5 anos,150000.0,False,False,1.0,6160.0,
7111,7184,Dean Clayton,Abdul Wood,BZFA06542301998587,6,0.0,,2015-07-07T15:43:00,0,0.0,50000.0,AprovadoAnalista,De 31 a 50 % - Médio,0.6607142857142857,0.3392857142857142,0.0,50000.0,,2019-12-31T00:00:00,5060748.0,4735949.0,5392990.0,-178305.0,1324346.0,1199591.0,3472742.0,15418736.0,768687.0,12.0,14650049.0,2015.0,De 0 a 5 anos,30000.0,False,False,0.0,213600.0,2020-12-10T19:41:02
7117,7190,Jane Smith-Burgess,Mrs. Danielle Griffiths,NEPW37847486813629,0,0.497727451,0.0,2020-11-24T00:00:00,241,7140.0,10000.0,ReprovadoAnalista,De 31 a 50 % - Médio,0.5714285714285714,0.4285714285714285,0.0,,,,,,,,,,,350914.0,0.0,7.0,0.0,2020.0,De 0 a 5 anos,80000.0,False,True,1.0,720.0,
7158,7231,Bethany Cox-Mitchell,Charles Jones-Roberts,ERWU92971568260410,46,0.4345164253,0.0,2016-09-21T00:00:00,27,3655.0,30000.0,AprovadoAnalista,De 31 a 50 % - Médio,0.5892857142857142,0.4107142857142857,0.866025403784439,20000.0,,2019-12-31T00:00:00,0.0,0.0,0.0,0.0,0.0,0.0,0.0,559066.0,0.0,4.0,0.0,1967.0,Acima de 17 anos,0.0,True,False,1.0,0.0,2020-12-14T15:27:43
7160,7233,Ashleigh Brown-Harrison,Ms. Debra Leach,HUJZ10998040233700,3,0.4444104952,0.0,2019-03-28T00:00:00,2,3310.89,85000.0,AprovadoAnalista,De 31 a 50 % - Médio,0.5,0.4999999999999999,0.0,55000.0,,2020-03-31T03:00:00,11966976.0,3952216.0,12139199.0,7455030.0,1000000.0,4465307.0,5389317.0,8930896.0,3004491.0,3.0,5926405.0,2017.0,De 0 a 5 anos,300000.0,True,True,1.0,0.0,2020-12-14T17:20:29
7163,7236,Stewart Donnelly,Mrs. Kathleen Taylor,MHQQ22647684094450,20,0.4671655425,0.0,2020-01-06T00:00:00,55,7673.41,5000.0,AprovadoAnalista,De 31 a 50 % - Médio,0.5,0.4999999999999999,0.0,5000.0,,2019-12-31T00:00:00,0.0,0.0,0.0,0.0,0.0,0.0,0.0,285576.0,0.0,6.0,0.0,2019.0,De 0 a 5 anos,150000.0,False,False,1.0,6160.0,2020-12-14T17:42:45
7167,7240,Gerald Wong,Jake Douglas,GCLJ02132447630077,66,0.3798407985,0.0,2013-11-13T00:00:00,82,2140954.39,2700000.0,AprovadoAnalista,De 31 a 50 % - Médio,0.6607142857142857,0.3392857142857142,-0.986340294789491,2700000.0,,2019-12-31T03:00:00,439759646.0,176148420.0,1118741126.0,534396581.0,20189.0,202700484.0,135854376.0,818740879.0,298336451.0,12.0,520404428.0,2013.0,De 6 a 10 anos,498890279.0,True,False,0.939821309,17575720.0,2020-12-14T18:01:17
7173,7246,Dr. Cameron Davies,Guy Miles-Short,LWSR47369169506797,0,0.410914466,0.0,2020-07-10T00:00:00,0,0.0,15000.0,AprovadoAnalista,De 31 a 50 % - Médio,0.5714285714285714,0.4285714285714285,0.0,5000.0,,,,,,,,,,740531.0,0.0,12.0,0.0,2016.0,De 0 a 5 anos,2300.0,False,True,1.0,5180.0,2020-12-14T20:51:43
7175,7248,Geoffrey Johnson,Tracy Collins,CLUV86507137794361,33,0.2777430629,0.0,2018-10-30T00:00:00,0,0.0,5000.0,AprovadoAnalista,De 31 a 50 % - Médio,0.5357142857142857,0.4642857142857142,0.866025403784439,5000.0,,,,,,,,,,0.0,0.0,1.0,0.0,2012.0,De 6 a 10 anos,300000.0,False,True,1.0,40500.0,2020-12-14T20:57:13
7182,7255,Douglas Taylor,Dale Lowe,JXCH36268697453955,18,0.3745726656,0.0,2014-02-21T00:00:00,44,90290.9,90000.0,AprovadoAnalista,De 31 a 50 % - Médio,0.6785714285714285,0.3214285714285714,0.944120201989244,90000.0,,2019-09-30T03:00:00,2655027.0,2666384.0,3522857.0,464879.0,422216.0,901100.0,452251.0,9049348.0,-167469.0,9.0,9216817.0,2009.0,De 11 a 16 anos,30000.0,False,False,0.8306436156,106800.0,2020-12-14T21:11:36
7187,7260,Mr. Robert Elliott,Mr. Brett Kelly,HNNC71234011503718,17,0.5233159885,0.0,2019-08-20T00:00:00,0,0.0,100000.0,AprovadoAnalista,De 31 a 50 % - Médio,0.5,0.4999999999999999,0.866025403784439,100000.0,,2019-12-31T03:00:00,2296426.0,801242.0,2315834.0,1385366.0,14468.0,1303268.0,753163.0,5074536.0,0.0,12.0,0.0,2016.0,De 0 a 5 anos,300000.0,False,True,1.0,142630.0,2020-12-15T11:17:35
7189,7262,Adam Allen,Clifford Jones-Gill,DATV77275374664842,33,0.4637211329,0.0,2020-01-21T00:00:00,0,0.0,15000.0,ReprovadoAnalista,De 31 a 50 % - Médio,0.5357142857142857,0.4642857142857142,0.0,,,2019-12-31T00:00:00,34628.0,14778.0,65692.0,50913.0,10983.0,26170.0,0.0,212632.0,102535.0,12.0,110097.0,2018.0,De 0 a 5 anos,50000.0,False,False,1.0,10800.0,
7193,7266,Dawn Walton,Dr. Simon Howard,KEGF59242061144844,794,0.5459746079,0.0,2012-09-14T00:00:00,61,22176.0,45000.0,AprovadoAnalista,De 31 a 50 % - Médio,0.6607142857142857,0.3392857142857142,-0.696677891981645,40000.0,,,,,,,,,,3429600.0,0.0,12.0,0.0,2012.0,De 6 a 10 anos,100000.0,False,True,0.6367696733,5280.0,2020-12-15T12:41:53
7194,7267,Hazel Roberts-Fisher,Oliver Bennett,SUCY95744026602979,10,0.5705925674,0.0,2007-04-24T00:00:00,130,4600.0,50000.0,AprovadoAnalista,De 31 a 50 % - Médio,0.5892857142857142,0.4107142857142857,0.0,15000.0,,,,,,,,,,835963.0,0.0,6.0,0.0,1994.0,Acima de 17 anos,78800.0,False,True,1.0,76000.0,2020-12-15T12:42:26
7196,7269,Mrs. Nicole Parry,Carole Davis,ZUZT79747647875702,0,0.3245100455,0.0,2018-10-24T00:00:00,27,2963.17,20000.0,AprovadoAnalista,De 31 a 50 % - Médio,0.6428571428571428,0.3571428571428571,0.0,20000.0,,,,,,,,,,5136984.0,0.0,12.0,0.0,2018.0,De 0 a 5 anos,1779000.0,False,True,1.0,9900.0,2020-12-15T12:43:53
7197,7270,Ms. Katie Evans,Marion Wells-James,XCFU30147717387025,12,0.0,,2018-03-29T08:38:51,0,0.0,20000.0,AprovadoAnalista,De 31 a 50 % - Médio,0.5892857142857142,0.4107142857142857,-6e-16,10000.0,,,,,,,,,,1076732.0,0.0,12.0,0.0,2012.0,De 6 a 10 anos,150000.0,False,True,0.0,2220.0,2020-12-15T12:48:20
7199,7272,Shaun Barlow-Owen,Dr. Peter Bryan,NTPP27145676483888,2,0.1719910304,0.0,2019-07-29T00:00:00,60,57600.0,200000.0,AprovadoAnalista,De 31 a 50 % - Médio,0.6785714285714285,0.3214285714285714,0.0,180000.0,,2020-11-30T03:00:00,6913398.0,2919862.0,6913398.0,693409.0,0.0,2598079.0,4075498.0,3594626.0,3563873.0,11.0,30753.0,2017.0,De 0 a 5 anos,350000.0,False,True,1.0,52800.0,2020-12-15T12:49:29
7204,7277,Amelia Thomas,Eleanor Wilson,OYJB24693224986182,41,0.341106362,0.0,2012-05-09T00:00:00,0,2760.0,30000.0,AprovadoAnalista,De 31 a 50 % - Médio,0.6071428571428571,0.3928571428571428,0.718537400918295,30000.0,,2019-12-31T00:00:00,20396883.0,17699263.0,4799512.0,-19514982.0,32117742.0,9550405.0,6450155.0,43509979.0,18213246.0,12.0,25296733.0,1990.0,Acima de 17 anos,600000.0,False,False,0.9700428259,160200.0,2020-12-15T13:32:38
7206,7279,Adam Allen,Clifford Jones-Gill,DATV77275374664842,33,0.4637211329,0.0,2020-01-21T00:00:00,0,0.0,5000.0,AprovadoAnalista,De 31 a 50 % - Médio,0.5357142857142857,0.4642857142857142,0.0,5000.0,,,,,,,,,,212632.0,102535.0,12.0,110097.0,2018.0,De 0 a 5 anos,50000.0,False,False,1.0,10800.0,2020-12-15T14:40:13
7212,7285,Dr. Dale Dawson,Caroline Hale,NXKJ36775578171965,24,1.20858e-05,0.0,2011-02-24T00:00:00,0,22733.33,50000.0,AprovadoAnalista,De 31 a 50 % - Médio,0.5357142857142857,0.4642857142857142,0.815396530785634,35000.0,,,,,,,,,,24153043.0,0.0,12.0,0.0,1996.0,Acima de 17 anos,80000.0,False,True,0.8315898944,768251.0,2020-12-15T14:49:04
7231,7304,William Ali,Mr. Howard Clark,VTMC56827253631607,5,0.2758590343,0.0,2020-07-07T00:00:00,0,0.0,17000.0,AprovadoAnalista,De 31 a 50 % - Médio,0.5892857142857142,0.4107142857142857,0.0,17000.0,,2019-12-31T00:00:00,10636.0,4451.0,10636.0,6184.0,0.0,0.0,0.0,569925.0,0.0,5.0,0.0,2019.0,De 0 a 5 anos,50000.0,False,False,1.0,1110.0,2020-12-16T14:16:33
7232,7305,Leigh Holloway,Kathleen Wallis,TSGC04752344347638,4,0.3626027927,0.0,2014-09-02T00:00:00,0,14616.0,200000.0,AprovadoAnalista,De 31 a 50 % - Médio,0.6428571428571428,0.3571428571428571,0.0,50000.0,,,,,,,,,,0.0,0.0,1.0,0.0,2011.0,De 6 a 10 anos,1000.0,False,True,1.0,12420.0,2020-12-16T14:17:57
7244,7317,Mohammad Barnett,Jonathan Webb,JUDS85528877776222,32,0.578498227,0.0,2018-05-22T00:00:00,0,137676.67,200000.0,AprovadoAnalista,De 31 a 50 % - Médio,0.6607142857142857,0.3392857142857142,0.866025403784439,170000.0,,2019-12-31T03:00:00,4104488.0,3606968.0,5925394.0,300649.0,807531.0,1116015.0,2829685.0,23734313.0,11307288.0,12.0,12427025.0,2017.0,De 0 a 5 anos,1500000.0,False,False,1.0,284800.0,2020-12-16T14:52:09
7247,7320,Leigh Holloway,Kathleen Wallis,TSGC04752344347638,4,0.3626027927,0.0,2014-09-02T00:00:00,0,14616.0,200000.0,AprovadoAnalista,De 31 a 50 % - Médio,0.6428571428571428,0.3571428571428571,0.0,70000.0,,,,,,,,,,0.0,0.0,1.0,0.0,2011.0,De 6 a 10 anos,1000.0,False,True,1.0,12420.0,2020-12-16T18:46:41
7253,7326,Claire Martin-Taylor,Andrea Cooper-Elliott,YBQC81831446535126,20,0.3570632544,0.0,2017-09-04T00:00:00,16,16172.0,100000.0,AprovadoAnalista,De 31 a 50 % - Médio,0.5892857142857142,0.4107142857142857,-1.5e-15,25000.0,,2020-07-31T03:00:00,173931.0,106979.0,787605.0,680625.0,0.0,3500.0,612274.0,822322.0,0.0,7.0,0.0,2016.0,De 0 a 5 anos,98000.0,False,False,0.9606665631,3240.0,2020-12-16T18:37:06
7257,7330,Dr. Joseph Coates,Ricky Moore,PFTR56470218356872,0,0.213482,0.0,2020-12-09T00:00:00,0,0.0,50000.0,AprovadoAnalista,De 31 a 50 % - Médio,0.6071428571428571,0.3928571428571428,0.0,10000.0,,2020-09-30T00:00:00,258069.0,147138.0,1103652.0,735512.0,101681.0,179198.0,34030.0,838081.0,505767.0,9.0,332314.0,2019.0,De 0 a 5 anos,3000000.0,False,True,1.0,17800.0,2020-12-16T19:00:39
7259,7332,Michael Wilson,Brenda Davis,GBOC70156244571026,18,0.2484828499,0.0,2017-01-12T00:00:00,26,2326.81,20000.0,AprovadoAnalista,De 31 a 50 % - Médio,0.5714285714285714,0.4285714285714285,0.866025403784439,20000.0,,,,,,,,,,610669.0,0.0,12.0,0.0,2002.0,Acima de 17 anos,10000.0,False,False,1.0,4860.0,2020-12-16T19:27:31
7261,7334,Mrs. Amber Ward,Dale Knight,OYVS59562613587408,6,0.5578428231,0.0,2019-04-15T00:00:00,10,73970.0,100000.0,AprovadoAnalista,De 31 a 50 % - Médio,0.5892857142857142,0.4107142857142857,0.0,35000.0,,2019-12-31T03:00:00,1507244.0,45887.0,1607244.0,100000.0,0.0,119433.0,299713.0,3664849.0,1453924.0,12.0,2210925.0,2017.0,De 0 a 5 anos,100000.0,False,True,1.0,960.0,2020-12-16T19:33:53
7263,7336,Mrs. Catherine Khan,Holly Carroll,QMXI88311841323503,5,0.5760158692,0.0,2020-02-26T00:00:00,40,4990.8,20000.0,AprovadoAnalista,De 31 a 50 % - Médio,0.5357142857142857,0.4642857142857142,0.0,5000.0,,,,,,,,,,501996.0,0.0,6.0,0.0,2012.0,De 6 a 10 anos,10000.0,False,True,1.0,5120.0,2020-12-16T19:39:45
7264,7337,Leanne Thomson,Megan White,TQOW45926383175527,0,0.5092558875,0.0,2020-12-10T00:00:00,0,0.0,50000.0,ReprovadoAnalista,De 31 a 50 % - Médio,0.625,0.3749999999999999,0.0,,,2019-12-31T00:00:00,0.0,0.0,0.0,0.0,0.0,0.0,0.0,233104.0,0.0,12.0,0.0,2019.0,De 0 a 5 anos,15000.0,False,True,1.0,840.0,
7267,7340,Leanne Thomson,Megan White,TQOW45926383175527,0,0.5092558875,0.0,2020-12-10T00:00:00,0,0.0,15000.0,AprovadoAnalista,De 31 a 50 % - Médio,0.625,0.3749999999999999,0.0,5000.0,,2019-12-31T00:00:00,0.0,0.0,0.0,0.0,0.0,0.0,0.0,233104.0,0.0,12.0,0.0,2019.0,De 0 a 5 anos,15000.0,False,True,1.0,840.0,2020-12-16T20:40:48
7270,7343,Stephen Noble,Norman Allen,DXVQ95516926720148,0,0.3522793103,0.0,2017-09-14T00:00:00,0,0.0,45000.0,AprovadoAnalista,De 31 a 50 % - Médio,0.6428571428571428,0.3571428571428571,0.0,45000.0,,,,,,,,,,5813248.0,0.0,12.0,0.0,2015.0,De 0 a 5 anos,229000.0,False,True,1.0,42180.0,2020-12-17T12:12:14
7271,7344,Mary Davis,Jay Hurst,XPVZ80447104399027,3,0.5261150209,0.0,2019-04-26T00:00:00,23,20471.75,37000.0,AprovadoAnalista,De 31 a 50 % - Médio,0.6428571428571428,0.3571428571428571,0.0,37000.0,,2020-06-30T00:00:00,1516105.0,590467.0,1550493.0,52659.0,195000.0,0.0,922281.0,1005925.0,843101.0,6.0,162824.0,2018.0,De 0 a 5 anos,100000.0,False,True,1.0,46200.0,2020-12-17T13:09:34
7277,7350,Mr. Bryan Sykes,Denise Shaw-Jordan,TJKX86388200010319,9,0.0,,2019-12-16T11:54:19,0,0.0,360000.0,AprovadoAnalista,De 31 a 50 % - Médio,0.6607142857142857,0.3392857142857142,0.0,360000.0,,2019-12-31T03:00:00,293402000.0,187575000.0,386929000.0,164778000.0,48351000.0,127328000.0,91390000.0,671575000.0,671575000.0,12.0,0.0,2009.0,De 11 a 16 anos,290536290.0,True,False,0.0,23830848.0,2020-12-17T14:18:56
7279,7352,Ms. Nicole Webb,Jay Russell,RNVV51983315806829,62,0.6189278945,0.0,2017-11-30T00:00:00,80,34503.01,100000.0,AprovadoAnalista,De 31 a 50 % - Médio,0.6607142857142857,0.3392857142857142,0.991428482966664,40000.0,,2020-11-30T03:00:00,8728100.0,62975.0,8727758.0,6268227.0,0.0,0.0,3406376.0,2448370.0,2444740.0,11.0,3630.0,2012.0,De 6 a 10 anos,300000.0,False,True,0.8464687728,720.0,2020-12-17T14:18:15
7285,7358,Mrs. Ashleigh Wong,Aimee Whitehead-Kennedy,DVMG86991450661471,14,0.4888255182,0.0,2020-08-07T00:00:00,0,0.0,12000.0,ReprovadoAnalista,De 31 a 50 % - Médio,0.5178571428571428,0.4821428571428571,0.0,,,2019-12-31T00:00:00,0.0,0.0,0.0,0.0,0.0,0.0,0.0,396973.0,0.0,12.0,0.0,2010.0,De 6 a 10 anos,40000.0,True,False,1.0,0.0,
7287,7360,Stephanie Austin,Frederick Patel,QSRF17917103548461,22,0.5577392434,0.0,2017-05-17T00:00:00,0,0.0,50000.0,ReprovadoAnalista,De 31 a 50 % - Médio,0.6785714285714285,0.3214285714285714,0.157675269317615,,,2020-06-30T00:00:00,6610069.0,4630876.0,6610069.0,-493765.0,0.0,2969126.0,3528107.0,5160597.0,5159881.0,6.0,716.0,2009.0,De 11 a 16 anos,100000.0,True,False,1.0,0.0,
7288,7361,Dr. Tracy Chandler,Dr. Sarah Turner,FFYN25302864354791,22,0.3526450637,0.0,2015-08-18T00:00:00,15,18185.3,100000.0,AprovadoAnalista,De 31 a 50 % - Médio,0.6607142857142857,0.3392857142857142,0.997894331866043,100000.0,,2019-12-31T03:00:00,4054209.0,3304081.0,4256415.0,941803.0,0.0,2162369.0,1714930.0,4354907.0,1319645.0,4.0,3035262.0,2014.0,De 6 a 10 anos,180000.0,False,True,0.9761517295,60000.0,2020-12-17T15:03:22
7290,7363,Kelly Baxter,Dr. Pauline Stewart,ZFKA70203512888324,4,0.3569211716,0.0,2019-02-06T00:00:00,15,43239.01,100000.0,AprovadoAnalista,De 31 a 50 % - Médio,0.6607142857142857,0.3392857142857142,0.866025403784439,80000.0,,2019-12-31T03:00:00,6822954.0,1244746.0,7080924.0,5739050.0,330348.0,2762682.0,1447380.0,4013625.0,2213421.0,12.0,1800204.0,2017.0,De 0 a 5 anos,100000.0,False,True,1.0,59400.0,2020-12-17T16:59:20
7293,7366,Naomi Lloyd,Charlie Woodward-Martin,WMZU04337032555540,6,0.4565175174,0.0,2018-07-23T00:00:00,0,0.0,7000.0,AprovadoAnalista,De 31 a 50 % - Médio,0.6428571428571428,0.3571428571428571,0.0,7000.0,,,,,,,,,,0.0,0.0,1.0,0.0,2018.0,De 0 a 5 anos,50000.0,False,False,1.0,22000.0,2020-12-17T17:01:21
7301,7374,Hollie Phillips,Mrs. Katy Saunders,DXII87451538576796,19,0.5229485904,0.0,2018-01-12T00:00:00,39,16590.0,50000.0,AprovadoAnalista,De 31 a 50 % - Médio,0.5535714285714285,0.4464285714285714,0.604532711735554,20000.0,,,,,,,,,,1127743.0,0.0,6.0,0.0,2013.0,De 6 a 10 anos,100000.0,False,True,0.3611985207,19800.0,2020-12-17T19:28:29
7302,7375,Andrea Donnelly,Liam Harper,YUOY26007213593673,6,0.0,,2019-07-03T15:15:39,0,0.0,10000.0,AprovadoAnalista,De 31 a 50 % - Médio,0.5535714285714285,0.4464285714285714,0.0,5000.0,,2019-12-31T00:00:00,0.0,0.0,0.0,0.0,0.0,0.0,0.0,251629.0,0.0,12.0,0.0,2018.0,De 0 a 5 anos,50000.0,False,False,0.0,4440.0,2020-12-17T19:43:32
7314,7387,Miss Claire Hobbs,Frank Marsden,GSJR46279064925184,3,0.6350975525,0.0,2018-05-30T00:00:00,26,3240.0,50000.0,AprovadoAnalista,De 31 a 50 % - Médio,0.6428571428571428,0.3571428571428571,0.0,40000.0,,,,,,,,,,3365318.0,0.0,12.0,0.0,2017.0,De 0 a 5 anos,200000.0,False,True,1.0,52800.0,2020-12-18T14:36:04
7318,7391,Billy Campbell,Mr. Denis Gibbs,ZKFK89719630038288,6,0.34636815,0.0,2015-12-15T00:00:00,0,0.0,5000.0,AprovadoAnalista,De 31 a 50 % - Médio,0.6071428571428571,0.3928571428571428,0.866025403784439,5000.0,,,,,,,,,,277451.0,0.0,10.0,0.0,2012.0,De 6 a 10 anos,100000.0,False,False,1.0,0.0,2020-12-18T16:10:46
7330,7403,Mr. Jordan Stevens,Miss Ellie Kelly,UCBM91111020900951,23,0.3297961267,0.0,2016-08-03T00:00:00,0,0.0,120000.0,AprovadoAnalista,De 31 a 50 % - Médio,0.6428571428571428,0.3571428571428571,-0.927590165600965,120000.0,,2019-12-31T03:00:00,7346700.0,5304185.0,8945697.0,1678506.0,1122450.0,4278294.0,2690647.0,20052539.0,3766634.0,12.0,16285905.0,2014.0,De 6 a 10 anos,1500000.0,False,True,0.9588687939,293689.0,2020-12-21T15:02:51
7334,7407,Mr. Brett Davies,Mr. Brian James,FEFJ71470655671577,3,0.3087965651,0.0,2019-08-05T00:00:00,0,0.0,50000.0,AprovadoAnalista,De 31 a 50 % - Médio,0.5357142857142857,0.4642857142857142,0.0,25000.0,,2019-12-31T00:00:00,1003590.0,839850.0,1074895.0,167556.0,551053.0,248549.0,657713.0,852803.0,292771.0,12.0,560032.0,2018.0,De 0 a 5 anos,0.0,False,True,1.0,2508.0,2020-12-21T15:30:37
7341,7414,Marion Graham,Dr. Philip Weston,GBYQ35716048437076,30,0.6215864295,0.0,2011-12-23T00:00:00,6,1093374.04,5900000.0,AprovadoAnalista,De 31 a 50 % - Médio,0.5,0.5,0.866025403784439,5900000.0,,,,,,,,,,0.0,0.0,1.0,0.0,2010.0,De 6 a 10 anos,979957432.0,True,False,1.0,132233152.0,2020-12-21T17:28:01
7344,7417,Dr. Michelle Hyde,John Barrett,HBEA15627513967108,4,0.5644146683,0.0,2018-05-29T00:00:00,0,0.0,30000.0,AprovadoAnalista,De 31 a 50 % - Médio,0.6785714285714285,0.3214285714285714,0.0,20000.0,,,,,,,,,,500000.0,0.0,1.0,0.0,2016.0,De 0 a 5 anos,5060000.0,False,True,1.0,59400.0,2020-12-21T19:23:42
7355,7428,Douglas Taylor,Dale Lowe,JXCH36268697453955,18,0.3745726656,0.0,2014-02-21T00:00:00,44,90290.9,106000.0,AprovadoAnalista,De 31 a 50 % - Médio,0.625,0.375,0.944120201989244,90000.0,,2019-12-31T03:00:00,2759006.0,3330872.0,3517355.0,78710.0,979170.0,264302.0,507868.0,12035481.0,5540332.0,12.0,6495149.0,2009.0,De 11 a 16 anos,30000.0,False,False,0.8306436156,60000.0,2020-12-22T13:08:02
7366,7439,Douglas Taylor,Dale Lowe,JXCH36268697453955,18,0.3745726656,0.0,2014-02-21T00:00:00,44,90290.9,107000.0,AprovadoAnalista,De 31 a 50 % - Médio,0.625,0.375,0.944120201989244,107000.0,,2019-12-31T03:00:00,2759006.0,3330872.0,3517355.0,78710.0,979170.0,264302.0,507868.0,12035481.0,5540332.0,12.0,6495149.0,2009.0,De 11 a 16 anos,30000.0,False,False,0.8306436156,60000.0,2020-12-23T21:21:52
7368,7441,Marc Thompson,Jack Ellis-Hawkins,OPER95401723782708,8,0.428657209,0.0,2020-05-25T00:00:00,6,28862.81,170000.0,AprovadoAnalista,De 31 a 50 % - Médio,0.6428571428571428,0.3571428571428571,0.0,40000.0,,2020-07-31T00:00:00,1371965.0,326598.0,1371965.0,1045366.0,0.0,12023.0,84974.0,1881447.0,1423064.0,7.0,458383.0,2019.0,De 0 a 5 anos,150000.0,False,True,1.0,1480.0,2020-12-22T18:48:54
7376,7449,Dr. Beverley Wilkinson,Dr. Lindsey Evans,LDMF27027173426163,3,0.3666348311,0.0,2018-10-23T00:00:00,0,0.0,20000.0,AprovadoAnalista,De 31 a 50 % - Médio,0.5357142857142857,0.4642857142857142,0.0,10000.0,,,,,,,,,,378976.0,0.0,6.0,0.0,2017.0,De 0 a 5 anos,5000.0,False,True,1.0,3330.0,2020-12-23T13:50:51
7390,7463,Mary Smith,Mr. Leon Smith,HMOW17454360616914,18,0.6915,0.0,2013-02-18T00:00:00,0,0.0,30000.0,AprovadoAnalista,De 31 a 50 % - Médio,0.6428571428571428,0.3571428571428571,7.5e-15,30000.0,,2019-12-31T00:00:00,3327776.0,182175.0,3452933.0,2960528.0,324000.0,1521938.0,857889.0,9298412.0,3789050.0,12.0,5509362.0,2009.0,De 11 a 16 anos,0.0,False,True,0.9918288416,863457.0,2020-12-23T18:53:19
7391,7464,Eleanor Pugh,Kathryn Wyatt-Carr,WSZD97479860996508,15,0.3730334256,0.0,2016-06-14T00:00:00,0,12.05,25000.0,AprovadoAnalista,De 31 a 50 % - Médio,0.6607142857142857,0.3392857142857142,0.866025403784439,25000.0,,,,,,,,,,5744422.0,0.0,12.0,0.0,2011.0,De 6 a 10 anos,250000.0,False,False,1.0,462187.0,2020-12-23T18:54:14
7392,7465,Douglas Parker,Gillian Mason,BWJA72636159902734,9,0.4325313281,0.0,2016-10-07T00:00:00,0,0.0,20000.0,AprovadoAnalista,De 31 a 50 % - Médio,0.6428571428571428,0.3571428571428571,0.866025403784439,10000.0,,2019-12-31T00:00:00,7159708.0,166406.0,7205370.0,6933726.0,4665.0,242843.0,603020.0,0.0,0.0,1.0,0.0,2009.0,De 11 a 16 anos,30000.0,False,False,1.0,48622.0,2020-12-23T18:56:00
7394,7467,Bethany Turner,Graeme Turnbull,DRLH79413672718892,0,0.5143666319,0.0,2019-11-13T00:00:00,97,3916.18,5000.0,AprovadoAnalista,De 31 a 50 % - Médio,0.6428571428571428,0.3571428571428571,0.0,5000.0,,,,,,,,,,1070623.0,0.0,12.0,0.0,2019.0,De 0 a 5 anos,50000.0,False,False,1.0,37800.0,2020-12-23T19:02:18
7400,7473,Kyle Roberts,Beth Arnold,LKNT05746408972171,17,0.3499740495,0.0,2017-06-27T00:00:00,42,49710.0,50000.0,AprovadoAnalista,De 31 a 50 % - Médio,0.6428571428571428,0.3571428571428571,0.866025403784439,50000.0,,,,,,,,,,12282922.0,0.0,12.0,0.0,2016.0,De 0 a 5 anos,300000.0,False,False,1.0,166584.0,2020-12-23T19:18:50
7405,7478,Miss Marian Davies,Terry White,TFEL91872907456970,4,0.3395635443,0.0,2019-06-13T00:00:00,228,4624.0,5000.0,AprovadoAnalista,De 31 a 50 % - Médio,0.6071428571428571,0.3928571428571428,0.866025403784439,5000.0,,,,,,,,,,557213.0,0.0,7.0,0.0,2017.0,De 0 a 5 anos,150000.0,False,False,1.0,5882.0,2020-12-23T19:36:49
7410,7483,Sarah Murphy,Leah Morley,GVAF97929115081082,0,0.2970100708,0.0,2019-10-01T00:00:00,0,0.0,10000.0,AprovadoAnalista,De 31 a 50 % - Médio,0.6428571428571428,0.3571428571428571,0.0,10000.0,,2019-12-31T00:00:00,328834.0,24685.0,328834.0,304148.0,0.0,0.0,133487.0,671296.0,225744.0,12.0,445552.0,2019.0,De 0 a 5 anos,0.0,False,True,1.0,28800.0,2020-12-23T20:04:14
7412,7485,Frank Sullivan,Natalie King,NMFH55661019134279,17,0.368013309,0.0,2016-02-02T00:00:00,13,5450.0,50000.0,AprovadoAnalista,De 31 a 50 % - Médio,0.6428571428571428,0.3571428571428571,0.0369729544760378,50000.0,,2019-12-31T00:00:00,2648895.0,40921.0,2694461.0,2541835.0,33550.0,1379822.0,230000.0,5406990.0,2246205.0,12.0,3160785.0,2015.0,De 0 a 5 anos,150000.0,False,True,0.9639938015,123282.0,2020-12-23T21:10:18
7418,7491,Ms. Bethan O'Neill,Denis Johnson,KSSG48475766183871,0,0.3407679016,0.0,2019-02-15T00:00:00,0,0.0,20000.0,AprovadoAnalista,De 31 a 50 % - Médio,0.6607142857142857,0.3392857142857142,0.0,10000.0,,2019-12-31T00:00:00,0.0,0.0,0.0,0.0,0.0,0.0,0.0,418469.0,92356.0,12.0,326113.0,2018.0,De 0 a 5 anos,20000.0,False,False,1.0,13690.0,2020-12-28T12:23:02
7419,7492,Dr. Hayley Freeman,Mr. Garry Green,XCGV50737515493791,224,0.3144315725,0.0,2014-02-26T00:00:00,26,31523.31,50000.0,AprovadoAnalista,De 31 a 50 % - Médio,0.6428571428571428,0.3571428571428571,0.980388761939606,35000.0,,2019-12-31T00:00:00,899482.0,142560.0,899482.0,756921.0,129342.0,2650.0,164166.0,2122601.0,556751.0,12.0,1565850.0,2013.0,De 6 a 10 anos,95400.0,False,True,1.0,53154.0,2020-12-28T12:24:20
7420,7493,Ms. Suzanne Morris,Toby Nicholson,HVEU57586394154454,5,0.3197537313,0.0,2014-09-17T00:00:00,32,4020.0,15000.0,AprovadoAnalista,De 31 a 50 % - Médio,0.6607142857142857,0.3392857142857142,0.0,10000.0,,2019-12-31T00:00:00,0.0,0.0,0.0,0.0,0.0,0.0,0.0,482554.0,100266.0,12.0,382288.0,2002.0,Acima de 17 anos,50000.0,False,False,1.0,4400.0,2020-12-28T12:25:29
7430,7503,Mrs. Melissa Smith,Ryan Andrews-Turner,FVRT37108807539023,50,0.5448893773,0.0,2017-01-24T00:00:00,41,34125.0,50000.0,AprovadoAnalista,De 31 a 50 % - Médio,0.6071428571428571,0.3928571428571428,0.849612669466742,50000.0,,2019-12-31T00:00:00,3611685.0,549629.0,4100394.0,3455762.0,190000.0,1461352.0,962252.0,5903213.0,5005082.0,12.0,898131.0,2017.0,De 0 a 5 anos,300000.0,False,False,0.7653142544,202492.0,2020-12-28T14:22:13
7433,7506,Mrs. Alice Cole,Antony Bennett,HNOM60833242953889,17,0.5136572024,0.0,2017-12-04T00:00:00,0,0.0,30000.0,AprovadoAnalista,De 31 a 50 % - Médio,0.6607142857142857,0.3392857142857142,0.866025403784439,30000.0,,,,,,,,,,8801064.0,0.0,12.0,0.0,2015.0,De 0 a 5 anos,400000.0,False,False,1.0,8640.0,2020-12-28T14:23:29
7439,7512,Josephine Peacock,Linda Cook,PVIP17399531351784,15,0.4028954164,0.0,2009-01-21T00:00:00,52,123462.38,300000.0,AprovadoAnalista,De 31 a 50 % - Médio,0.6428571428571428,0.3571428571428571,-0.73355917855067,280000.0,,2019-12-31T03:00:00,12019449.0,2090290.0,12021729.0,9931438.0,45038.0,165885.0,11523739.0,10202057.0,-282183.0,12.0,10484240.0,2008.0,De 11 a 16 anos,35000.0,True,False,0.9475701929,0.0,2020-12-28T17:09:28
7449,7522,Dr. Garry Day,Dr. Roger Law,ZBNT93199231215831,3,0.4231741089,0.0,2020-08-11T00:00:00,90,27869.81,50000.0,AprovadoAnalista,De 31 a 50 % - Médio,0.6607142857142857,0.3392857142857142,0.0,50000.0,,,,,,,,,,57584557.0,0.0,12.0,0.0,2014.0,De 6 a 10 anos,300000.0,True,False,1.0,53400.0,2020-12-28T17:52:37
7451,7524,Mr. Martyn McKenzie,Billy White-Thomas,DFNR53549069081851,59,0.3521191691,0.0,2013-02-08T00:00:00,0,0.0,10000.0,AprovadoAnalista,De 31 a 50 % - Médio,0.5892857142857142,0.4107142857142857,0.0,10000.0,,,,,,,,,,2758764.0,0.0,12.0,0.0,2008.0,De 11 a 16 anos,80000.0,False,True,1.0,3700.0,2020-12-28T18:06:36
7456,7529,Glen Gill,Shirley Hanson-Harrison,HXEY17172238017839,12,0.5897155712,0.0,2013-04-05T00:00:00,0,0.0,20000.0,AprovadoAnalista,De 31 a 50 % - Médio,0.5892857142857142,0.4107142857142857,0.0,20000.0,,,,,,,,,,3525379.0,0.0,12.0,0.0,1986.0,Acima de 17 anos,110000.0,False,True,1.0,156000.0,2020-12-28T18:59:12
7469,7542,Ms. Sharon Kennedy,Lynda Wood,GOMC34990249493217,0,0.5932890127,0.0,2020-07-20T00:00:00,21,12560.0,10000.0,AprovadoAnalista,De 31 a 50 % - Médio,0.5357142857142857,0.4642857142857142,0.0,5000.0,,2019-12-31T03:00:00,251131.0,44234.0,251131.0,76276.0,0.0,27554.0,171286.0,185198.0,137320.0,10.0,47878.0,2019.0,De 0 a 5 anos,99800.0,False,True,1.0,5760.0,2020-12-28T20:02:32
7471,7544,Dr. Alexandra Pearce,Brenda Begum,BYBT78372454417353,4,0.4481176357,0.0,2019-05-30T00:00:00,0,15600.0,30000.0,AprovadoAnalista,De 31 a 50 % - Médio,0.5535714285714285,0.4464285714285714,0.0,15000.0,,2019-12-31T00:00:00,0.0,0.0,0.0,0.0,0.0,0.0,0.0,1241128.0,0.0,12.0,0.0,2018.0,De 0 a 5 anos,20000.0,False,False,1.0,2640.0,2020-12-28T20:07:03
7484,7557,Lisa Parker,Carole Pickering,ARLG39955776479526,4,0.4673365729,0.0,2015-03-11T00:00:00,52,351900.0,200000.0,AprovadoAnalista,De 31 a 50 % - Médio,0.6607142857142857,0.3392857142857142,0.866025403784439,180000.0,,2020-07-31T03:00:00,4374804.0,1287805.0,5027792.0,3739987.0,24540.0,791536.0,2587422.0,1447670.0,0.0,7.0,0.0,2010.0,De 6 a 10 anos,200000.0,False,True,1.0,437844.0,2020-12-29T14:48:29
7490,7563,Hazel Ross,Chelsea Singh,CASL82587952232562,16,0.4701973788,0.0,2019-12-27T00:00:00,25,985.0,10000.0,AprovadoAnalista,De 31 a 50 % - Médio,0.5892857142857142,0.4107142857142857,0.0,5000.0,,2019-12-31T00:00:00,172097.0,20816.0,172097.0,151281.0,0.0,68748.0,64135.0,581717.0,161669.0,12.0,420048.0,2018.0,De 0 a 5 anos,99800.0,False,False,1.0,2200.0,2020-12-29T14:52:07
7500,7573,Jeremy Ward-Grant,Grace Lambert,AUZR18230288099013,3,0.4297211727,0.0,2019-09-23T00:00:00,0,0.0,15000.0,AprovadoAnalista,De 31 a 50 % - Médio,0.6428571428571428,0.3571428571428571,0.0,15000.0,,2019-12-31T00:00:00,222288.0,92198.0,272288.0,180089.0,0.0,124572.0,95363.0,545680.0,158497.0,12.0,387183.0,2019.0,De 0 a 5 anos,100000.0,False,True,1.0,12277.0,2020-12-29T16:54:22
7502,7575,Jenna Reid,Colin Williams,GRVU62795066319880,15,0.4665997691,0.0,2018-11-21T00:00:00,0,0.0,25000.0,AprovadoAnalista,De 31 a 50 % - Médio,0.5535714285714285,0.4464285714285714,0.0,25000.0,,2019-12-31T00:00:00,51667.0,2933499.0,3033519.0,100019.0,688989.0,922990.0,2004183.0,4534558.0,794441.0,12.0,3740117.0,2018.0,De 0 a 5 anos,30000.0,False,False,1.0,46800.0,2020-12-29T15:01:58
7505,7578,Brian Ferguson,Mr. Charles Thomas,FIGO66059539305030,3,0.4227695299,0.0,2019-03-12T00:00:00,12,2916.0,20000.0,AprovadoAnalista,De 31 a 50 % - Médio,0.5357142857142857,0.4642857142857142,0.0,15000.0,,,,,,,,,,648784.0,0.0,12.0,0.0,2016.0,De 0 a 5 anos,300000.0,False,True,1.0,3330.0,2020-12-29T17:29:13
7511,7584,Guy Thomas,Donna Wood,DKQG03119805771810,4,0.4468061529,0.0,2019-06-19T00:00:00,32,4130.81,15000.0,AprovadoAnalista,De 31 a 50 % - Médio,0.6428571428571428,0.3571428571428571,0.0,15000.0,,,,,,,,,,45688332.0,0.0,7.0,0.0,2015.0,De 0 a 5 anos,420000.0,False,False,1.0,1745710.0,2020-12-29T17:21:27
7513,7586,Marcus Hale,Amanda Thomas,YHMX38406630146130,34,0.4538031294,0.0,2018-01-22T00:00:00,0,0.0,5000.0,AprovadoAnalista,De 31 a 50 % - Médio,0.6607142857142857,0.3392857142857142,0.925529409005582,5000.0,,,,,,,,,,0.0,0.0,1.0,0.0,1997.0,Acima de 17 anos,146574.0,False,False,1.0,33000.0,2020-12-29T17:16:36
7514,7587,Leslie Young,Ms. Nicola Coates,KFMR72715847552364,5,0.5442670099,0.0,2018-11-06T00:00:00,135,4200.0,6000.0,AprovadoAnalista,De 31 a 50 % - Médio,0.5357142857142857,0.4642857142857142,0.0,6000.0,,,,,,,,,,0.0,0.0,1.0,0.0,2017.0,De 0 a 5 anos,10000.0,False,False,1.0,3330.0,2020-12-29T17:20:02
7518,7591,Conor Johnson,Karl Phillips,HQDO27260157537522,0,0.4313741614,0.0,2017-09-27T00:00:00,0,0.0,10000.0,AprovadoAnalista,De 31 a 50 % - Médio,0.5357142857142857,0.4642857142857142,0.0,10000.0,,,,,,,,,,634946.0,0.0,12.0,0.0,2015.0,De 0 a 5 anos,40000.0,False,False,1.0,16280.0,2020-12-29T17:36:28
7520,7593,Paul Lee,Marcus Thomas-Marshall,SCPV92825370176132,17,0.2171587646,0.0,2019-02-12T00:00:00,0,0.0,15000.0,AprovadoAnalista,De 31 a 50 % - Médio,0.5535714285714285,0.4464285714285714,0.866025403784439,15000.0,,2019-12-31T00:00:00,0.0,0.0,0.0,0.0,0.0,0.0,0.0,261723.0,0.0,12.0,0.0,2018.0,De 0 a 5 anos,500000.0,False,False,1.0,9720.0,2020-12-29T17:38:35
7535,7608,Sian Higgins,Lindsey Daniels-Scott,DXOR49994053124587,3,0.4380159577,0.0,2019-02-19T00:00:00,6,10644.89,25000.0,AprovadoAnalista,De 31 a 50 % - Médio,0.5892857142857142,0.4107142857142857,0.0,15000.0,,2019-12-31T00:00:00,0.0,0.0,0.0,0.0,0.0,0.0,0.0,866601.0,0.0,12.0,0.0,2018.0,De 0 a 5 anos,150000.0,False,True,1.0,2618.0,2020-12-29T20:27:01
7541,7614,Malcolm Bolton,Janet Owen,EWWP39022791129732,42,0.0,,2018-08-28T10:48:01,0,0.0,700000.0,AprovadoAnalista,De 31 a 50 % - Médio,0.625,0.375,0.915538910247784,700000.0,,2019-12-31T03:00:00,2061784000.0,1634862000.0,3634506000.0,990059000.0,688500000.0,400799000.0,1293428000.0,6426115000.0,2032579000.0,12.0,4393536000.0,2014.0,De 6 a 10 anos,511903186.0,True,False,0.0,286758144.0,2020-12-30T13:07:22
7542,7615,Brett Wheeler,Terence O'Connor,DKOG06921665634894,61,0.6088906349,0.0,2018-08-27T00:00:00,17,640190.03,495000.0,AprovadoAnalista,De 31 a 50 % - Médio,0.625,0.375,0.597048792139132,495000.0,,2019-12-31T03:00:00,1201858000.0,912104000.0,2076423000.0,800377000.0,100320000.0,196971000.0,766466000.0,3369173000.0,3366842514.0,12.0,2330486.0,2013.0,De 6 a 10 anos,330742994.0,True,False,0.8482640173,115027728.0,2020-12-30T13:07:39
7544,7617,Marion Graham,Dr. Philip Weston,GBYQ35716048437076,30,0.6215864295,0.0,2011-12-23T00:00:00,6,1093374.04,10700000.0,AprovadoComite,De 31 a 50 % - Médio,0.5,0.5,0.866025403784439,10700000.0,2020-12-29T20:24:24,,,,,,,,,0.0,0.0,1.0,0.0,2010.0,De 6 a 10 anos,979957432.0,True,False,1.0,132233152.0,
7547,7620,Reece King,Victoria Harper,VUQY80070392818665,35,0.0,,2016-07-12T15:45:43,0,0.0,55000.0,AprovadoAnalista,De 31 a 50 % - Médio,0.5,0.4999999999999999,0.94350034220801,40000.0,,2019-12-31T03:00:00,7062955.0,2101846.0,7192697.0,341872.0,4491726.0,5361456.0,1540286.0,6824982.0,2040258.0,12.0,4784724.0,2015.0,De 0 a 5 anos,105000.0,False,True,0.0,12900.0,2020-12-30T13:09:05
7550,7623,Timothy Khan,Mr. Alan Martin,LRIZ03645710256655,119,0.3294012033,0.0,2016-10-27T00:00:00,0,0.0,20000.0,AprovadoAnalista,De 31 a 50 % - Médio,0.5892857142857142,0.4107142857142857,-0.112941726758749,20000.0,,,,,,,,,,1163829.0,0.0,12.0,0.0,2013.0,De 6 a 10 anos,10000.0,False,False,0.9628405954,1920.0,2020-12-30T13:14:23
7553,7626,Miss Angela Baker,Dr. Frederick Cooper,WVXT55510443217415,57,0.1877488153,0.0,2014-01-10T00:00:00,0,0.0,20000.0,AprovadoAnalista,De 31 a 50 % - Médio,0.5178571428571428,0.4821428571428571,0.109902285645256,10000.0,,2019-12-31T00:00:00,0.0,0.0,0.0,0.0,0.0,0.0,0.0,1147373.0,0.0,12.0,0.0,2013.0,De 6 a 10 anos,80000.0,False,True,0.6901990073,51600.0,2020-12-30T13:17:11
7554,7627,Martyn Jones-Smart,Marion Cook,UPWH52587199791036,4,0.4185281385,0.0,2019-03-22T00:00:00,42,3465.0,20000.0,AprovadoAnalista,De 31 a 50 % - Médio,0.6607142857142857,0.3392857142857142,0.0,15000.0,,2019-12-31T00:00:00,0.0,0.0,0.0,0.0,0.0,0.0,0.0,897133.0,0.0,12.0,0.0,2018.0,De 0 a 5 anos,50000.0,False,False,1.0,4440.0,2020-12-30T13:20:36
7562,7635,Garry Bates,Elliott Jones,UNCS82286484620291,4,0.5128469378,0.0,2016-09-29T00:00:00,0,0.0,20000.0,AprovadoAnalista,De 31 a 50 % - Médio,0.6428571428571428,0.3571428571428571,0.0,20000.0,,,,,,,,,,1101524.0,0.0,12.0,0.0,2011.0,De 6 a 10 anos,200000.0,False,True,1.0,9720.0,2020-12-31T14:44:25
7565,7638,Mr. John Kelly,Ashleigh Johnston,LIKP61342673128476,0,0.4640430812,0.0,2019-12-26T00:00:00,40,2766.67,5000.0,AprovadoAnalista,De 31 a 50 % - Médio,0.6428571428571428,0.3571428571428571,0.0,5000.0,,,,,,,,,,1232938.0,0.0,12.0,0.0,2019.0,De 0 a 5 anos,20000.0,False,False,1.0,3960.0,2020-12-31T14:45:30
7568,7641,Mrs. Michelle Ellis,Joel Flynn,WLEC28465349464943,5,0.5320459796,0.0,2013-03-13T00:00:00,6,27657.0,55000.0,AprovadoAnalista,De 31 a 50 % - Médio,0.6428571428571428,0.3571428571428571,0.0,35000.0,,2019-12-31T03:00:00,1067830.0,290513.0,1068988.0,778475.0,0.0,407404.0,504168.0,1191995.0,0.0,12.0,0.0,2007.0,De 11 a 16 anos,100000.0,False,True,1.0,6000.0,2020-12-31T14:49:53
7583,7656,Damien Rowe,Dr. Stacey Barnes,SHTA94818881939727,10,0.0,,2013-01-31T15:39:17,0,0.0,50000.0,AprovadoAnalista,De 31 a 50 % - Médio,0.6428571428571428,0.3571428571428571,0.0,30000.0,,,,,,,,,,1773766.0,0.0,12.0,0.0,2012.0,De 6 a 10 anos,5000.0,False,True,0.0,16280.0,2021-01-04T19:18:22
7587,7660,Guy Doyle,Gordon Parker,VTGI49160366287342,0,0.4720119767,0.0,2019-11-28T00:00:00,0,0.0,20000.0,AprovadoAnalista,De 31 a 50 % - Médio,0.5357142857142857,0.4642857142857142,0.0,5000.0,,,,,,,,,,496372.0,0.0,12.0,0.0,2019.0,De 0 a 5 anos,10000.0,False,True,1.0,3780.0,2021-01-05T12:49:46
7589,7662,Mr. Benjamin Lewis,Joshua Jones,NEAH59875723026239,4,0.0,,2018-09-20T15:23:18,0,0.0,50000.0,AprovadoAnalista,De 31 a 50 % - Médio,0.6428571428571428,0.3571428571428571,0.0,50000.0,,2018-12-31T00:00:00,0.0,0.0,0.0,0.0,0.0,0.0,0.0,4028116.0,0.0,12.0,0.0,2016.0,De 0 a 5 anos,550000.0,False,True,0.0,54000.0,2021-01-05T12:52:20
7592,7665,Sheila Holmes-Williams,Iain Brown-Taylor,YJKL12567970829015,62,0.0,,2011-07-28T10:45:04,0,0.0,60000.0,AprovadoAnalista,De 31 a 50 % - Médio,0.6428571428571428,0.3571428571428571,0.0,60000.0,,2019-12-31T03:00:00,1007659.0,386767.0,1198807.0,253649.0,62910.0,752062.0,67800.0,4217666.0,1899182.0,12.0,2318484.0,2009.0,De 11 a 16 anos,100000.0,False,True,0.0,33000.0,2021-01-05T13:12:58
7613,7686,Christian Murphy,Dr. Jeffrey Saunders,BIHC89860883114601,2,0.3962071284,0.0,2019-10-21T00:00:00,4,19800.0,350000.0,ReprovadoAnalista,De 31 a 50 % - Médio,0.6607142857142857,0.3392857142857142,0.0,,,2019-12-31T03:00:00,1218670.0,145508.0,1218670.0,1073162.0,0.0,0.0,0.0,1172666.0,912137.0,12.0,260529.0,2003.0,Acima de 17 anos,600000.0,True,False,1.0,8100.0,
7615,7688,Christian Murphy,Dr. Jeffrey Saunders,BIHC89860883114601,2,0.3962071284,0.0,2019-10-21T00:00:00,4,19800.0,350000.0,AprovadoAnalista,De 31 a 50 % - Médio,0.6607142857142857,0.3392857142857142,0.0,30000.0,,2019-12-31T03:00:00,1218670.0,145508.0,1218670.0,1073162.0,0.0,0.0,0.0,1172666.0,912137.0,12.0,260529.0,2003.0,Acima de 17 anos,600000.0,True,False,1.0,8100.0,2021-01-05T19:11:30
7617,7690,Miss Kelly Robinson,Donald Bailey-Owens,OQTI08035416147947,18,0.536226416,0.0,2009-12-15T00:00:00,0,0.0,50000.0,AprovadoAnalista,De 31 a 50 % - Médio,0.5892857142857142,0.4107142857142857,0.0,15000.0,,,,,,,,,,647239.0,0.0,12.0,0.0,2008.0,De 11 a 16 anos,5000000.0,False,True,1.0,93523.0,2021-01-06T12:44:24
7618,7691,Leigh Butler,Kyle Bull,NTKO21813251683839,18,0.627505787,0.0,2019-04-11T00:00:00,24,34920.0,50000.0,AprovadoAnalista,De 31 a 50 % - Médio,0.6071428571428571,0.3928571428571428,0.866025403784439,40000.0,,2019-12-31T00:00:00,0.0,0.0,0.0,0.0,0.0,0.0,0.0,3400923.0,0.0,12.0,0.0,2018.0,De 0 a 5 anos,95400.0,False,True,1.0,5280.0,2021-01-06T12:45:39
7621,7694,Janice Morrison,Josephine Ford,YAIW87410659633890,0,0.0,,2020-05-21T09:39:32,0,0.0,5000.0,AprovadoAnalista,De 31 a 50 % - Médio,0.5357142857142857,0.4642857142857142,0.0,5000.0,,,,,,,,,,491411.0,0.0,12.0,0.0,2017.0,De 0 a 5 anos,10000.0,False,True,0.0,1320.0,2021-01-06T12:55:58
7623,7696,Claire Murphy,Martin Price,EMNQ02028964168567,3,0.4477745004,0.0,2018-07-23T00:00:00,0,0.0,10000.0,AprovadoAnalista,De 31 a 50 % - Médio,0.6607142857142857,0.3392857142857142,0.0,10000.0,,2019-12-31T00:00:00,0.0,0.0,0.0,0.0,0.0,0.0,0.0,1110843.0,227293.0,12.0,883550.0,2017.0,De 0 a 5 anos,84500.0,False,False,1.0,1600.0,2021-01-06T13:33:12
7634,7707,Kimberley Bond,Mr. Wayne Moore,FUSY91282616624333,0,0.4323632674,0.0,2020-04-24T00:00:00,0,0.0,20000.0,AprovadoAnalista,De 31 a 50 % - Médio,0.6428571428571428,0.3571428571428571,0.0,10000.0,,,,,,,,,,0.0,0.0,1.0,0.0,2016.0,De 0 a 5 anos,91403112.0,False,False,1.0,178000.0,2021-01-06T20:21:54
7636,7709,Oliver Hardy,Dennis Smith,PKAD59691704825985,0,0.0,0.0,,0,0.0,50000.0,ReprovadoAnalista,De 31 a 50 % - Médio,0.5178571428571428,0.4821428571428571,0.0,,,,,,,,,,,762307.0,0.0,7.0,0.0,2020.0,De 0 a 5 anos,10000.0,False,True,0.0,3420.0,
7637,7710,Mr. Jamie Smith,Dennis Smith,KUMH97101325470559,0,0.0,0.0,,0,0.0,50000.0,ReprovadoAnalista,De 31 a 50 % - Médio,0.625,0.375,0.0,,,,,,,,,,,46524.0,0.0,7.0,0.0,2020.0,De 0 a 5 anos,10000.0,False,False,0.0,2520.0,
7645,7718,Dr. Elliott Holden,Mr. Garry Green,GHEN92320164119776,0,0.0,,2020-12-28T13:21:51,0,0.0,50000.0,AprovadoAnalista,De 31 a 50 % - Médio,0.625,0.375,0.0,5000.0,,,,,,,,,,896141.0,0.0,5.0,0.0,2020.0,De 0 a 5 anos,0.0,False,True,0.0,1800.0,2021-01-07T12:56:39
7649,7722,Mrs. Ashleigh Wong,Aimee Whitehead-Kennedy,DVMG86991450661471,14,0.4888255182,0.0,2020-08-07T00:00:00,0,0.0,10000.0,AprovadoAnalista,De 31 a 50 % - Médio,0.5178571428571428,0.4821428571428571,0.0,10000.0,,2019-12-31T00:00:00,0.0,0.0,0.0,0.0,0.0,0.0,0.0,396973.0,0.0,12.0,0.0,2010.0,De 6 a 10 anos,40000.0,True,False,1.0,0.0,2021-01-07T13:01:54
7651,7724,Jane Smith-Burgess,Mrs. Danielle Griffiths,NEPW37847486813629,0,0.497727451,0.0,2020-11-24T00:00:00,241,7140.0,10000.0,AprovadoAnalista,De 31 a 50 % - Médio,0.5714285714285714,0.4285714285714285,0.0,10000.0,,,,,,,,,,578223.0,0.0,12.0,0.0,2020.0,De 0 a 5 anos,80000.0,False,True,1.0,720.0,2021-01-07T13:06:29
7652,7725,Mr. Marcus Bryant,Charlie Knight,VZDY44728067308193,0,0.0040016431,0.0,2018-06-15T00:00:00,0,12560.0,300000.0,AprovadoAnalista,De 31 a 50 % - Médio,0.5892857142857142,0.4107142857142857,0.866025403784439,45000.0,,2020-06-30T03:00:00,2131216.0,2280457.0,2131216.0,19065.0,78352.0,1422449.0,181747.0,4062619.0,422928.0,12.0,3639691.0,2018.0,De 0 a 5 anos,100000.0,False,True,1.0,7920.0,2021-01-07T13:14:43
7656,7729,Christian Armstrong,Pamela James,DVTI54791835511146,0,0.0,,2019-02-14T17:27:57,0,0.0,50000.0,AprovadoAnalista,De 31 a 50 % - Médio,0.625,0.375,0.0,5000.0,,,,,,,,,,382002.0,0.0,12.0,0.0,2018.0,De 0 a 5 anos,30000.0,False,False,0.0,7400.0,2021-01-07T13:20:23
7661,7734,Caroline Yates,Graeme Cook,NZCV36592416819290,7,0.0,,2019-11-27T16:06:47,0,0.0,50000.0,AprovadoAnalista,De 31 a 50 % - Médio,0.5178571428571428,0.4821428571428571,0.0,5000.0,,,,,,,,,,316907.0,0.0,6.0,0.0,2019.0,De 0 a 5 anos,99800.0,False,True,0.0,2220.0,2021-01-07T13:29:42
7665,7738,Luke Andrews,Hilary Patel,JQHS06697739764455,0,0.3582803498,0.0,2020-12-07T00:00:00,0,0.0,15000.0,ReprovadoAnalista,De 31 a 50 % - Médio,0.6607142857142857,0.3392857142857142,0.0,,,2019-12-31T00:00:00,0.0,0.0,0.0,0.0,0.0,0.0,0.0,0.0,0.0,1.0,0.0,2019.0,De 0 a 5 anos,200000.0,False,False,1.0,9600.0,
7681,7754,Samantha Sutton-Dennis,Mr. Kevin Pearson,JYIH00432405957030,3,0.4567155048,0.0,2020-07-29T00:00:00,0,0.0,5000.0,AprovadoAnalista,De 31 a 50 % - Médio,0.5357142857142857,0.4642857142857142,0.0,5000.0,,,,,,,,,,120000.0,0.0,1.0,0.0,2020.0,De 0 a 5 anos,120000.0,False,True,1.0,6660.0,2021-01-07T14:04:30
7684,7757,Kimberley Kaur,Adam Quinn-Howard,OVUN25109813966651,64,0.2872513228,0.0,2017-01-19T00:00:00,0,0.0,20000.0,AprovadoAnalista,De 31 a 50 % - Médio,0.5714285714285714,0.4285714285714285,-0.977900680549311,5000.0,,2019-12-31T00:00:00,314346.0,799850.0,441426.0,-358424.0,509914.0,0.0,551953.0,0.0,0.0,1.0,0.0,2006.0,De 11 a 16 anos,50000.0,False,False,0.7210664347,4860.0,2021-01-07T17:57:20
7685,7758,Rosemary Banks,Alice Watson-Berry,IMWJ66201078102480,0,0.5314770587,0.0,2020-08-03T00:00:00,0,0.0,15000.0,ReprovadoAnalista,De 31 a 50 % - Médio,0.5535714285714285,0.4464285714285714,0.0,,,2019-12-31T00:00:00,83251.0,63251.0,83251.0,20000.0,0.0,96772.0,63251.0,0.0,0.0,1.0,0.0,2020.0,De 0 a 5 anos,50000.0,True,True,1.0,720.0,
7696,7769,Julian Forster,Naomi Bates-Thomas,RYBF59315848604227,16,0.2955400152,0.0,2018-09-27T00:00:00,0,8600.78,20000.0,AprovadoAnalista,De 31 a 50 % - Médio,0.5535714285714285,0.4464285714285714,0.268735625566655,10000.0,,,,,,,,,,1713750.0,0.0,12.0,0.0,2018.0,De 0 a 5 anos,100000.0,False,True,0.9424198644,1385.0,2021-01-07T21:17:49
7701,7774,Abbie Shaw,Douglas Francis,HXUT11264254108021,12,0.5543835022,0.0,2012-08-31T00:00:00,15,1491736.37,3400000.0,AprovadoAnalista,De 31 a 50 % - Médio,0.6607142857142857,0.3392857142857142,0.0,3400000.0,,,,,,,,,,0.0,0.0,1.0,0.0,2011.0,De 6 a 10 anos,979957432.0,True,False,1.0,132233152.0,2021-01-08T17:42:52
7713,7786,Lisa Frost-Davies,Melissa Goodwin,UUIR20644595745038,8,0.5992363045,0.0,2018-06-26T00:00:00,0,6700.0,18500.0,AprovadoAnalista,De 31 a 50 % - Médio,0.5357142857142857,0.4642857142857142,0.288645680823589,18500.0,,,,,,,,,,1444346.0,0.0,12.0,0.0,2016.0,De 0 a 5 anos,140000.0,False,True,1.0,39401.0,2021-01-08T15:33:17
7717,7790,Clare Newton,Ms. Gail Hill,VPHF31719668379280,7,0.0550653092,0.0,2019-03-28T00:00:00,0,0.0,150000.0,AprovadoAnalista,De 31 a 50 % - Médio,0.6428571428571428,0.3571428571428571,0.866025403784439,150000.0,,2019-12-31T03:00:00,2590555.0,1168749.0,2590555.0,1421806.0,293000.0,1590290.0,97049.0,12017182.0,4603836.0,12.0,7413346.0,2018.0,De 0 a 5 anos,600000.0,False,True,1.0,9680.0,2021-01-08T17:36:12
7721,7794,Marion Graham,Dr. Philip Weston,GBYQ35716048437076,30,0.6215864295,0.0,2011-12-23T00:00:00,6,1093374.04,5160000.0,AprovadoAnalista,De 31 a 50 % - Médio,0.6071428571428571,0.3928571428571428,0.244594160794096,5160000.0,,,,,,,,,,0.0,0.0,1.0,0.0,2010.0,De 6 a 10 anos,979957432.0,True,False,1.0,132233152.0,2021-01-08T19:25:46
7737,7810,Marilyn Jones,Maria Brown,GQFK26168122235945,8,0.6268993835,0.0,2017-05-15T00:00:00,16,3938589.7,4000000.0,AprovadoAnalista,De 31 a 50 % - Médio,0.5535714285714285,0.4464285714285714,-0.314079586318797,4000000.0,,,,,,,,,,0.0,0.0,1.0,0.0,2016.0,De 0 a 5 anos,979957432.0,True,False,0.9644017794,132233152.0,2021-01-11T15:41:05
7739,7812,Gavin Humphries,Elaine Kaur,XRZE65056849053153,17,0.4471689019,0.0,2019-03-08T00:00:00,32,15190.66,30000.0,AprovadoAnalista,De 31 a 50 % - Médio,0.5535714285714285,0.4464285714285714,0.866025403784438,25000.0,,,,,,,,,,1474027.0,0.0,12.0,0.0,2018.0,De 0 a 5 anos,150000.0,False,False,1.0,30800.0,2021-01-11T14:50:54
7745,7818,Miss Pauline Turner,Clifford Fletcher,NEYH80526539759710,3,0.0,,2013-09-13T17:16:17,0,0.0,60000.0,ReprovadoAnalista,De 31 a 50 % - Médio,0.5535714285714285,0.4464285714285714,0.0,,,2019-12-31T03:00:00,0.0,0.0,0.0,0.0,0.0,0.0,0.0,863822.0,0.0,12.0,0.0,2004.0,Acima de 17 anos,78800.0,True,True,0.0,0.0,
7751,7824,Miss Angela Baker,Dr. Frederick Cooper,WVXT55510443217415,57,0.1877488153,0.0,2014-01-10T00:00:00,0,0.0,25000.0,AprovadoAnalista,De 31 a 50 % - Médio,0.5892857142857142,0.4107142857142857,0.691187586260776,10000.0,,2019-12-31T00:00:00,0.0,0.0,0.0,0.0,0.0,0.0,0.0,1147373.0,0.0,12.0,0.0,2013.0,De 6 a 10 anos,80000.0,False,True,0.6901990073,51600.0,2021-01-11T17:11:14
7761,7834,Dr. Tom Owen,Ms. Laura Jones,VSIF58228032234545,2,0.1331797028,0.0,2017-07-19T00:00:00,0,0.0,10000.0,AprovadoAnalista,De 31 a 50 % - Médio,0.5714285714285714,0.4285714285714285,0.0,10000.0,,2019-12-31T00:00:00,0.0,0.0,0.0,0.0,0.0,0.0,0.0,280034.0,0.0,12.0,0.0,2017.0,De 0 a 5 anos,95000.0,False,True,1.0,5120.0,2021-01-11T19:29:13
7762,7835,Jacob Farmer,Aaron Turner,RPDW85118395405584,0,0.6864215838,0.0,2020-07-27T00:00:00,0,0.0,30000.0,AprovadoAnalista,De 31 a 50 % - Médio,0.6785714285714285,0.3214285714285714,0.0,10000.0,,,,,,,,,,1075174.0,0.0,12.0,0.0,2007.0,De 11 a 16 anos,12000.0,False,True,1.0,11840.0,2021-01-11T19:30:37
7768,7841,Justin Moore,Elliot Welch,HBBY23279208444554,6,0.0,,2019-11-26T16:03:46,0,0.0,20000.0,AprovadoAnalista,De 31 a 50 % - Médio,0.6428571428571428,0.3571428571428571,0.866025403784439,10000.0,,,,,,,,,,615014.0,0.0,11.0,0.0,2019.0,De 0 a 5 anos,20000.0,False,False,0.0,3200.0,2021-01-11T20:15:31
7769,7842,Tom Henderson,Douglas Peacock,QKGZ29699587880374,206,0.4463886432,0.0,2013-08-27T00:00:00,0,0.0,60000.0,ReprovadoAnalista,De 31 a 50 % - Médio,0.6607142857142857,0.3392857142857142,-0.101240037953106,,,2019-12-31T03:00:00,0.0,0.0,0.0,0.0,0.0,0.0,0.0,863822.0,0.0,12.0,0.0,2009.0,De 11 a 16 anos,20000.0,True,False,0.9805848054,0.0,
7771,7844,Hilary Patel,Lucy Akhtar,HJMV85360800608401,0,0.5803392593,0.0,2020-09-18T00:00:00,0,0.0,30000.0,AprovadoAnalista,De 31 a 50 % - Médio,0.6785714285714285,0.3214285714285714,0.0,5000.0,,,,,,,,,,1127776.0,205970.0,12.0,921806.0,2018.0,De 0 a 5 anos,0.0,False,False,1.0,0.0,2021-01-12T10:53:49
7781,7854,Jeffrey Ashton,Mr. John Simpson,RXKX97690614599046,62,0.4875507812,0.0,2016-01-26T00:00:00,0,0.0,60000.0,AprovadoAnalista,De 31 a 50 % - Médio,0.6071428571428571,0.3928571428571428,-0.53814179044694,15000.0,,2019-12-31T03:00:00,2004461.0,2577854.0,2199619.0,378234.0,142835.0,595015.0,1136928.0,0.0,0.0,1.0,0.0,2014.0,De 6 a 10 anos,104500.0,False,True,0.7224318318,77400.0,2021-01-12T14:23:22
7783,7856,Carly Thompson,Melissa Clark,DFEF97251559328343,0,0.5771897645,0.0,2020-10-13T00:00:00,0,0.0,5000.0,AprovadoAnalista,De 31 a 50 % - Médio,0.6785714285714285,0.3214285714285714,0.0,5000.0,,,,,,,,,,60656.0,0.0,4.0,0.0,2020.0,De 0 a 5 anos,0.0,False,False,1.0,0.0,2021-01-12T14:24:40
7786,7859,Judith Gibbs,Caroline Smith,GBME38176369324265,41,0.2972029321,0.0,2014-06-30T00:00:00,29,2880.0,25000.0,AprovadoAnalista,De 31 a 50 % - Médio,0.6785714285714285,0.3214285714285714,0.791741399860227,5000.0,,2019-12-31T00:00:00,0.0,0.0,0.0,0.0,0.0,0.0,0.0,479212.0,0.0,12.0,0.0,2011.0,De 6 a 10 anos,10000.0,False,False,0.7953958421,25200.0,2021-01-12T14:37:21
7788,7861,Barry Townsend,Yvonne Dixon,BMRG25491738276751,5,0.0,,2020-05-28T13:52:09,0,0.0,10000.0,AprovadoAnalista,De 31 a 50 % - Médio,0.6071428571428571,0.3928571428571428,0.866025403784439,10000.0,,,,,,,,,,668328.0,0.0,12.0,0.0,2011.0,De 6 a 10 anos,10000.0,False,True,0.0,3330.0,2021-01-12T14:46:15
7789,7862,Dr. Laura Collins,Dawn Phillips,BTBE02056287226756,0,0.0,,,0,0.0,600000.0,ReprovadoAnalista,De 31 a 50 % - Médio,0.6785714285714285,0.3214285714285714,0.0,,,2020-06-30T03:00:00,11936985.0,11401252.0,11949913.0,548661.0,350481.0,9714829.0,2983410.0,5262427.0,2179434.0,3.0,3082993.0,2019.0,De 0 a 5 anos,400000.0,False,True,0.0,720464.0,
7792,7865,Mr. Jake Bell,Mrs. Sally Berry,JMEO07911359226509,27,0.3152502595,0.0,2018-05-30T00:00:00,0,0.0,15000.0,AprovadoAnalista,De 31 a 50 % - Médio,0.6607142857142857,0.3392857142857142,0.975439684474205,15000.0,,,,,,,,,,545791.0,0.0,12.0,0.0,2006.0,De 11 a 16 anos,25000.0,False,False,1.0,6660.0,2021-01-12T16:29:13
7794,7867,Louise Waters,Matthew Gordon,KRWV71711055006422,12,0.6203146502,0.0,2015-04-30T00:00:00,0,0.0,20000.0,AprovadoAnalista,De 31 a 50 % - Médio,0.5892857142857142,0.4107142857142857,0.0,15000.0,,,,,,,,,,1001089.0,0.0,12.0,0.0,2014.0,De 6 a 10 anos,95400.0,False,True,1.0,9990.0,2021-01-12T18:40:51
7797,7870,Joe Daniels,Jane May,TCAN39751967994928,0,0.5809061152,0.0,2017-09-18T00:00:00,0,0.0,49999.0,AprovadoAnalista,De 31 a 50 % - Médio,0.6428571428571428,0.3571428571428571,0.0,15000.0,,2019-12-31T00:00:00,444462.0,0.0,444462.0,424305.0,0.0,0.0,60000.0,748525.0,517932.0,12.0,230593.0,2017.0,De 0 a 5 anos,0.0,False,True,1.0,0.0,2021-01-12T18:48:02
7800,7873,Ian Miller,Mrs. Jacqueline Watkins,GYGE33983390446233,3,0.6727071429,0.0,2018-06-26T00:00:00,0,0.0,15000.0,AprovadoAnalista,De 31 a 50 % - Médio,0.6428571428571428,0.3571428571428571,0.0,7000.0,,,,,,,,,,626570.0,0.0,12.0,0.0,2013.0,De 6 a 10 anos,5000.0,False,True,1.0,7360.0,2021-01-13T10:44:21
7801,7874,Stewart Harris,Mohammad Barker-Cross,MQVZ38576488144696,0,0.6148523764,0.0,2020-05-11T00:00:00,0,0.0,30000.0,ReprovadoAnalista,De 31 a 50 % - Médio,0.6785714285714285,0.3214285714285714,0.0,,,2019-12-31T00:00:00,0.0,0.0,0.0,0.0,0.0,0.0,0.0,80720806.0,22182439.0,12.0,58538367.0,2019.0,De 0 a 5 anos,100000.0,True,False,1.0,12900.0,
7804,7877,Gail Johnson,Mrs. Michelle Stephens,OBEQ26208703307048,33,0.3416102163,0.0,2016-06-24T00:00:00,0,533.34,30000.0,AprovadoAnalista,De 31 a 50 % - Médio,0.6607142857142857,0.3392857142857142,0.7782082967504,10000.0,,2020-09-30T00:00:00,920476.0,689925.0,1069374.0,428279.0,0.0,261745.0,448426.0,90983.0,2903.0,9.0,88080.0,2011.0,De 6 a 10 anos,50000.0,False,True,0.8659347423,3330.0,2021-01-13T10:54:51
7809,7882,Mrs. Louise Wells,Dr. Andrea Wright,UYJH13069177126111,0,0.295049162,0.0,2020-01-21T00:00:00,0,0.0,10000.0,AprovadoAnalista,De 31 a 50 % - Médio,0.5357142857142857,0.4642857142857142,0.0,5000.0,,,,,,,,,,362780.0,0.0,12.0,0.0,2019.0,De 0 a 5 anos,50000.0,False,True,1.0,3840.0,2021-01-13T13:13:24
7810,7883,Claire Murphy,Martin Price,EMNQ02028964168567,3,0.4477745004,0.0,2018-07-23T00:00:00,0,0.0,5000.0,AprovadoAnalista,De 31 a 50 % - Médio,0.6607142857142857,0.3392857142857142,0.0,5000.0,,2019-12-31T00:00:00,0.0,0.0,0.0,0.0,0.0,0.0,0.0,1110843.0,227293.0,12.0,883550.0,2017.0,De 0 a 5 anos,84500.0,False,False,1.0,1600.0,2021-01-13T13:23:43
7811,7884,Lewis Rowe,Dr. Joanna Parsons,MIDV55684626213777,39,0.2887542774,0.0,2019-08-27T00:00:00,12,1589.76,15000.0,AprovadoAnalista,De 31 a 50 % - Médio,0.6607142857142857,0.3392857142857142,0.866025403784439,15000.0,,,,,,,,,,2276557.0,0.0,12.0,0.0,2015.0,De 6 a 10 anos,80000.0,False,True,1.0,8800.0,2021-01-13T13:24:54
7820,7893,Leigh Butler,Kyle Bull,NTKO21813251683839,18,0.627505787,0.0,2019-04-11T00:00:00,24,34920.0,150000.0,AprovadoAnalista,De 31 a 50 % - Médio,0.6428571428571428,0.3571428571428571,0.0,50000.0,,2019-12-31T00:00:00,0.0,0.0,0.0,0.0,0.0,0.0,0.0,3400923.0,0.0,12.0,0.0,2018.0,De 0 a 5 anos,95400.0,False,True,1.0,5280.0,2021-01-13T14:08:26
7824,7897,Kimberley Kaur,Adam Quinn-Howard,OVUN25109813966651,64,0.2872513228,0.0,2017-01-19T00:00:00,0,0.0,20000.0,AprovadoAnalista,De 31 a 50 % - Médio,0.6785714285714285,0.3214285714285714,-0.977900680549311,10000.0,,2019-12-31T00:00:00,314346.0,799850.0,441426.0,-358424.0,509914.0,0.0,551953.0,2105692.0,0.0,1.0,0.0,2006.0,De 11 a 16 anos,50000.0,False,False,0.7210664347,4860.0,2021-01-13T14:53:56
7838,7911,Lynda Herbert,Mohammed Davies,ZNVJ76130674911402,0,0.3767650865,0.0,2017-12-06T00:00:00,0,0.0,15000.0,AprovadoAnalista,De 31 a 50 % - Médio,0.6428571428571428,0.3571428571428571,0.0,5000.0,,,,,,,,,,155959.0,0.0,12.0,0.0,2007.0,De 11 a 16 anos,20000.0,False,True,1.0,11840.0,2021-01-13T19:01:27
7846,7919,Dr. Sophie Lowe,Dr. Vincent Forster,PEZH05055574836481,0,0.4445424059,0.0,2020-09-21T00:00:00,0,0.0,50000.0,AprovadoAnalista,De 31 a 50 % - Médio,0.5357142857142857,0.4642857142857142,0.0,15000.0,,,,,,,,,,1008584.0,0.0,12.0,0.0,2019.0,De 0 a 5 anos,100000.0,False,True,1.0,8100.0,2021-01-13T21:08:23
7850,7923,Mr. Edward Cook,Ms. Kimberley Foster,VFBF43852782745298,0,0.5884428571,0.0,2020-06-10T00:00:00,0,0.0,20000.0,AprovadoAnalista,De 31 a 50 % - Médio,0.6785714285714285,0.3214285714285714,0.0,15000.0,,,,,,,,,,1289504.0,0.0,12.0,0.0,2014.0,De 6 a 10 anos,100000.0,False,True,1.0,19980.0,2021-01-14T14:38:40
7852,7925,Gail Wells,Marilyn Holden,YFOX89081083275452,10,0.4445438293,0.0,2015-12-07T00:00:00,64,427368.68,200000.0,AprovadoAnalista,De 31 a 50 % - Médio,0.6428571428571428,0.3571428571428571,-0.866025403784422,200000.0,,2020-11-30T03:00:00,63523908.0,4441666.0,65938087.0,19354023.0,1746340.0,1978824.0,47801109.0,70881639.0,70881639.0,11.0,0.0,2014.0,De 6 a 10 anos,1000000.0,False,True,0.9981274193,4433754.0,2021-01-14T14:40:01
7855,7928,Dennis Rogers,Dr. Ellie Davey,BHDY63712433971525,2,0.4564914189,0.0,2018-06-26T00:00:00,0,8258.23,15000.0,AprovadoAnalista,De 31 a 50 % - Médio,0.6607142857142857,0.3392857142857142,-0.927890664017206,15000.0,,2019-12-31T00:00:00,0.0,0.0,0.0,0.0,0.0,0.0,0.0,620306.0,0.0,12.0,0.0,2018.0,De 0 a 5 anos,200000.0,False,False,0.9402295435,8800.0,2021-01-14T14:49:24
7858,7931,Mr. Damian James,Dawn Phillips,MIGR17953197952198,3,0.0,,2017-10-25T13:59:18,0,0.0,500000.0,AprovadoAnalista,De 31 a 50 % - Médio,0.6607142857142857,0.3392857142857142,4.537e-13,500000.0,,2020-10-31T03:00:00,2697379.0,1941448.0,5273740.0,-611991.0,2581812.0,1161538.0,205049.0,25604543.0,8457256.0,11.0,17147287.0,2017.0,De 0 a 5 anos,100000.0,False,False,0.0,1667516.0,2021-01-14T15:15:06
7861,7934,Dale Hicks,Dr. Lynne Taylor,YGAV24439860580925,4,0.4739860289,0.0,2019-03-26T00:00:00,0,0.0,25000.0,AprovadoAnalista,De 31 a 50 % - Médio,0.6428571428571428,0.3571428571428571,0.866025403784439,10000.0,,,,,,,,,,772398.0,0.0,12.0,0.0,2019.0,De 0 a 5 anos,100000.0,False,False,1.0,4400.0,2021-01-14T15:26:03
7870,7943,Gail Wells,Marilyn Holden,YFOX89081083275452,10,0.4445438293,0.0,2015-12-07T00:00:00,64,427368.68,2000000.0,AprovadoAnalista,De 31 a 50 % - Médio,0.6428571428571428,0.3571428571428571,-0.866025403784422,1300000.0,,2020-11-30T03:00:00,63523908.0,4441666.0,65938087.0,19354023.0,1746340.0,1978824.0,47801109.0,70881639.0,70881639.0,11.0,0.0,2014.0,De 6 a 10 anos,1000000.0,False,True,0.9981274193,4433754.0,2021-01-14T16:42:11
7871,7944,Keith Hamilton,Mr. Raymond Moore,TPSM04638395105750,16,0.0,,2015-05-07T14:57:21,0,0.0,20000.0,AprovadoAnalista,De 31 a 50 % - Médio,0.6785714285714285,0.3214285714285714,0.866025403784439,20000.0,,,,,,,,,,4435873.0,0.0,12.0,0.0,1997.0,Acima de 17 anos,1000.0,True,False,0.0,23040.0,2021-01-14T17:06:08
7873,7946,Francesca Hurst,Miss Amber Wood,OXJV82862999930229,14,0.4352496078,0.0,2009-07-09T00:00:00,0,0.0,40000.0,ReprovadoAnalista,De 31 a 50 % - Médio,0.5714285714285714,0.4285714285714285,0.866025403784439,,,,,,,,,,,1915504.0,0.0,12.0,0.0,1999.0,Acima de 17 anos,45000.0,True,True,1.0,5760.0,
7884,7957,Ronald Thompson-Clark,Ms. Rita Butler,GYCY12231188637749,0,0.0,,2015-09-17T09:43:02,0,0.0,10000.0,AprovadoAnalista,De 31 a 50 % - Médio,0.6428571428571428,0.3571428571428571,0.0,10000.0,,2019-12-31T00:00:00,0.0,0.0,0.0,0.0,0.0,0.0,0.0,480638.0,0.0,12.0,0.0,2015.0,De 6 a 10 anos,100000.0,False,True,0.0,10120.0,2021-01-14T20:59:33
7888,7961,Colin Willis,Toby Coleman,YWAW74961277035994,4,0.0,,2017-09-29T17:29:46,0,0.0,1435000.0,AprovadoAnalista,De 31 a 50 % - Médio,0.5357142857142857,0.4642857142857142,0.0,1435000.0,,,,,,,,,,0.0,0.0,1.0,0.0,2017.0,De 0 a 5 anos,100000.0,False,True,0.0,53200.0,2021-01-15T14:37:56
7889,7962,Melanie Martin,Michael Richardson,ZSEQ91694256788697,0,0.4620070301,0.0,2019-07-02T00:00:00,0,0.0,25000.0,AprovadoAnalista,De 31 a 50 % - Médio,0.6428571428571428,0.3571428571428571,0.0,25000.0,,,,,,,,,,3828601.0,0.0,12.0,0.0,2018.0,De 0 a 5 anos,200000.0,False,True,1.0,3960.0,2021-01-15T14:34:04
7892,7965,Ms. Rebecca Stephens,Mohamed Davies,KNUX53036411167067,404,0.5692864616,0.0,2016-07-28T00:00:00,0,0.0,20000.0,AprovadoAnalista,De 31 a 50 % - Médio,0.5892857142857142,0.4107142857142857,-0.866025403784439,10000.0,,,,,,,,,,1043656.0,0.0,12.0,0.0,2016.0,De 0 a 5 anos,20000.0,False,False,0.7167140462,720.0,2021-01-15T15:00:14
7897,7970,Kenneth Pickering,Angela Martin,ZQOU38119023728747,2,0.3466979392,0.0,2020-02-03T00:00:00,0,0.0,40000.0,ReprovadoAnalista,De 31 a 50 % - Médio,0.5357142857142857,0.4642857142857142,0.866025403784438,,,,,,,,,,,404958.0,0.0,12.0,0.0,2016.0,De 0 a 5 anos,30000.0,False,True,1.0,9600.0,
7901,7974,Maurice Booth,Miss Katy Marsden,BJAO26842530827099,14,0.3233516937,0.0,2018-09-27T00:00:00,49,36118.88,50000.0,AprovadoAnalista,De 31 a 50 % - Médio,0.5714285714285714,0.4285714285714285,-0.80773404423717,35000.0,,,,,,,,,,2554851.0,0.0,12.0,0.0,2017.0,De 0 a 5 anos,100000.0,False,True,0.8808792156,7560.0,2021-01-15T17:21:00
7916,7989,Kenneth Pickering,Angela Martin,ZQOU38119023728747,2,0.3466979392,0.0,2020-02-03T00:00:00,0,0.0,10000.0,AprovadoAnalista,De 31 a 50 % - Médio,0.5357142857142857,0.4642857142857142,0.866025403784438,5000.0,,,,,,,,,,404958.0,0.0,12.0,0.0,2016.0,De 0 a 5 anos,30000.0,False,True,1.0,9600.0,2021-01-15T19:00:42
7919,7992,Olivia Russell-Reeves,Ricky Gibbons,YKIF88389489912785,2,0.5342966748,0.0,2020-11-18T00:00:00,0,51954.0,75000.0,AprovadoAnalista,De 31 a 50 % - Médio,0.6607142857142857,0.3392857142857142,0.0,55000.0,,2019-12-31T03:00:00,0.0,0.0,0.0,0.0,0.0,0.0,0.0,1265691.0,0.0,12.0,0.0,2020.0,De 0 a 5 anos,5000.0,False,False,1.0,3520.0,2021-01-18T14:03:03
7929,8002,Abbie Shaw,Douglas Francis,HXUT11264254108021,12,0.5543835022,0.0,2012-08-31T00:00:00,15,1491736.37,4900000.0,AprovadoAnalista,De 31 a 50 % - Médio,0.6607142857142857,0.3392857142857142,0.0,4900000.0,,,,,,,,,,0.0,0.0,1.0,0.0,2011.0,De 6 a 10 anos,979957432.0,True,False,1.0,132233152.0,2021-01-18T18:00:58
7930,8003,Marion Graham,Dr. Philip Weston,GBYQ35716048437076,30,0.6215864295,0.0,2011-12-23T00:00:00,6,1093374.04,6900000.0,AprovadoAnalista,De 31 a 50 % - Médio,0.6071428571428571,0.3928571428571428,0.244594160794096,6900000.0,,,,,,,,,,0.0,0.0,1.0,0.0,2010.0,De 6 a 10 anos,979957432.0,True,False,1.0,132233152.0,2021-01-18T18:01:17
7935,8008,Nicole Gregory,Denise Williams,UCOM94619739766162,0,0.5991614452,0.0,2020-08-11T00:00:00,0,0.0,20000.0,AprovadoAnalista,De 31 a 50 % - Médio,0.6428571428571428,0.3571428571428571,0.0,10000.0,,,,,,,,,,180631.0,0.0,12.0,0.0,2020.0,De 0 a 5 anos,150000.0,False,False,1.0,8910.0,2021-01-18T16:38:57
7943,8016,Hannah Kaur,Mrs. Pamela Farrell,XOYK27598034041252,6,0.2827067719,0.0,2020-07-07T00:00:00,16,13960.0,35000.0,AprovadoAnalista,De 31 a 50 % - Médio,0.6428571428571428,0.3571428571428571,0.866025403784439,20000.0,,,,,,,,,,2302208.0,0.0,12.0,0.0,2018.0,De 0 a 5 anos,105000.0,False,True,1.0,8640.0,2021-01-18T19:00:06
7944,8017,Mr. Malcolm Harris,Henry Williams,FAMY05606066275204,6,0.0,,2017-02-03T16:33:42,0,0.0,40000.0,AprovadoAnalista,De 31 a 50 % - Médio,0.5892857142857142,0.4107142857142857,-0.866025403784438,25000.0,,2019-12-31T00:00:00,401023.0,126533.0,417355.0,290822.0,11666.0,121733.0,193405.0,1016484.0,365266.0,12.0,651218.0,2016.0,De 0 a 5 anos,90000.0,False,True,0.0,9720.0,2021-01-18T19:07:05
7949,8022,Victoria Morgan,Dr. Bernard Taylor,GECS58472958094606,7,0.5308016238,0.0,2018-03-02T00:00:00,0,0.0,25000.0,AprovadoAnalista,De 31 a 50 % - Médio,0.6071428571428571,0.3928571428571428,0.866025403784439,15000.0,,,,,,,,,,785886.0,0.0,12.0,0.0,2017.0,De 0 a 5 anos,10000.0,False,False,1.0,6160.0,2021-01-18T20:35:26
7950,8023,Mary Davis,Jay Hurst,XPVZ80447104399027,3,0.5261150209,0.0,2019-04-26T00:00:00,23,20471.75,40000.0,AprovadoAnalista,De 31 a 50 % - Médio,0.5892857142857142,0.4107142857142857,0.0,35000.0,,2020-06-30T00:00:00,1516105.0,590467.0,1550493.0,52659.0,195000.0,0.0,922281.0,1005925.0,843101.0,6.0,162824.0,2018.0,De 0 a 5 anos,100000.0,False,True,1.0,38000.0,2021-01-19T14:02:20
7952,8025,Sian Evans,Marie Chapman,AXJA46741304327572,20,0.2964319012,0.0,2017-03-20T00:00:00,0,0.0,100000.0,AprovadoAnalista,De 31 a 50 % - Médio,0.6071428571428571,0.3928571428571428,0.99842849106379,35000.0,,2020-11-30T03:00:00,5988082.0,6233450.0,6923921.0,242639.0,4300000.0,1535927.0,1890727.0,6257609.0,1034940.0,12.0,5222669.0,2016.0,De 0 a 5 anos,100000.0,False,True,1.0,52800.0,2021-01-19T14:05:32
7954,8027,Mr. Karl Jones,Brian Bennett-Ryan,WWSB92356028633657,25,0.5662040907,0.0,2015-02-11T00:00:00,18,7752.24,40000.0,AprovadoAnalista,De 31 a 50 % - Médio,0.6785714285714285,0.3214285714285714,0.866025403784439,30000.0,,2018-12-31T00:00:00,0.0,0.0,0.0,0.0,0.0,0.0,0.0,1317788.0,0.0,12.0,0.0,2005.0,De 11 a 16 anos,24000.0,False,False,1.0,19980.0,2021-01-19T14:13:18
7955,8028,Miss Irene Brown,Mr. Trevor Parker,TCIW11600800225263,33,0.3895876665,0.0,2015-08-31T00:00:00,27,35404.95,50000.0,AprovadoAnalista,De 31 a 50 % - Médio,0.6607142857142857,0.3392857142857142,0.987254329196919,50000.0,,,,,,,,,,9881077.0,0.0,12.0,0.0,2012.0,De 6 a 10 anos,100000.0,False,True,1.0,34200.0,2021-01-19T14:14:04
7956,8029,Miss Marion Wallis,Dorothy Thompson,FSTQ27014371253365,0,0.5894623188,0.0,2021-01-05T00:00:00,0,0.0,50000.0,ReprovadoAnalista,De 31 a 50 % - Médio,0.5714285714285714,0.4285714285714285,0.0,,,2020-12-31T00:00:00,937972.0,1016888.0,1000451.0,-925829.0,790918.0,932053.0,0.0,935516.0,304769.0,12.0,630747.0,2015.0,De 6 a 10 anos,30000.0,True,False,1.0,37800.0,
7959,8032,Clifford Thomson,Dr. Pauline Giles,VVQT21837814544058,14,0.5072490571,0.0,2018-03-12T00:00:00,0,0.0,100000.0,ReprovadoAnalista,De 31 a 50 % - Médio,0.6785714285714285,0.3214285714285714,0.866025403784439,,,,,,,,,,,502844274.0,0.0,12.0,0.0,2001.0,Acima de 17 anos,49649158.0,True,False,1.0,23956289.0,
7967,8040,Simon Quinn-Robinson,Arthur Kent-Owen,LBFH59633201666885,0,0.5385534141,0.0,2020-08-10T00:00:00,18,3256.91,20000.0,AprovadoAnalista,De 31 a 50 % - Médio,0.6428571428571428,0.3571428571428571,0.0,5000.0,,,,,,,,,,260232.0,0.0,4.0,0.0,2020.0,De 0 a 5 anos,10000.0,False,False,1.0,24000.0,2021-01-19T16:25:23
7976,8049,Rebecca Woods,Frank Carr,KVKJ77430706416370,9,0.5405325154,0.0,2016-11-23T00:00:00,34,7334.85,15000.0,AprovadoAnalista,De 31 a 50 % - Médio,0.5714285714285714,0.4285714285714285,0.0,15000.0,,,,,,,,,,1095672.0,0.0,12.0,0.0,2013.0,De 6 a 10 anos,95400.0,False,True,1.0,24300.0,2021-01-20T13:07:28
7978,8051,Simon Perry,Mr. Bernard Cooper,XXKN68171995852950,0,0.3948925501,0.0,2017-09-29T00:00:00,33,29316.0,35000.0,AprovadoAnalista,De 31 a 50 % - Médio,0.6428571428571428,0.3571428571428571,0.0,30000.0,,,,,,,,,,3248510.0,0.0,12.0,0.0,2016.0,De 0 a 5 anos,90000.0,False,True,1.0,345000.0,2021-01-20T13:20:30
7984,8057,Benjamin Foster,Miss Tracy Cole,FAGQ40490232158290,8,0.5270247688,0.0,2019-12-03T00:00:00,0,0.0,30000.0,AprovadoAnalista,De 31 a 50 % - Médio,0.6607142857142857,0.3392857142857142,0.0,10000.0,,2019-12-31T00:00:00,0.0,0.0,0.0,0.0,0.0,0.0,0.0,13386.0,0.0,12.0,0.0,2011.0,De 6 a 10 anos,200000.0,False,False,1.0,2640.0,2021-01-20T13:46:10
7988,8061,Amelia Thomas,Eleanor Wilson,OYJB24693224986182,41,0.341106362,0.0,2012-05-09T00:00:00,0,2760.0,60000.0,AprovadoAnalista,De 31 a 50 % - Médio,0.6785714285714285,0.3214285714285714,0.854524811746375,15000.0,,2020-11-30T03:00:00,22882119.0,20214000.0,56017627.0,-19514982.0,33154892.0,9156469.0,6796416.0,33435005.0,4315906.0,11.0,29119099.0,1990.0,Acima de 17 anos,600000.0,False,False,0.9700428259,160200.0,2021-01-20T14:19:59
7990,8063,Maurice Booth,Miss Katy Marsden,BJAO26842530827099,14,0.3233516937,0.0,2018-09-27T00:00:00,49,36118.88,50000.0,AprovadoAnalista,De 31 a 50 % - Médio,0.5892857142857142,0.4107142857142857,-0.80773404423717,35000.0,,,,,,,,,,3327066.0,0.0,12.0,0.0,2017.0,De 0 a 5 anos,100000.0,False,True,0.8808792156,7560.0,2021-01-20T14:29:02
8000,8073,Dr. Robert Sullivan,Sara Osborne,TWDT94799873495607,0,0.464394407,0.0,2021-01-07T00:00:00,0,0.0,50000.0,AprovadoAnalista,De 31 a 50 % - Médio,0.6785714285714285,0.3214285714285714,0.0,5000.0,,,,,,,,,,794398.0,0.0,11.0,0.0,2003.0,Acima de 17 anos,100000.0,False,True,1.0,10560.0,2021-01-20T15:25:12
8002,8075,Donald Henderson,Albert Morris,CKSY54133066648140,2,0.7015738964,0.0,2020-08-18T00:00:00,0,0.0,10000.0,AprovadoAnalista,De 31 a 50 % - Médio,0.6428571428571428,0.3571428571428571,0.0,10000.0,,,,,,,,,,450996.0,0.0,12.0,0.0,2018.0,De 0 a 5 anos,100000.0,False,False,1.0,1760.0,2021-01-20T15:26:52
8010,8083,Oliver Kelly,Mohammed Daniels,ILBB55400059140528,7,0.2695259365,0.0,2019-05-10T00:00:00,0,0.0,20000.0,AprovadoAnalista,De 31 a 50 % - Médio,0.5178571428571428,0.4821428571428571,3e-16,10000.0,,,,,,,,,,1323411.0,0.0,12.0,0.0,2019.0,De 0 a 5 anos,1000000.0,False,True,1.0,30800.0,2021-01-20T16:49:42
8013,8086,Leah Weston,Dr. Janice Moss,FBST84121362181188,4,0.5579184862,0.0,2019-07-31T00:00:00,22,4580.0,55000.0,ReprovadoAnalista,De 31 a 50 % - Médio,0.5535714285714285,0.4464285714285714,0.0,,,2020-07-31T03:00:00,1787886.0,1381040.0,2035181.0,79991.0,751000.0,2285085.0,348988.0,826219.0,127555.0,7.0,698664.0,1998.0,Acima de 17 anos,2985000.0,True,True,1.0,1115500.0,
8019,8092,Ms. Rachael Hardy,Bradley Williams-Taylor,BZXH82148130585436,3,0.4763912326,0.0,2020-06-22T00:00:00,0,0.0,100000.0,AprovadoAnalista,De 31 a 50 % - Médio,0.625,0.3749999999999999,0.866025403784439,10000.0,,2019-12-31T03:00:00,0.0,0.0,0.0,0.0,0.0,0.0,0.0,1336733.0,0.0,12.0,0.0,2020.0,De 0 a 5 anos,104500.0,False,True,1.0,6160.0,2021-01-20T17:28:50
8027,8100,Dr. Dennis Hicks,Harriet Campbell,JYDV78691342412764,0,0.5759114064,0.0,2020-12-18T00:00:00,0,0.0,10000.0,ReprovadoAnalista,De 31 a 50 % - Médio,0.5714285714285714,0.4285714285714285,0.0,,,,,,,,,,,12500.0,0.0,1.0,0.0,2019.0,De 0 a 5 anos,100000.0,False,True,1.0,2700.0,
8029,8102,Sandra Wilson,Ms. Marilyn Saunders,XMLY60326206853927,0,0.477761461,0.0,2014-05-07T00:00:00,0,0.0,20000.0,AprovadoAnalista,De 31 a 50 % - Médio,0.6428571428571428,0.3571428571428571,0.0,12000.0,,,,,,,,,,557545.0,0.0,12.0,0.0,2006.0,De 11 a 16 anos,5000.0,False,True,1.0,14850.0,2021-01-21T14:20:34
8032,8105,Victoria Robinson,Adrian Turner,WYFR72172860489872,18,0.4152856834,0.0,2019-07-29T00:00:00,0,2853.33,40000.0,AprovadoAnalista,De 31 a 50 % - Médio,0.5535714285714285,0.4464285714285714,0.866025403784439,20000.0,,,,,,,,,,1950778.0,0.0,12.0,0.0,2019.0,De 0 a 5 anos,100000.0,False,True,1.0,1320.0,2021-01-21T14:31:33
8033,8106,Mr. Simon Taylor,Stephen Hardy,FHQW50562829976542,0,0.2568083955,0.0,2019-11-07T00:00:00,0,0.0,30000.0,AprovadoAnalista,De 31 a 50 % - Médio,0.5535714285714285,0.4464285714285714,0.0,10000.0,,,,,,,,,,1099800.0,0.0,12.0,0.0,2016.0,De 0 a 5 anos,200000.0,False,True,1.0,49122.0,2021-01-21T15:15:33
8036,8109,Abdul West-Goddard,Joseph Lee,HYNB58011790687263,5,0.1565259963,0.0,2018-10-29T00:00:00,0,0.0,150000.0,AprovadoAnalista,De 31 a 50 % - Médio,0.5357142857142857,0.4642857142857142,0.0,130000.0,,2019-12-31T03:00:00,3212470.0,2344435.0,3214239.0,479891.0,390000.0,1643090.0,235961.0,11085102.0,2296114.0,12.0,8788988.0,2017.0,De 0 a 5 anos,100000.0,True,True,1.0,0.0,2021-01-21T15:26:05
8040,8113,Kerry Brown-James,Clifford Price,QERM89266006911361,3,0.4925814105,0.0,2019-07-24T00:00:00,0,3126.09,10000.0,AprovadoAnalista,De 31 a 50 % - Médio,0.6607142857142857,0.3392857142857142,0.0,10000.0,,2019-12-31T00:00:00,0.0,0.0,0.0,0.0,0.0,0.0,0.0,385803.0,0.0,12.0,0.0,2016.0,De 0 a 5 anos,50000.0,False,False,1.0,28800.0,2021-01-21T15:38:34
8048,8121,Mr. Jason Cross,Mrs. Sara Hunt,BCPO63369307978605,0,0.4604355181,0.0,2021-01-12T00:00:00,0,0.0,40000.0,AprovadoAnalista,De 31 a 50 % - Médio,0.625,0.3749999999999999,0.0,10000.0,,2019-12-31T00:00:00,671839.0,174413.0,951180.0,714266.0,62500.0,256721.0,120000.0,596589.0,379482.0,12.0,217107.0,2017.0,De 0 a 5 anos,100000.0,False,True,1.0,43254.0,2021-01-21T16:17:07
8059,8132,Mr. Danny Robson,Dr. Guy Clarke,MEWV40868410072490,4,0.0,,2020-10-09T15:26:36,0,0.0,40000.0,ReprovadoAnalista,De 31 a 50 % - Médio,0.6785714285714285,0.3214285714285714,0.0,,,,,,,,,,,48748.0,0.0,6.0,0.0,2019.0,De 0 a 5 anos,50000.0,False,False,0.0,18000.0,
8064,8137,Tony Barrett,Miss Donna Harrison,XQRV66631079600924,0,0.6482285714,0.0,2020-12-02T00:00:00,0,0.0,50000.0,AprovadoAnalista,De 31 a 50 % - Médio,0.6785714285714285,0.3214285714285714,0.0,5000.0,,2020-12-31T00:00:00,179052.0,4038.0,179067.0,175029.0,0.0,96286.0,10518.0,62999.0,54613.0,12.0,8386.0,2017.0,De 0 a 5 anos,5000.0,False,True,1.0,0.0,2021-01-22T12:06:08
8071,8144,Ms. Diana Rose,Christian Hawkins-Bentley,IMCM05865046111486,5,0.4141159308,0.0,2017-09-04T00:00:00,0,0.0,49999.0,AprovadoAnalista,De 31 a 50 % - Médio,0.6428571428571428,0.3571428571428571,-0.866025403784439,30000.0,,,,,,,,,,659153.0,1.0,12.0,1.0,1996.0,Acima de 17 anos,100000.0,False,True,0.9996596424,5400.0,2021-01-22T14:09:24
8072,8145,Michael Ali,Yvonne Garner,WNMF23294348311972,4,0.437155852,0.0,2019-11-01T00:00:00,0,0.0,49999.0,AprovadoAnalista,De 31 a 50 % - Médio,0.6428571428571428,0.3571428571428571,0.0,15000.0,,,,,,,,,,1078806.0,0.0,12.0,0.0,2018.0,De 0 a 5 anos,10000.0,False,False,1.0,5280.0,2021-01-22T14:09:52
8074,8147,Leigh Holloway,Kathleen Wallis,TSGC04752344347638,4,0.3626027927,0.0,2014-09-02T00:00:00,0,14616.0,150000.0,AprovadoAnalista,De 31 a 50 % - Médio,0.6071428571428571,0.3928571428571428,0.866025403784439,150000.0,,,,,,,,,,0.0,0.0,1.0,0.0,2011.0,De 6 a 10 anos,1000.0,False,True,1.0,12420.0,2021-01-22T14:22:18
8078,8151,Holly Stewart,Mr. Allan Andrews,VYBZ04148928170504,5,0.6166437965,0.0,2018-11-06T00:00:00,0,0.0,15000.0,ReprovadoAnalista,De 31 a 50 % - Médio,0.5178571428571428,0.4821428571428571,0.866025403784439,,,,,,,,,,,0.0,0.0,1.0,0.0,1975.0,Acima de 17 anos,1600000.0,True,False,1.0,24250.0,
8087,8160,Douglas Ball,Mrs. Barbara Shah,ESPB41803564600697,100,0.4250065569,0.0,2011-10-14T00:00:00,0,0.0,50000.0,AprovadoAnalista,De 31 a 50 % - Médio,0.6428571428571428,0.3571428571428571,-0.866025403784439,5000.0,,,,,,,,,,358936.0,0.0,12.0,0.0,2004.0,Acima de 17 anos,40000.0,True,False,0.2397897065,0.0,2021-01-22T15:10:55
8088,8161,Rosie Thornton,Alex Clark,POPU32025062275349,6,0.5914350962,0.0,2018-03-07T00:00:00,0,0.0,25000.0,AprovadoAnalista,De 31 a 50 % - Médio,0.6428571428571428,0.3571428571428571,-3.7e-15,25000.0,,,,,,,,,,1122195.0,0.0,12.0,0.0,2017.0,De 0 a 5 anos,20000.0,False,False,1.0,12210.0,2021-01-22T16:19:38
8094,8167,Jack Robson,Mrs. Alexandra Akhtar,NCCP32868223153118,0,0.3954243847,0.0,2020-08-24T00:00:00,27,9334.0,60000.0,ReprovadoAnalista,De 31 a 50 % - Médio,0.6785714285714285,0.3214285714285714,0.0,,,2020-12-31T03:00:00,245257.0,42267.0,245257.0,0.0,6800.0,79913.0,106238.0,384958.0,235159.0,12.0,149799.0,2020.0,De 0 a 5 anos,30000.0,False,False,1.0,1920.0,
8100,8173,Ms. Sharon Kennedy,Lynda Wood,GOMC34990249493217,0,0.5932890127,0.0,2020-07-20T00:00:00,21,12560.0,55000.0,AprovadoAnalista,De 31 a 50 % - Médio,0.6071428571428571,0.3928571428571428,0.866025403784439,5000.0,,2019-12-31T03:00:00,251131.0,44234.0,251131.0,76276.0,0.0,27554.0,171286.0,185198.0,137320.0,10.0,47878.0,2019.0,De 0 a 5 anos,99800.0,False,True,1.0,5760.0,2021-01-26T12:01:45
8103,8176,Clifford Moore-Carter,Dr. Albert Saunders,QPPE51821908853748,0,0.0,,2018-05-21T10:33:55,0,0.0,25000.0,AprovadoAnalista,De 31 a 50 % - Médio,0.6428571428571428,0.3571428571428571,0.0,10000.0,,,,,,,,,,1761570.0,0.0,12.0,0.0,2017.0,De 0 a 5 anos,100000.0,False,True,0.0,5280.0,2021-01-26T12:09:03
8105,8178,Sam Carey,Dr. Bethany Stephens,JUTB52764243383702,10,0.0486285157,0.0,2019-02-27T00:00:00,203,7182.0,35000.0,AprovadoAnalista,De 31 a 50 % - Médio,0.5357142857142857,0.4642857142857142,0.866025403784438,5000.0,,,,,,,,,,766314.0,0.0,12.0,0.0,2017.0,De 0 a 5 anos,50000.0,False,False,1.0,4440.0,2021-01-26T13:06:10
8107,8180,Melanie Fisher,Abbie Welch,OLYZ19355842416222,26,0.0,,2012-08-27T13:31:53,0,0.0,210000.0,AprovadoAnalista,De 31 a 50 % - Médio,0.6607142857142857,0.3392857142857142,-0.866025403784439,210000.0,,2020-06-30T03:00:00,12452764.0,13054054672.0,13660908.0,518332.0,4361723.0,7743366.0,4210168.0,21336775.0,-4426253.0,6.0,25763028.0,1978.0,Acima de 17 anos,500000.0,False,False,0.0,3086503.0,2021-01-26T13:38:17
8108,8181,Mr. Christian Evans,Lindsey Goodwin,RHVV79953839420282,4,0.6568458514,0.0,2020-01-23T00:00:00,101,10313.39,10000.0,AprovadoAnalista,De 31 a 50 % - Médio,0.5535714285714285,0.4464285714285714,0.0,5000.0,,2020-12-31T00:00:00,0.0,0.0,0.0,0.0,0.0,0.0,0.0,532602.0,0.0,12.0,0.0,2019.0,De 0 a 5 anos,120000.0,False,False,1.0,4860.0,2021-01-26T13:41:21
8111,8184,Denise Bird,Nicole Hughes,MBHK14923763528617,26,0.0,,2007-05-23T15:41:53,0,0.0,10000.0,AprovadoAnalista,De 31 a 50 % - Médio,0.5357142857142857,0.4642857142857142,0.0,10000.0,,,,,,,,,,424208.0,0.0,7.0,0.0,1998.0,Acima de 17 anos,73000.0,False,True,0.0,66600.0,2021-01-26T16:38:02
8115,8188,Mrs. Mary Baker,Louis Lowe,LAAC67858737827267,120,0.0,,2017-09-15T09:37:41,0,0.0,80000.0,ReprovadoAnalista,De 31 a 50 % - Médio,0.6607142857142857,0.3392857142857142,0.0,,,2020-12-31T03:00:00,5889251.0,5057799.0,6195477.0,1137678.0,0.0,533853.0,269000.0,3482920.0,1567314.0,12.0,1915606.0,2010.0,De 11 a 16 anos,99800.0,True,True,0.0,0.0,
8118,8191,Colin Willis,Toby Coleman,YWAW74961277035994,4,0.0,,2017-09-29T17:29:46,0,0.0,2000000.0,AprovadoAnalista,De 31 a 50 % - Médio,0.6428571428571428,0.3571428571428571,0.0,1675000.0,,,,,,,,,,51006656.0,0.0,12.0,0.0,2017.0,De 0 a 5 anos,100000.0,False,True,0.0,77400.0,2021-01-26T17:29:56
8120,8193,Reece King,Victoria Harper,VUQY80070392818665,35,0.0,,2016-07-12T15:45:43,0,0.0,60000.0,AprovadoAnalista,De 31 a 50 % - Médio,0.6071428571428571,0.3928571428571428,0.94350034220801,60000.0,,2019-12-31T03:00:00,7062955.0,2101846.0,7192697.0,341872.0,4491726.0,5361456.0,1540286.0,6824982.0,2040258.0,12.0,4784724.0,2015.0,De 0 a 5 anos,105000.0,False,True,0.0,12900.0,2021-01-26T18:31:31
8122,8195,Mrs. Rosie Murray,Daniel Buckley-Carter,RZZL66007226098027,0,0.0,,,0,0.0,50000.0,ReprovadoAnalista,De 31 a 50 % - Médio,0.6428571428571428,0.3571428571428571,0.0,,,2019-12-31T00:00:00,0.0,0.0,0.0,0.0,0.0,0.0,0.0,940918.0,0.0,12.0,0.0,2017.0,De 0 a 5 anos,80000.0,False,False,0.0,8800.0,
8124,8197,Melanie Clarke,Elliot Thomas,HFFS88074547051205,37,0.28717323,0.0,2018-09-28T00:00:00,0,0.0,30000.0,AprovadoAnalista,De 31 a 50 % - Médio,0.5714285714285714,0.4285714285714285,0.984994475079926,10000.0,,,,,,,,,,1562965.0,0.0,12.0,0.0,2017.0,De 0 a 5 anos,10000.0,True,False,1.0,0.0,2021-01-26T19:16:04
8127,8200,Sarah Hopkins,Mr. Conor Jones,AZFO81709966547489,57,0.3158088191,0.0,2019-06-27T00:00:00,0,0.0,120000.0,AprovadoAnalista,De 31 a 50 % - Médio,0.5178571428571428,0.4821428571428571,0.866025403784439,120000.0,,2020-12-30T21:00:00,0.0,0.0,0.0,0.0,0.0,0.0,0.0,575714000.0,0.0,12.0,0.0,2017.0,De 0 a 5 anos,0.0,True,False,1.0,0.0,2021-01-27T13:24:50
8133,8206,Rosemary Pearce-Russell,Dr. Kimberley Hooper,LZUN59184418428705,0,0.6036114752,0.0,2021-01-22T00:00:00,25,20601.0,50000.0,AprovadoAnalista,De 31 a 50 % - Médio,0.6785714285714285,0.3214285714285714,0.0,10000.0,,,,,,,,,,1038523.0,0.0,12.0,0.0,2015.0,De 6 a 10 anos,88000.0,False,True,1.0,8640.0,2021-01-27T13:01:57
8138,8211,Leah Davies-Williams,Mrs. Anne Dunn,CDYT18486223390794,5,0.5974974564,0.0,2014-07-31T00:00:00,0,0.0,100000.0,AprovadoAnalista,De 31 a 50 % - Médio,0.6428571428571428,0.3571428571428571,0.963690528534408,50000.0,,,,,,,,,,0.0,0.0,1.0,0.0,2011.0,De 6 a 10 anos,79000.0,False,True,1.0,3240.0,2021-01-27T13:15:11
8139,8212,Bruce Briggs,Miss Diane Hunt,TLNB22226585228206,7,0.3277825985,0.0,2018-08-03T00:00:00,0,0.0,50000.0,AprovadoAnalista,De 31 a 50 % - Médio,0.6428571428571428,0.3571428571428571,0.0,50000.0,,,,,,,,,,3558936.0,0.0,12.0,0.0,2017.0,De 0 a 5 anos,93700.0,False,True,1.0,69901.0,2021-01-27T13:20:06
8145,8218,Mr. John Black,Darren Lee,YEPO85728060454217,12,0.6139238738,0.0,2018-11-26T00:00:00,0,0.0,50000.0,AprovadoAnalista,De 31 a 50 % - Médio,0.5357142857142857,0.4642857142857142,0.866025403784439,10000.0,,2019-12-31T00:00:00,0.0,0.0,0.0,0.0,0.0,0.0,0.0,1015126.0,0.0,12.0,0.0,2018.0,De 0 a 5 anos,95400.0,False,True,1.0,6210.0,2021-01-27T14:02:37
8151,8224,Miss Sylvia Foster,Dr. Edward Bailey,NUGB53491842386429,0,0.5730980789,0.0,2019-09-26T00:00:00,0,0.0,30000.0,AprovadoAnalista,De 31 a 50 % - Médio,0.5714285714285714,0.4285714285714285,0.0,5000.0,,,,,,,,,,802886.0,0.0,12.0,0.0,2017.0,De 0 a 5 anos,93700.0,False,True,1.0,720.0,2021-01-27T14:58:30
8161,8234,Miss Stephanie Clements,Dr. Melanie O'Neill,OTSY03777965464139,35,0.0,,2017-07-24T11:33:04,0,0.0,10000.0,AprovadoAnalista,De 31 a 50 % - Médio,0.5892857142857142,0.4107142857142857,5e-16,10000.0,,,,,,,,,,0.0,0.0,1.0,0.0,2017.0,De 0 a 5 anos,500000.0,False,False,0.0,106800.0,2021-01-27T17:50:51
8162,8235,Mr. Liam Evans,Derek Bray-Hart,LHVF52950654980880,5,0.4565843478,0.0,2017-11-13T00:00:00,0,0.0,25000.0,AprovadoAnalista,De 31 a 50 % - Médio,0.5357142857142857,0.4642857142857142,5e-16,10000.0,,,,,,,,,,603788.0,0.0,7.0,0.0,2016.0,De 0 a 5 anos,500000.0,False,True,1.0,17200.0,2021-01-27T17:51:30
8163,8236,Dr. Kelly Cooper,Mr. Charlie Matthews,BYPK47129168540296,4,0.2438213757,0.0,2019-10-25T00:00:00,0,0.0,250000.0,AprovadoAnalista,De 31 a 50 % - Médio,0.5714285714285714,0.4285714285714285,0.0,10000.0,,2019-12-30T21:00:00,374519.0,54967.0,374519.0,303169.0,21200.0,216127.0,133296.0,502481.0,199207.0,12.0,303274.0,2009.0,De 11 a 16 anos,0.0,False,True,1.0,3960.0,2021-01-27T17:52:18
8168,8241,Sharon Iqbal,Dr. Owen Harris,JNDD06331149253068,0,0.6462142743,0.0,2020-09-17T00:00:00,0,0.0,15000.0,ReprovadoAnalista,De 31 a 50 % - Médio,0.5714285714285714,0.4285714285714285,0.0,,,,,,,,,,,81000.0,0.0,12.0,0.0,2017.0,De 0 a 5 anos,4000.0,False,True,1.0,7700.0,
8174,8247,Joshua Byrne,Patrick Cross,ELNY46880616800761,6,0.4961868277,0.0,2019-05-15T00:00:00,11,9670.35,25000.0,AprovadoAnalista,De 31 a 50 % - Médio,0.5357142857142857,0.4642857142857142,0.866025403784439,25000.0,,,,,,,,,,594293.0,0.0,6.0,0.0,2019.0,De 0 a 5 anos,99800.0,False,True,1.0,1320.0,2021-01-27T20:16:00
8182,8255,Oliver Nelson,Diane Mellor,JNZU40131737101208,0,0.4327342124,0.0,2020-01-15T00:00:00,0,0.0,5500.0,AprovadoAnalista,De 31 a 50 % - Médio,0.5357142857142857,0.4642857142857142,0.0,5500.0,,,,,,,,,,282707.0,0.0,12.0,0.0,2019.0,De 0 a 5 anos,5000.0,False,True,1.0,1960.0,2021-01-28T13:04:55
8186,8259,Dr. Toby Cole,Allan Hughes,UWEN56310434842486,0,0.5598910024,0.0,2021-01-26T00:00:00,0,0.0,49999.0,AprovadoAnalista,De 31 a 50 % - Médio,0.6785714285714285,0.3214285714285714,0.0,15000.0,,,,,,,,,,1945726.0,0.0,12.0,0.0,2017.0,De 0 a 5 anos,99800.0,False,True,1.0,1110.0,2021-01-28T13:24:18
8199,8272,Amber Smith,Chelsea Smith-Cox,EFMB43041243982596,4,0.5074172904,0.0,2013-03-28T00:00:00,0,0.0,720000.0,AprovadoAnalista,De 31 a 50 % - Médio,0.6607142857142857,0.3392857142857142,0.0,720000.0,,2019-12-30T21:00:00,12951488.0,17497243.0,17587509.0,-46604.0,203556.0,0.0,9471366.0,16341768.0,731009.0,12.0,15610759.0,1996.0,Acima de 17 anos,95400.0,False,True,1.0,25800.0,2021-01-28T18:05:59
8201,8274,Leigh Taylor,Howard Tomlinson,INCA00208573446391,0,0.644666,0.0,2021-01-26T00:00:00,16,6000.0,30000.0,AprovadoAnalista,De 31 a 50 % - Médio,0.5714285714285714,0.4285714285714285,0.0,10000.0,,,,,,,,,,974084.0,0.0,12.0,0.0,2019.0,De 0 a 5 anos,99800.0,False,True,1.0,7560.0,2021-01-28T19:19:36
8202,8275,Victoria Smith,Ms. Jemma Roberts,XVTC97650951609322,26,0.4689179917,0.0,2020-05-25T00:00:00,19,340109.96,700000.0,AprovadoComite,De 31 a 50 % - Médio,0.5892857142857142,0.4107142857142857,0.866025403784439,580000.0,2021-01-28T19:42:24,,,,,,,,,0.0,0.0,1.0,0.0,2015.0,De 6 a 10 anos,80000.0,False,True,1.0,1546107.0,
8203,8276,Keith Jones,Steven Kennedy-Jones,BRJP37453437154592,11,0.4240991321,0.0,2011-08-10T00:00:00,31,559679.98,1700000.0,AprovadoComite,De 31 a 50 % - Médio,0.6785714285714285,0.3214285714285714,0.810269934026831,1287000.0,2021-01-28T19:43:01,2020-12-30T21:00:00,133604321.0,366700719.0,209372451.0,-186719734.0,29391465.0,-22780710.0,110984530.0,253471598.0,117933839.0,12.0,135537759.0,2008.0,De 11 a 16 anos,1500000.0,False,False,0.9947858507,12744000.0,
8214,8287,Dr. Dennis Patel,Jacqueline Morley,VXXJ91966047186783,7,0.500953551,0.0,2018-07-17T00:00:00,0,0.0,20000.0,AprovadoAnalista,De 31 a 50 % - Médio,0.6071428571428571,0.3928571428571428,0.866025403784438,20000.0,,,,,,,,,,1410210.0,0.0,12.0,0.0,2018.0,De 0 a 5 anos,20000.0,False,False,1.0,18000.0,2021-01-28T21:03:30
8221,8294,Neil Reid,Julie King,CIQM50735029754246,5,0.5754074074,0.0,2018-06-12T00:00:00,27,3375.0,30000.0,AprovadoAnalista,De 31 a 50 % - Médio,0.6428571428571428,0.3571428571428571,0.866025403784439,15000.0,,,,,,,,,,943563.0,0.0,12.0,0.0,2017.0,De 0 a 5 anos,10000.0,False,False,1.0,7040.0,2021-01-28T21:18:43
8228,8301,Adam Allen,Clifford Jones-Gill,DATV77275374664842,33,0.4637211329,0.0,2020-01-21T00:00:00,0,0.0,10000.0,AprovadoAnalista,De 31 a 50 % - Médio,0.5714285714285714,0.4285714285714285,0.866025403784439,10000.0,,2019-12-31T00:00:00,0.0,0.0,0.0,0.0,0.0,0.0,0.0,345100.0,0.0,12.0,0.0,2018.0,De 0 a 5 anos,50000.0,False,False,1.0,10800.0,2021-01-29T14:14:29
8237,8310,Gary Barnett,Miss Katie Turner,IYOZ62627762955981,11,0.3532516337,0.0,2020-12-30T00:00:00,10,856260.0,350000.0,AprovadoAnalista,De 31 a 50 % - Médio,0.5892857142857142,0.4107142857142857,0.0,100000.0,,2020-12-31T03:00:00,1367893.0,539234.0,1388043.0,20150.0,0.0,813340.0,0.0,3900100.0,3572925.0,12.0,327175.0,2018.0,De 0 a 5 anos,10000.0,False,True,1.0,0.0,2021-01-29T16:32:52
8240,8313,Conor Jones,Alexander Ashton,ZJQC63985669927428,94,0.4630401173,0.0,2019-12-11T00:00:00,0,0.0,10000.0,AprovadoAnalista,De 31 a 50 % - Médio,0.6607142857142857,0.3392857142857142,0.866025403784439,10000.0,,2019-12-31T00:00:00,561073.0,6545.0,561073.0,554527.0,0.0,48223.0,4390.0,360151.0,0.0,12.0,0.0,2014.0,De 6 a 10 anos,400000.0,False,False,1.0,59400.0,2021-01-29T14:44:50
8262,8335,Bradley Metcalfe,Mrs. Abigail Rose,VNIS19831576404706,0,0.1427354167,0.0,2020-05-21T00:00:00,0,0.0,10000.0,AprovadoAnalista,De 31 a 50 % - Médio,0.6785714285714285,0.3214285714285714,0.0,10000.0,,,,,,,,,,345578.0,0.0,12.0,0.0,2013.0,De 6 a 10 anos,88000.0,True,False,1.0,0.0,2021-01-29T18:34:06
8265,8338,Dr. Frederick Foster,Judith Ingram-Jones,LGTS45864344353183,0,0.4144450434,0.0,2017-01-11T00:00:00,0,0.0,5000.0,AprovadoAnalista,De 31 a 50 % - Médio,0.6428571428571428,0.3571428571428571,0.0,5000.0,,,,,,,,,,0.0,0.0,1.0,0.0,2009.0,De 11 a 16 anos,10000.0,False,True,1.0,1280.0,2021-01-29T18:48:57
8272,8345,Dr. Jake Dale,Mr. Ricky Williams,SPID07567212738639,9,0.4706814281,0.0,2020-06-22T00:00:00,35,529387.04,1700000.0,AprovadoAnalista,De 31 a 50 % - Médio,0.6428571428571428,0.3571428571428571,0.0,1750000.0,,2020-10-31T03:00:00,62496086.0,49155140.0,64296640.0,11263476.0,590000.0,24649472.0,34141704.0,166558475.0,46014948.0,10.0,120543527.0,2018.0,De 0 a 5 anos,1300020.0,False,False,1.0,300000.0,2021-01-29T18:54:24
8278,8351,Jasmine Brown,Sian Lewis,UDSM80343135950565,3,0.7578569444,0.0,2020-09-21T00:00:00,28,14400.0,15000.0,AprovadoAnalista,De 31 a 50 % - Médio,0.5357142857142857,0.4642857142857142,0.0,15000.0,,,,,,,,,,653412.0,0.0,12.0,0.0,2016.0,De 0 a 5 anos,100000.0,False,True,1.0,4400.0,2021-01-29T19:40:49
8279,8352,Leon Webster,Glenn Hughes-Ward,YERL35685920351158,0,0.6235629588,0.0,2020-05-27T00:00:00,31,26565.0,50000.0,AprovadoAnalista,De 31 a 50 % - Médio,0.625,0.3749999999999999,0.0,10000.0,,2020-12-31T00:00:00,0.0,0.0,0.0,0.0,0.0,0.0,0.0,866899.0,0.0,12.0,0.0,2019.0,De 0 a 5 anos,15000.0,False,True,1.0,6660.0,2021-01-29T19:46:52
8286,8359,Nigel Williams-Higgins,Louise Smith,LQHJ42685336975907,0,0.0,,,0,0.0,200000.0,ReprovadoAnalista,De 31 a 50 % - Médio,0.5892857142857142,0.4107142857142857,0.0,,,2019-12-30T21:00:00,0.0,0.0,0.0,0.0,0.0,0.0,0.0,3330658.0,0.0,12.0,0.0,2017.0,De 0 a 5 anos,96000.0,True,True,0.0,0.0,
8287,8360,Abbie Shaw,Douglas Francis,HXUT11264254108021,12,0.5543835022,0.0,2012-08-31T00:00:00,15,1491736.37,2800000.0,AprovadoAnalista,De 31 a 50 % - Médio,0.5,0.5,0.0,2800000.0,,,,,,,,,,0.0,0.0,1.0,0.0,2011.0,De 6 a 10 anos,979957432.0,True,False,1.0,132233152.0,2021-02-01T14:56:52
8288,8361,Marion Graham,Dr. Philip Weston,GBYQ35716048437076,30,0.6215864295,0.0,2011-12-23T00:00:00,6,1093374.04,6900000.0,AprovadoAnalista,De 31 a 50 % - Médio,0.6071428571428571,0.3928571428571428,0.244594160794096,6900000.0,,,,,,,,,,0.0,0.0,1.0,0.0,2010.0,De 6 a 10 anos,979957432.0,True,False,1.0,132233152.0,2021-02-01T14:57:17
8292,8365,Miss Valerie Connor,Liam Hall,YWSQ51421424207341,66,0.4412997365,0.0,2013-01-07T00:00:00,24,11895.67,50000.0,AprovadoAnalista,De 31 a 50 % - Médio,0.6607142857142857,0.3392857142857142,-0.81649465906674,15000.0,,,,,,,,,,1539697.0,0.0,12.0,0.0,2011.0,De 6 a 10 anos,20000.0,False,True,0.7270875822,62100.0,2021-02-01T14:32:10
8300,8373,Leon Webster,Glenn Hughes-Ward,YERL35685920351158,0,0.6235629588,0.0,2020-05-27T00:00:00,31,26565.0,26000.0,AprovadoAnalista,De 31 a 50 % - Médio,0.5892857142857142,0.4107142857142857,0.0,15000.0,,2020-12-31T00:00:00,0.0,0.0,0.0,0.0,0.0,0.0,0.0,866899.0,0.0,12.0,0.0,2019.0,De 0 a 5 anos,15000.0,False,True,1.0,6660.0,2021-02-01T14:47:59
8301,8374,Miss Susan Brooks,Nicole Palmer,RDYH79084187551880,0,0.3443531029,0.0,2019-03-26T00:00:00,0,0.0,20000.0,AprovadoAnalista,De 31 a 50 % - Médio,0.6785714285714285,0.3214285714285714,0.0,5000.0,,,,,,,,,,697492.0,0.0,12.0,0.0,2016.0,De 0 a 5 anos,100000.0,False,False,1.0,12210.0,2021-02-01T14:57:41
8307,8380,Georgia Morgan-Myers,Dr. Charlie Knight,KFAP55484154396553,0,0.4983618338,0.0,2021-01-18T00:00:00,0,0.0,20000.0,AprovadoAnalista,De 31 a 50 % - Médio,0.6785714285714285,0.3214285714285714,0.0,10000.0,,,,,,,,,,100000.0,0.0,1.0,0.0,2018.0,De 0 a 5 anos,20000.0,False,False,1.0,12800.0,2021-02-01T17:06:27
8311,8384,Dr. Jake Dale,Mr. Ricky Williams,SPID07567212738639,9,0.4706814281,0.0,2020-06-22T00:00:00,35,529387.04,1200000.0,AprovadoAnalista,De 31 a 50 % - Médio,0.6428571428571428,0.3571428571428571,0.0,1100000.0,,2020-10-31T03:00:00,62496086.0,49155140.0,64296640.0,11263476.0,590000.0,24649472.0,34141704.0,166558475.0,46014948.0,10.0,120543527.0,2018.0,De 0 a 5 anos,1300020.0,False,False,1.0,300000.0,2021-02-01T17:21:28
8313,8386,Miss Helen Baker,Marc Booth,LWBJ87059444509971,3,0.6456017369,0.0,2018-12-10T00:00:00,0,0.0,50000.0,AprovadoAnalista,De 31 a 50 % - Médio,0.6428571428571428,0.3571428571428571,0.0,40000.0,,,,,,,,,,0.0,0.0,1.0,0.0,2018.0,De 0 a 5 anos,500000.0,False,False,1.0,72000.0,2021-02-01T17:23:44
8316,8389,Mr. Darren Grant,Sheila Jones-Blake,CXIG28465604067668,18,0.0,,2019-12-27T13:35:50,0,0.0,30000.0,AprovadoAnalista,De 31 a 50 % - Médio,0.5892857142857142,0.4107142857142857,0.866025403784439,30000.0,,,,,,,,,,4893275.0,0.0,12.0,0.0,2017.0,De 0 a 5 anos,15000.0,False,True,0.0,19800.0,2021-02-01T20:30:00
8319,8392,Mr. Simon Taylor,Stephen Hardy,FHQW50562829976542,0,0.2568083955,0.0,2019-11-07T00:00:00,0,0.0,40000.0,AprovadoAnalista,De 31 a 50 % - Médio,0.5178571428571428,0.4821428571428571,0.0,10000.0,,,,,,,,,,1099800.0,0.0,12.0,0.0,2016.0,De 0 a 5 anos,200000.0,False,True,1.0,49122.0,2021-02-01T20:31:27
8323,8396,Elliott Rose,Deborah Jones-Gibson,JJJO86195665960207,9,0.5932736371,0.0,2016-11-18T00:00:00,31,5549.21,40000.0,AprovadoAnalista,De 31 a 50 % - Médio,0.6071428571428571,0.3928571428571428,0.866025403784439,35000.0,,2019-12-31T00:00:00,0.0,0.0,0.0,0.0,0.0,0.0,0.0,2712938.0,0.0,12.0,0.0,2016.0,De 0 a 5 anos,100000.0,False,True,1.0,60800.0,2021-02-01T20:57:26
8327,8400,Shannon Evans,Stewart Fisher,ZXOH34061227638698,37,0.3418942725,0.0,2018-08-23T00:00:00,0,0.0,12000.0,AprovadoAnalista,De 31 a 50 % - Médio,0.5892857142857142,0.4107142857142857,0.913452143943236,12000.0,,2019-12-31T00:00:00,0.0,0.0,0.0,0.0,0.0,0.0,0.0,757693.0,0.0,12.0,0.0,2013.0,De 6 a 10 anos,10000.0,True,False,0.9480222138,16200.0,2021-02-01T21:02:59
8328,8401,Mr. Steven Richardson,Miss Samantha Ward,JTOB36189748273232,0,0.3192739094,0.0,2020-06-09T00:00:00,0,0.0,50000.0,AprovadoAnalista,De 31 a 50 % - Médio,0.6428571428571428,0.3571428571428571,0.866025403784439,5000.0,,,,,,,,,,183534.0,0.0,12.0,0.0,2019.0,De 0 a 5 anos,100000.0,False,False,1.0,48600.0,2021-02-02T11:54:50
8329,8402,Ben Edwards,David Franklin-Harris,JFCS89258018231746,5,0.5334974985,0.0,2015-08-17T00:00:00,0,0.0,20000.0,AprovadoAnalista,De 31 a 50 % - Médio,0.625,0.375,-0.866025403784439,15000.0,,2019-12-31T00:00:00,194757.0,524259.0,196777.0,-351479.0,259385.0,0.0,192915.0,1102503.0,579462.0,12.0,523041.0,1971.0,Acima de 17 anos,35000.0,False,False,0.9038761536,19980.0,2021-02-02T11:58:25
8330,8403,Hollie Phillips,Mrs. Katy Saunders,DXII87451538576796,19,0.5229485904,0.0,2018-01-12T00:00:00,39,16590.0,50000.0,AprovadoAnalista,De 31 a 50 % - Médio,0.6607142857142857,0.3392857142857142,-0.999981935822938,20000.0,,,,,,,,,,1127743.0,0.0,6.0,0.0,2013.0,De 6 a 10 anos,100000.0,False,True,0.3611985207,19800.0,2021-02-02T11:52:04
8334,8407,Dr. Marion Miller,Benjamin Brown-Evans,MOLC95396719727980,13,0.4256613191,0.0,2017-01-30T00:00:00,31,14025.0,110000.0,AprovadoAnalista,De 31 a 50 % - Médio,0.5892857142857142,0.4107142857142857,0.866025403784438,110000.0,,2019-12-30T21:00:00,1309481.0,889000.0,1309481.0,218960.0,198749.0,628071.0,376898.0,9643686.0,2989997.0,12.0,6653689.0,2016.0,De 0 a 5 anos,30000.0,False,False,1.0,39600.0,2021-02-02T12:51:19
8342,8415,Graeme Curtis,Aaron Hyde,OXPX18222396555938,0,0.4986733765,0.0,2021-01-19T00:00:00,5,1329.77,15000.0,AprovadoAnalista,De 31 a 50 % - Médio,0.6785714285714285,0.3214285714285714,0.0,10000.0,,,,,,,,,,100000.0,0.0,1.0,0.0,2017.0,De 0 a 5 anos,20000.0,False,False,1.0,20480.0,2021-02-02T13:14:57
8345,8418,Marian Harvey,Aaron Hyde,GOFI22815300070458,0,0.4946138092,0.0,2021-01-19T00:00:00,6,1330.07,15000.0,AprovadoAnalista,De 31 a 50 % - Médio,0.6785714285714285,0.3214285714285714,0.0,10000.0,,,,,,,,,,100000.0,0.0,1.0,0.0,2018.0,De 0 a 5 anos,20000.0,False,False,1.0,20480.0,2021-02-02T13:21:12
8349,8422,Ms. Jane Doherty,Dr. Ian Jones,LLJA46638032595457,0,0.5938876413,0.0,2009-02-12T00:00:00,0,0.0,45000.0,AprovadoAnalista,De 31 a 50 % - Médio,0.6428571428571428,0.3571428571428571,0.0,15000.0,,,,,,,,,,1030885.0,0.0,12.0,0.0,2005.0,De 11 a 16 anos,100000.0,False,True,1.0,22000.0,2021-02-02T13:29:49
8350,8423,Dr. Terence Thomas,Oliver Roberts,AWGW86865379688019,17,0.4423544484,0.0,2017-07-25T00:00:00,0,0.0,5700.0,AprovadoAnalista,De 31 a 50 % - Médio,0.5892857142857142,0.4107142857142857,-0.376547706784972,5700.0,,,,,,,,,,0.0,0.0,1.0,0.0,1997.0,Acima de 17 anos,95400.0,False,True,0.831578389,8800.0,2021-02-02T14:35:46
8352,8425,Mitchell Cox,Dr. Charlie Knight,OQTS66693085463329,0,0.5012366672,0.0,2021-01-19T00:00:00,0,0.0,15000.0,ReprovadoAnalista,De 31 a 50 % - Médio,0.5892857142857142,0.4107142857142857,0.0,,,,,,,,,,,100000.0,0.0,1.0,0.0,2016.0,De 0 a 5 anos,20000.0,True,False,1.0,3840.0,
8353,8426,Miss Christine Robinson,Dr. Charlie Knight,CIWS02149682407023,0,0.5006230887,0.0,2021-01-19T00:00:00,0,0.0,15000.0,AprovadoAnalista,De 31 a 50 % - Médio,0.6785714285714285,0.3214285714285714,0.0,10000.0,,,,,,,,,,100000.0,0.0,1.0,0.0,2019.0,De 0 a 5 anos,20000.0,False,False,1.0,25200.0,2021-02-02T14:36:39
8358,8431,Lisa Murphy,Mrs. Anne Morris,TPTS90307594270868,17,0.5170335648,0.0,2010-01-07T00:00:00,32,17280.0,45000.0,AprovadoAnalista,De 31 a 50 % - Médio,0.6607142857142857,0.3392857142857142,0.800679252267798,45000.0,,,,,,,,,,2389623.0,0.0,12.0,0.0,2000.0,Acima de 17 anos,75000.0,False,True,1.0,29121.0,2021-02-02T18:30:48
8359,8432,Mrs. Kirsty Price,Lauren Williams,YIJG71602169145381,18,0.3561099671,0.0,2018-12-10T00:00:00,0,0.0,20000.0,AprovadoAnalista,De 31 a 50 % - Médio,0.6607142857142857,0.3392857142857142,0.999762837190821,10000.0,,,,,,,,,,3504852.0,0.0,12.0,0.0,2014.0,De 6 a 10 anos,100000.0,False,True,1.0,7920.0,2021-02-02T18:31:38
8360,8433,Elizabeth Fox,Shane Taylor-Weston,UGLY63529566283906,5,0.50927711,0.0,2019-04-09T00:00:00,54,14228.03,40000.0,AprovadoAnalista,De 31 a 50 % - Médio,0.6071428571428571,0.3928571428571428,0.866025403784439,20000.0,,,,,,,,,,283640.0,0.0,3.0,0.0,2017.0,De 0 a 5 anos,30000.0,False,False,1.0,8800.0,2021-02-02T18:32:27
8361,8434,Miss Nicole Reynolds,Dr. Steven Dobson,SQXN33822273652292,0,0.5745575613,0.0,2017-11-24T00:00:00,0,0.0,10000.0,AprovadoAnalista,De 31 a 50 % - Médio,0.6607142857142857,0.3392857142857142,0.0,10000.0,,2019-12-31T00:00:00,0.0,0.0,0.0,0.0,0.0,0.0,0.0,215044.0,0.0,12.0,0.0,2017.0,De 0 a 5 anos,30000.0,False,False,1.0,5280.0,2021-02-02T18:26:26
8367,8440,Dr. Deborah Grant,Ms. Zoe Ryan,UFIW88014780873641,8,0.0408820571,0.0,2017-07-28T00:00:00,0,0.0,10000.0,AprovadoAnalista,De 31 a 50 % - Médio,0.625,0.375,-0.62721294051717,10000.0,,,,,,,,,,430511.0,0.0,12.0,0.0,2008.0,De 11 a 16 anos,80000.0,False,False,0.9615758397,7040.0,2021-02-03T12:14:00
8372,8445,Sylvia Bryant,Abbie McLean-Fowler,DFGK41630869614960,3,0.4353922101,0.0,2017-07-04T00:00:00,0,0.0,40000.0,AprovadoAnalista,De 31 a 50 % - Médio,0.5535714285714285,0.4464285714285714,0.866025403784439,40000.0,,2019-12-31T00:00:00,0.0,0.0,0.0,0.0,0.0,0.0,0.0,1442677.0,0.0,12.0,0.0,2017.0,De 0 a 5 anos,10000.0,False,True,1.0,3240.0,2021-02-03T12:51:26
8375,8448,Josh Cox,Leigh Gibson,QSAP16666611195903,14,0.6142376973,0.0,2011-06-03T00:00:00,0,0.0,20000.0,AprovadoAnalista,De 31 a 50 % - Médio,0.6607142857142857,0.3392857142857142,0.866025403784439,15000.0,,,,,,,,,,838987.0,0.0,12.0,0.0,2007.0,De 11 a 16 anos,70000.0,False,False,1.0,4480.0,2021-02-03T12:55:38
8377,8450,Mrs. Alison Knight,Louise Stewart-Bryan,BCZK85893708311981,0,0.3913870529,0.0,2020-09-04T00:00:00,0,0.0,10000.0,AprovadoAnalista,De 31 a 50 % - Médio,0.5892857142857142,0.4107142857142857,0.0,10000.0,,2019-12-31T00:00:00,0.0,0.0,0.0,0.0,0.0,0.0,0.0,710226.0,0.0,6.0,0.0,2019.0,De 0 a 5 anos,99800.0,False,True,1.0,54000.0,2021-02-03T15:47:51
8378,8451,Ms. Eleanor Brown,Carolyn Hodgson-Stephenson,JCGD95559729656381,15,0.0,,2017-07-31T15:37:10,0,0.0,50000.0,AprovadoAnalista,De 31 a 50 % - Médio,0.6607142857142857,0.3392857142857142,0.866025403784439,50000.0,,,,,,,,,,7654305.0,0.0,12.0,0.0,2016.0,De 0 a 5 anos,905000.0,False,False,0.0,29700.0,2021-02-03T13:14:13
8380,8453,Mr. Alexander Henderson,Dr. Ronald Talbot,HBDG05923281332889,6,0.3170871253,0.0,2020-02-18T00:00:00,0,0.0,50000.0,AprovadoAnalista,De 31 a 50 % - Médio,0.6071428571428571,0.3928571428571428,0.866025403784439,35000.0,,,,,,,,,,22488738.0,0.0,12.0,0.0,2018.0,De 0 a 5 anos,104000.0,False,True,1.0,5200.0,2021-02-03T16:39:16
8393,8466,Ellie Turner,Mohamed Welch,ELQK41348591516215,26,0.0,,2017-12-20T17:03:32,0,0.0,100000.0,AprovadoAnalista,De 31 a 50 % - Médio,0.625,0.375,-0.86602540378444,60000.0,,2019-12-30T21:00:00,0.0,0.0,0.0,0.0,0.0,0.0,0.0,19127986.0,0.0,12.0,0.0,2017.0,De 0 a 5 anos,600000.0,False,True,0.0,986802.0,2021-02-03T20:50:11
8394,8467,Amanda Baker,Benjamin Higgins,STTE46072252479133,5,0.3820055472,0.0,2019-06-11T00:00:00,0,0.0,5500.0,AprovadoAnalista,De 31 a 50 % - Médio,0.5357142857142857,0.4642857142857142,0.0,5500.0,,,,,,,,,,0.0,0.0,1.0,0.0,2008.0,De 11 a 16 anos,350000.0,False,True,1.0,54000.0,2021-02-03T17:48:58
8397,8470,Simon Perry,Mr. Bernard Cooper,XXKN68171995852950,0,0.3948925501,0.0,2017-09-29T00:00:00,33,29316.0,40000.0,AprovadoAnalista,De 31 a 50 % - Médio,0.6428571428571428,0.3571428571428571,0.0,40000.0,,,,,,,,,,3248510.0,0.0,12.0,0.0,2016.0,De 0 a 5 anos,90000.0,False,True,1.0,345000.0,2021-02-03T19:04:50
8405,8478,Leah Weston,Dr. Janice Moss,FBST84121362181188,4,0.5579184862,0.0,2019-07-31T00:00:00,22,4580.0,40000.0,ReprovadoAnalista,De 31 a 50 % - Médio,0.5535714285714285,0.4464285714285714,0.0,,,2020-07-31T03:00:00,1787886.0,1381040.0,2035181.0,79991.0,751000.0,2285085.0,348988.0,826219.0,127555.0,7.0,698664.0,1998.0,Acima de 17 anos,2985000.0,True,True,1.0,1115500.0,
8409,8482,Dr. Robin Cooper,Dr. Katy Kirk,HABK58548312920723,0,0.3379951046,0.0,2015-05-20T00:00:00,0,0.0,40000.0,AprovadoAnalista,De 31 a 50 % - Médio,0.6428571428571428,0.3571428571428571,0.0,20000.0,,,,,,,,,,1093085.0,0.0,12.0,0.0,2014.0,De 6 a 10 anos,130000.0,False,True,1.0,16280.0,2021-02-03T21:09:28
8416,8489,Donna Johnson,Jamie Dodd-Patel,TQCK77735351677786,0,0.4215077138,0.0,2019-02-07T00:00:00,0,0.0,20000.0,AprovadoAnalista,De 31 a 50 % - Médio,0.5357142857142857,0.4642857142857142,0.0,15000.0,,,,,,,,,,1024245.0,0.0,12.0,0.0,2016.0,De 0 a 5 anos,88000.0,False,True,1.0,64392.0,2021-02-03T21:47:17
8420,8493,Gail Brown,Henry Cooper,XNYD03419746677869,7,0.0,,2018-04-16T09:01:08,0,0.0,50000.0,AprovadoAnalista,De 31 a 50 % - Médio,0.6071428571428571,0.3928571428571428,-0.760972690311994,30000.0,,,,,,,,,,2383715.0,0.0,12.0,0.0,2016.0,De 0 a 5 anos,400000.0,False,True,0.0,1760.0,2021-02-03T22:10:59
8422,8495,Ms. Katy Foster,Dale Lambert,STYU70299371902013,2,0.0,0.0,2017-08-28T00:00:00,0,0.0,10000.0,AprovadoAnalista,De 31 a 50 % - Médio,0.5535714285714285,0.4464285714285714,0.0,10000.0,,,,,,,,,,494294.0,0.0,12.0,0.0,2017.0,De 0 a 5 anos,96000.0,False,True,1.0,3780.0,2021-02-03T22:04:30
8430,8503,Dr. Heather Lamb,Bruce O'Donnell-Cox,NNYJ02441474355508,17,0.2866106044,0.0,2019-02-07T00:00:00,0,0.0,20000.0,AprovadoAnalista,De 31 a 50 % - Médio,0.6607142857142857,0.3392857142857142,0.866025403784439,5000.0,,,,,,,,,,434643.0,0.0,12.0,0.0,2008.0,De 11 a 16 anos,100000.0,False,False,1.0,18000.0,2021-02-03T23:00:06
8432,8505,Amber Browne,Natasha Powell,URHT04866185134825,26,0.0,,2017-04-06T08:46:48,0,0.0,30000.0,AprovadoAnalista,De 31 a 50 % - Médio,0.6607142857142857,0.3392857142857142,0.866025403784439,20000.0,,,,,,,,,,2119301.0,0.0,12.0,0.0,2015.0,De 6 a 10 anos,20000.0,False,True,0.0,1760.0,2021-02-03T23:02:06
8438,8511,Daniel Sullivan,Mrs. Barbara Black,DDCR95272773849527,0,0.4124438328,0.0,2020-09-14T00:00:00,0,0.0,10000.0,AprovadoAnalista,De 31 a 50 % - Médio,0.6785714285714285,0.3214285714285714,0.0,10000.0,,,,,,,,,,3154699.0,0.0,12.0,0.0,2017.0,De 0 a 5 anos,15000.0,False,True,1.0,8910.0,2021-02-03T23:06:08
8439,8512,Timothy Smith,Sam Collins-Bibi,LYTI34499533573184,1,0.4863966071,0.0,2015-07-28T00:00:00,0,0.0,50000.0,AprovadoAnalista,De 31 a 50 % - Médio,0.6607142857142857,0.3392857142857142,0.0,30000.0,,2020-07-31T00:00:00,3369425.0,4938250.0,3825361.0,-1620166.0,4078442.0,644358.0,1354634.0,2799539.0,1364493.0,12.0,1435046.0,2012.0,De 6 a 10 anos,193691.0,False,True,1.0,60800.0,2021-02-04T18:06:31
8441,8514,Dale Allen-Townsend,Gregory Taylor,EJHZ12668634515482,39,0.2604190589,0.0,2012-01-31T00:00:00,0,0.0,90000.0,AprovadoAnalista,De 31 a 50 % - Médio,0.6785714285714285,0.3214285714285714,-0.867490242987574,90000.0,,2019-12-30T21:00:00,16927923.0,15279399.0,17136163.0,298840.0,33830.0,10488057.0,323898.0,9768826.0,1599179.0,12.0,8169647.0,2002.0,Acima de 17 anos,400000.0,False,True,0.8687724199,0.0,2021-02-04T18:34:57
8442,8515,Marilyn Jones,Mrs. Aimee Crawford,CDSN60050054812957,26,0.431586348,0.0,2017-09-08T00:00:00,43,87018.87,4900000.0,AprovadoAnalista,De 31 a 50 % - Médio,0.5,0.5,-0.44943686552246,4900000.0,,,,,,,,,,0.0,0.0,1.0,0.0,2017.0,De 0 a 5 anos,979957432.0,True,False,0.97362932,132233152.0,2021-02-04T18:36:13
8443,8516,Dr. Max Smith,Mr. Leon Shaw,EZGB51670537747591,0,0.4787325175,0.0,2019-06-18T00:00:00,0,0.0,5000.0,AprovadoAnalista,De 31 a 50 % - Médio,0.6428571428571428,0.3571428571428571,0.0,5000.0,,,,,,,,,,47533.0,0.0,12.0,0.0,2019.0,De 0 a 5 anos,200000.0,False,False,1.0,2220.0,2021-02-04T18:27:43
8454,8527,Alexandra Jones,Joseph Smith,FOEE36407635078532,0,1.0,0.0,2020-12-15T00:00:00,0,0.0,5000.0,AprovadoAnalista,De 31 a 50 % - Médio,0.6785714285714285,0.3214285714285714,0.0,5000.0,,,,,,,,,,15000.0,0.0,1.0,0.0,2020.0,De 0 a 5 anos,71778.0,False,False,1.0,7400.0,2021-02-04T19:45:42
8455,8528,Terence Bolton,Brian Lyons,NCZS95684097595062,6,0.4539601499,0.0,2017-07-21T00:00:00,0,0.0,35000.0,AprovadoAnalista,De 31 a 50 % - Médio,0.6071428571428571,0.3928571428571428,0.866025403784439,35000.0,,,,,,,,,,6618249.0,0.0,12.0,0.0,2016.0,De 0 a 5 anos,0.0,False,True,1.0,5400.0,2021-02-04T20:04:02
8481,8554,Clive Webster,Yvonne Goddard,QYJM72064942747117,3,0.5164279514,0.0,2019-11-29T00:00:00,0,0.0,15000.0,AprovadoAnalista,De 31 a 50 % - Médio,0.6785714285714285,0.3214285714285714,0.0,5000.0,,,,,,,,,,194368.0,0.0,12.0,0.0,2019.0,De 0 a 5 anos,20000.0,False,False,1.0,6210.0,2021-02-05T13:44:45
8483,8556,Dr. Dale Dawson,Caroline Hale,NXKJ36775578171965,24,1.20858e-05,0.0,2011-02-24T00:00:00,0,22733.33,150000.0,AprovadoAnalista,De 31 a 50 % - Médio,0.6428571428571428,0.3571428571428571,0.684366014764795,60000.0,,2019-12-31T03:00:00,9195283.0,4237752.0,9820880.0,5502034.0,0.0,2498548.0,5446151.0,20612923.0,8881378.0,12.0,11731545.0,1996.0,Acima de 17 anos,80000.0,False,True,0.8315898944,768251.0,2021-02-05T14:59:37
8505,8578,Mr. Max Gregory,Mr. Raymond Moore,ZBPM54064737184445,0,0.3592161349,0.0,2019-05-10T00:00:00,0,0.0,20000.0,AprovadoAnalista,De 31 a 50 % - Médio,0.6607142857142857,0.3392857142857142,0.0,10000.0,,,,,,,,,,789959.0,0.0,12.0,0.0,2014.0,De 6 a 10 anos,10000.0,True,False,1.0,5120.0,2021-02-06T13:38:57
8513,8586,Kayleigh Johnson,Lynda Flynn,LAQL94301956057994,4,0.4617100601,0.0,2020-06-09T00:00:00,0,0.0,20000.0,AprovadoAnalista,De 31 a 50 % - Médio,0.625,0.3749999999999999,0.866025403784439,10000.0,,2019-12-31T00:00:00,0.0,0.0,0.0,0.0,0.0,0.0,0.0,627094.0,0.0,12.0,0.0,2016.0,De 0 a 5 anos,100000.0,False,False,1.0,54000.0,2021-02-08T18:10:46
8515,8588,Dr. Jake Dale,Mr. Ricky Williams,SPID07567212738639,9,0.4706814281,0.0,2020-06-22T00:00:00,35,529387.04,1700000.0,AprovadoAnalista,De 31 a 50 % - Médio,0.6428571428571428,0.3571428571428571,0.0,1700000.0,,2020-10-31T03:00:00,62496086.0,49155140.0,64296640.0,11263476.0,590000.0,24649472.0,34141704.0,166558475.0,46014948.0,10.0,120543527.0,2018.0,De 0 a 5 anos,1300020.0,False,False,1.0,300000.0,2021-02-08T18:11:25
8519,8592,Dr. Derek Johnston,Dr. Roger Hodgson,IDUJ25741666575040,39,0.3212366949,0.0,2006-12-05T00:00:00,0,0.0,58000.0,AprovadoAnalista,De 31 a 50 % - Médio,0.6607142857142857,0.3392857142857142,-0.952262859413876,40000.0,,2019-12-31T03:00:00,756828.0,487964.0,3460705.0,2952053.0,0.0,357279.0,2345193.0,731601.0,731601.0,12.0,0.0,2002.0,Acima de 17 anos,60000.0,False,True,0.8001156608,29761.0,2021-02-08T18:31:07
8520,8593,Stewart Harris,Mohammad Barker-Cross,MQVZ38576488144696,0,0.6148523764,0.0,2020-05-11T00:00:00,0,0.0,30000.0,ReprovadoAnalista,De 31 a 50 % - Médio,0.6785714285714285,0.3214285714285714,0.0,,,2019-12-31T00:00:00,0.0,0.0,0.0,0.0,0.0,0.0,0.0,134467897.0,36393847.0,12.0,98074050.0,2019.0,De 0 a 5 anos,100000.0,True,False,1.0,12900.0,
8525,8598,Keith Jones,Steven Kennedy-Jones,BRJP37453437154592,11,0.4240991321,0.0,2011-08-10T00:00:00,31,559679.98,1100000.0,AprovadoComite,De 31 a 50 % - Médio,0.5714285714285714,0.4285714285714285,0.832442546819694,806000.0,2021-02-08T17:59:10,2020-12-30T21:00:00,133604321.0,366700719.0,209372451.0,-186719734.0,29391465.0,-22780710.0,110984530.0,253471598.0,117933839.0,12.0,135537759.0,2008.0,De 11 a 16 anos,1500000.0,False,False,0.9947858507,12744000.0,
8526,8599,Carole Holmes,Sharon Jenkins,FRVX40234810432665,0,0.0,,,0,0.0,50000.0,ReprovadoAnalista,De 31 a 50 % - Médio,0.625,0.375,0.0,,,,,,,,,,,1174491.0,0.0,12.0,0.0,2014.0,De 6 a 10 anos,154000.0,False,True,0.0,60200.0,
8538,8611,Stacey Ahmed-Webster,Garry Smith-Noble,HEUR15932934238852,0,0.5803534392,0.0,2020-08-24T00:00:00,0,0.0,50000.0,ReprovadoAnalista,De 31 a 50 % - Médio,0.6607142857142857,0.3392857142857142,0.0,,,2017-12-31T02:00:00,0.0,0.0,0.0,0.0,0.0,0.0,0.0,0.0,0.0,12.0,0.0,2011.0,De 6 a 10 anos,502072686.0,True,False,1.0,72750.0,
8540,8613,Mr. Christian Wilkinson,Rachael Bradshaw,XQET87428871843993,0,0.4655674265,0.0,2019-11-05T00:00:00,28,46608.0,150000.0,AprovadoAnalista,De 31 a 50 % - Médio,0.6428571428571428,0.3571428571428571,0.0,60000.0,,2020-12-31T03:00:00,2739704.0,1849342.0,2849342.0,0.0,1000000.0,261320.0,2360969.0,4384249.0,1692507.0,12.0,2691742.0,2019.0,De 0 a 5 anos,200000.0,False,True,1.0,39600.0,2021-02-08T20:05:30
8541,8614,Stephen Burrows,Julian Norman-Davis,CCKR53308019589129,26,0.5041096941,0.0,2018-05-24T00:00:00,0,1260.0,20000.0,AprovadoAnalista,De 31 a 50 % - Médio,0.5535714285714285,0.4464285714285714,0.96423079685483,15000.0,,,,,,,,,,2091725.0,0.0,12.0,0.0,2016.0,De 0 a 5 anos,250000.0,False,False,1.0,37096.0,2021-02-08T20:06:08
8543,8616,Bradley Newton,Nathan Jones,WHHN02288127406318,0,0.3887828162,0.0,2020-08-25T00:00:00,38,2095.0,5000.0,AprovadoAnalista,De 31 a 50 % - Médio,0.5714285714285714,0.4285714285714285,0.0,5000.0,,,,,,,,,,139953.0,0.0,6.0,0.0,2020.0,De 0 a 5 anos,104000.0,False,True,1.0,3840.0,2021-02-08T20:11:06
8548,8621,Jack Hutchinson-Anderson,Andrew Allen,QAQG50076937897035,7,0.4803002407,0.0,2019-01-07T00:00:00,21,9000.0,30000.0,ReprovadoAnalista,De 31 a 50 % - Médio,0.5535714285714285,0.4464285714285714,0.866025403784439,,,,,,,,,,,457532.0,0.0,12.0,0.0,2018.0,De 0 a 5 anos,140000.0,True,False,1.0,3960.0,
8558,8631,Stacey Ahmed-Webster,Garry Smith-Noble,HEUR15932934238852,0,0.5803534392,0.0,2020-08-24T00:00:00,0,0.0,250000.0,ReprovadoAnalista,De 31 a 50 % - Médio,0.6607142857142857,0.3392857142857142,0.0,,,2017-12-31T02:00:00,0.0,0.0,0.0,0.0,0.0,0.0,0.0,0.0,0.0,12.0,0.0,2011.0,De 6 a 10 anos,502072686.0,True,False,1.0,72750.0,
8559,8632,Andrew Barlow,Dr. Barry Carpenter,ZBJI53890581783095,4,0.3748695035,0.0,2018-03-13T00:00:00,39,7050.0,30000.0,AprovadoAnalista,De 31 a 50 % - Médio,0.5357142857142857,0.4642857142857142,-0.866025403784439,15000.0,,,,,,,,,,566907.0,0.0,12.0,0.0,2017.0,De 0 a 5 anos,100000.0,False,True,0.9680354669,8966.0,2021-02-09T14:59:36
8570,8643,Stewart Harris,Mohammad Barker-Cross,MQVZ38576488144696,0,0.6148523764,0.0,2020-05-11T00:00:00,0,0.0,30000.0,AprovadoAnalista,De 31 a 50 % - Médio,0.6785714285714285,0.3214285714285714,0.0,30000.0,,2019-12-31T00:00:00,0.0,0.0,0.0,0.0,0.0,0.0,0.0,134467897.0,36393847.0,12.0,98074050.0,2019.0,De 0 a 5 anos,100000.0,True,False,1.0,12900.0,2021-02-09T18:24:46
8571,8644,Linda Thompson,Dr. Mohammed Peters,RJON32922678866588,0,0.7342713601,0.0,2020-05-25T00:00:00,0,0.0,200000.0,AprovadoAnalista,De 31 a 50 % - Médio,0.5714285714285714,0.4285714285714285,0.0,200000.0,,2019-12-31T03:00:00,0.0,0.0,0.0,0.0,0.0,0.0,0.0,0.0,0.0,1.0,0.0,2018.0,De 0 a 5 anos,246805647.0,True,False,1.0,9641520.0,2021-02-09T18:24:10
8572,8645,Dr. Jacob Walsh,Dr. Joyce Atkins,MXRY81483989898276,6,0.4603992173,0.0,2018-05-22T00:00:00,0,0.0,30000.0,AprovadoAnalista,De 31 a 50 % - Médio,0.6607142857142857,0.3392857142857142,0.866025403784439,30000.0,,2019-12-31T00:00:00,0.0,0.0,0.0,0.0,0.0,0.0,0.0,5449348.0,0.0,12.0,0.0,2017.0,De 0 a 5 anos,100000.0,False,True,1.0,11400.0,2021-02-09T18:35:01
8580,8653,Alison Warner,Jodie Williams,DRGO46021180427862,0,0.4165934543,0.0,2019-06-24T00:00:00,0,0.0,10000.0,AprovadoAnalista,De 31 a 50 % - Médio,0.6428571428571428,0.3571428571428571,0.0,5000.0,,,,,,,,,,160518.0,0.0,12.0,0.0,2016.0,De 0 a 5 anos,30000.0,False,False,1.0,4400.0,2021-02-10T13:23:29
8585,8658,Stanley Walker,Mary Harrison,TKER72373391424695,107,0.6087450151,0.0,2016-06-15T00:00:00,35,29100.0,40000.0,AprovadoAnalista,De 31 a 50 % - Médio,0.6607142857142857,0.3392857142857142,-0.455452610427119,34000.0,,,,,,,,,,7537624.0,0.0,12.0,0.0,2009.0,De 11 a 16 anos,300000.0,False,True,0.6949513444,31500.0,2021-02-10T13:20:21
8598,8671,Jacob Payne,Mrs. Debra Harding,DCYQ25190726049709,6,0.5930708181,0.0,2018-10-17T00:00:00,10,315.0,50000.0,AprovadoAnalista,De 31 a 50 % - Médio,0.6607142857142857,0.3392857142857142,-0.785014397159006,40000.0,,2019-12-31T00:00:00,0.0,0.0,0.0,0.0,0.0,0.0,0.0,1611494.0,0.0,12.0,0.0,2018.0,De 0 a 5 anos,250000.0,False,True,0.6417155886,5280.0,2021-02-10T19:00:20
8607,8680,Patricia Hodgson,Kimberley Riley-Kelly,SSXF32407776189579,6,0.4015058343,0.0,2020-10-27T00:00:00,40,9537.57,30000.0,AprovadoAnalista,De 31 a 50 % - Médio,0.5,0.4999999999999999,0.866025403784439,15000.0,,,,,,,,,,691521.0,0.0,6.0,0.0,2018.0,De 0 a 5 anos,100000.0,False,True,1.0,10800.0,2021-02-10T19:37:55
8608,8681,Anne Reynolds-Allan,Leonard King,JIZH39563758226581,3,0.3176916667,0.0,2018-05-17T00:00:00,0,0.0,40000.0,AprovadoAnalista,De 31 a 50 % - Médio,0.6428571428571428,0.3571428571428571,0.0,30000.0,,,,,,,,,,2139469.0,0.0,12.0,0.0,2018.0,De 0 a 5 anos,150000.0,False,True,1.0,5280.0,2021-02-10T19:38:32
8610,8683,Claire Martin-Taylor,Andrea Cooper-Elliott,YBQC81831446535126,20,0.3570632544,0.0,2017-09-04T00:00:00,16,16172.0,250000.0,AprovadoAnalista,De 31 a 50 % - Médio,0.6607142857142857,0.3392857142857142,0.60127026793733,25000.0,,2020-12-31T03:00:00,1256490.0,627962.0,1256490.0,628527.0,0.0,102445.0,1112596.0,846640.0,0.0,12.0,0.0,2016.0,De 0 a 5 anos,98000.0,False,False,0.9606665631,7560.0,2021-02-10T20:01:00
8614,8687,Timothy Smith,Sam Collins-Bibi,LYTI34499533573184,1,0.4863966071,0.0,2015-07-28T00:00:00,0,0.0,50000.0,AprovadoAnalista,De 31 a 50 % - Médio,0.6607142857142857,0.3392857142857142,0.0,35000.0,,2020-07-31T00:00:00,3369425.0,4938250.0,3825361.0,-1620166.0,4078442.0,644358.0,1354634.0,2799539.0,1364493.0,12.0,1435046.0,2012.0,De 6 a 10 anos,193691.0,False,True,1.0,60800.0,2021-02-10T20:15:53
8618,8691,Mr. Christian Wilkinson,Rachael Bradshaw,XQET87428871843993,0,0.4655674265,0.0,2019-11-05T00:00:00,28,46608.0,100000.0,AprovadoAnalista,De 31 a 50 % - Médio,0.6428571428571428,0.3571428571428571,0.0,100000.0,,2020-12-31T03:00:00,2739704.0,1849342.0,2849342.0,0.0,1000000.0,261320.0,2360969.0,4384249.0,1692507.0,12.0,2691742.0,2019.0,De 0 a 5 anos,200000.0,False,True,1.0,39600.0,2021-02-10T20:31:30
8619,8692,Sophie Gregory,Aaron Sheppard-Martin,CCNN68995260849827,79,0.3793522128,0.0,2006-03-27T00:00:00,0,1000.0,15000.0,AprovadoAnalista,De 31 a 50 % - Médio,0.5714285714285714,0.4285714285714285,0.998979706010549,15000.0,,,,,,,,,,1590634.0,0.0,6.0,0.0,2003.0,Acima de 17 anos,200000.0,True,True,0.8333885823,0.0,2021-02-10T20:52:01
8622,8695,Samantha Little,Dr. Rita Warren,BITE40437874415463,0,0.5053214286,0.0,2020-11-25T00:00:00,0,0.0,50000.0,AprovadoAnalista,De 31 a 50 % - Médio,0.6785714285714285,0.3214285714285714,0.0,10000.0,,,,,,,,,,328053.0,0.0,12.0,0.0,2016.0,De 0 a 5 anos,100000.0,False,False,1.0,108900.0,2021-02-10T20:36:54
8627,8700,Mrs. Catherine Khan,Holly Carroll,QMXI88311841323503,5,0.5760158692,0.0,2020-02-26T00:00:00,40,4990.8,30000.0,AprovadoAnalista,De 31 a 50 % - Médio,0.6071428571428571,0.3928571428571428,0.866025403784439,15000.0,,,,,,,,,,603533.0,0.0,6.0,0.0,2012.0,De 6 a 10 anos,10000.0,False,True,1.0,5120.0,2021-02-11T13:43:56
8632,8705,Suzanne Knight,James Coleman-Simpson,SJNE00507499679715,0,0.5523151664,0.0,2021-01-19T00:00:00,0,0.0,15000.0,AprovadoAnalista,De 31 a 50 % - Médio,0.6785714285714285,0.3214285714285714,0.0,5000.0,,2020-12-31T00:00:00,171434.0,171434.0,171434.0,116558.0,0.0,0.0,74232.0,93671.0,68053.0,12.0,25618.0,2020.0,De 0 a 5 anos,104500.0,False,True,1.0,7040.0,2021-02-11T15:13:12
8633,8706,Hilary Carter,Lucy Allan,AZXJ88661727204413,0,0.6086769841,0.0,2020-12-02T00:00:00,0,0.0,50000.0,AprovadoAnalista,De 31 a 50 % - Médio,0.625,0.3749999999999999,0.866025403784438,10000.0,,2019-12-31T00:00:00,0.0,0.0,0.0,0.0,0.0,0.0,0.0,0.0,0.0,1.0,0.0,2019.0,De 0 a 5 anos,50000.0,False,False,1.0,22000.0,2021-02-11T15:19:30
8644,8717,Leon Singh,Dr. Tom Andrews,NUHQ21299224993636,0,0.2145671958,0.0,2021-02-02T00:00:00,33,15000.0,10480.0,AprovadoAnalista,De 31 a 50 % - Médio,0.6785714285714285,0.3214285714285714,0.0,5000.0,,2019-12-31T00:00:00,0.0,0.0,0.0,0.0,0.0,0.0,0.0,102815.0,0.0,12.0,0.0,2001.0,Acima de 17 anos,600000.0,False,True,1.0,3840.0,2021-02-11T20:58:35
8647,8720,Joe Lee,Terry Barnett,SUGS46561704065875,2,0.5504546178,0.0,2020-06-24T00:00:00,41,52769.6,17000.0,AprovadoAnalista,De 31 a 50 % - Médio,0.5357142857142857,0.4642857142857142,0.0,17000.0,,,,,,,,,,1217013.0,0.0,12.0,0.0,2019.0,De 0 a 5 anos,500000.0,False,True,1.0,91275.0,2021-02-11T19:07:45
8648,8721,Carole Holmes,Sharon Jenkins,FRVX40234810432665,0,0.0,,,0,0.0,50000.0,AprovadoAnalista,De 31 a 50 % - Médio,0.625,0.375,0.0,10000.0,,,,,,,,,,1174491.0,0.0,12.0,0.0,2014.0,De 6 a 10 anos,154000.0,False,True,0.0,60200.0,2021-02-11T20:59:20
8649,8722,Nigel Williams-Higgins,Louise Smith,LQHJ42685336975907,0,0.0,,,0,0.0,200000.0,AprovadoAnalista,De 31 a 50 % - Médio,0.6785714285714285,0.3214285714285714,0.0,30000.0,,2019-12-30T21:00:00,0.0,0.0,0.0,0.0,0.0,0.0,0.0,3330658.0,0.0,12.0,0.0,2017.0,De 0 a 5 anos,96000.0,False,True,0.0,0.0,2021-02-11T20:57:00
8651,8724,Jeffrey McCarthy,Christine Andrews,ZBCQ02279213098961,0,0.3824779582,0.0,2020-10-19T00:00:00,0,0.0,20000.0,AprovadoAnalista,De 31 a 50 % - Médio,0.5357142857142857,0.4642857142857142,0.866025403784439,10000.0,,,,,,,,,,515107.0,0.0,6.0,0.0,2018.0,De 0 a 5 anos,200000.0,False,True,1.0,3960.0,2021-02-11T21:20:02
8656,8729,Joel Smith,Joan Tomlinson,UECO47173118951385,11,0.0,,2020-06-17T16:30:21,0,0.0,1200000.0,AprovadoAnalista,De 31 a 50 % - Médio,0.5714285714285714,0.4285714285714285,0.866025403784438,1000000.0,,2020-06-30T03:00:00,12226262.0,11580228.0,13298557.0,188584.0,916926.0,4803882.0,6039078.0,19418063.0,2606849.0,6.0,16811214.0,2019.0,De 0 a 5 anos,310000.0,True,False,0.0,0.0,2021-02-12T13:16:40
8661,8734,Chloe Wilson,Ian Bruce,FEAS38472158929597,0,0.5476340782,0.0,2020-11-10T00:00:00,0,0.0,10000.0,AprovadoAnalista,De 31 a 50 % - Médio,0.5714285714285714,0.4285714285714285,0.0,5000.0,,,,,,,,,,236916.0,0.0,6.0,0.0,2017.0,De 0 a 5 anos,30000.0,False,True,1.0,5120.0,2021-02-12T14:00:08
8666,8739,Martyn Jones-Smart,Marion Cook,UPWH52587199791036,4,0.4185281385,0.0,2019-03-22T00:00:00,42,3465.0,27400.0,AprovadoAnalista,De 31 a 50 % - Médio,0.6607142857142857,0.3392857142857142,0.0,15000.0,,2019-12-31T00:00:00,0.0,0.0,0.0,0.0,0.0,0.0,0.0,897133.0,0.0,12.0,0.0,2018.0,De 0 a 5 anos,50000.0,False,False,1.0,4440.0,2021-02-12T14:33:50
8674,8747,Sally Wilson,Ms. Geraldine Willis,CLSX97734940858704,13,0.524908043,0.0,2018-08-21T00:00:00,0,0.0,50000.0,AprovadoAnalista,De 31 a 50 % - Médio,0.5892857142857142,0.4107142857142857,0.0,20000.0,,,,,,,,,,874303.0,0.0,12.0,0.0,2018.0,De 0 a 5 anos,150000.0,False,False,1.0,29700.0,2021-02-12T18:40:31
8676,8749,Jacob Stevens,Dr. Sally Armstrong,BCZF53441107186270,3,0.3931472245,0.0,2019-02-19T00:00:00,0,0.0,50000.0,AprovadoAnalista,De 31 a 50 % - Médio,0.6071428571428571,0.3928571428571428,0.866025403784439,50000.0,,,,,,,,,,1403166.0,0.0,6.0,0.0,2016.0,De 0 a 5 anos,100000.0,False,True,1.0,161000.0,2021-02-12T18:50:34
8680,8753,Hollie Phillips,Mrs. Katy Saunders,DXII87451538576796,19,0.5229485904,0.0,2018-01-12T00:00:00,39,16590.0,50000.0,AprovadoAnalista,De 31 a 50 % - Médio,0.6607142857142857,0.3392857142857142,-0.999981935822938,35000.0,,,,,,,,,,1360207.0,0.0,6.0,0.0,2013.0,De 6 a 10 anos,100000.0,False,True,0.3611985207,19800.0,2021-02-12T20:50:02
8684,8757,Marion Graham,Dr. Philip Weston,GBYQ35716048437076,30,0.6215864295,0.0,2011-12-23T00:00:00,6,1093374.04,5160000.0,AprovadoAnalista,De 31 a 50 % - Médio,0.6071428571428571,0.3928571428571428,0.244594160794096,5160000.0,,,,,,,,,,0.0,0.0,1.0,0.0,2010.0,De 6 a 10 anos,979957432.0,True,False,1.0,132233152.0,2021-02-17T13:47:20
8686,8759,Dr. Jake Dale,Mr. Ricky Williams,SPID07567212738639,9,0.4706814281,0.0,2020-06-22T00:00:00,35,529387.04,1700000.0,AprovadoAnalista,De 31 a 50 % - Médio,0.6428571428571428,0.3571428571428571,0.0,1700000.0,,2020-10-31T03:00:00,62496086.0,49155140.0,64296640.0,11263476.0,590000.0,24649472.0,34141704.0,166558475.0,46014948.0,10.0,120543527.0,2018.0,De 0 a 5 anos,1300020.0,False,False,1.0,300000.0,2021-02-17T13:50:42
8690,8763,Leigh Butler,Kyle Bull,NTKO21813251683839,18,0.627505787,0.0,2019-04-11T00:00:00,24,34920.0,100000.0,AprovadoAnalista,De 31 a 50 % - Médio,0.5535714285714285,0.4464285714285714,0.0,60000.0,,2020-11-30T03:00:00,784364.0,293960.0,784364.0,-1480150.0,0.0,363198.0,168838.0,3400923.0,3010460.0,11.0,390463.0,2018.0,De 0 a 5 anos,95400.0,False,True,1.0,5280.0,2021-02-17T13:56:57
8697,8770,Mrs. Anne Clayton,Naomi Taylor,CWNY77096824459907,0,0.0,,2019-10-21T16:09:14,0,0.0,20000.0,AprovadoAnalista,De 31 a 50 % - Médio,0.5357142857142857,0.4642857142857142,0.0,10000.0,,2019-12-31T00:00:00,358591.0,234972.0,358591.0,123618.0,155708.0,245611.0,19256.0,0.0,0.0,1.0,0.0,2017.0,De 0 a 5 anos,4000.0,False,True,0.0,59400.0,2021-02-17T18:44:34
8698,8771,Ashleigh Brown-Harrison,Ms. Debra Leach,HUJZ10998040233700,3,0.4444104952,0.0,2019-03-28T00:00:00,2,3310.89,70000.0,AprovadoAnalista,De 31 a 50 % - Médio,0.5892857142857142,0.4107142857142857,0.0,70000.0,,2020-03-31T03:00:00,11966679.0,3952216.0,12139199.0,7455030.0,1000000.0,4465307.0,5389317.0,8930896.0,3004491.0,3.0,5926405.0,2017.0,De 0 a 5 anos,300000.0,False,True,1.0,17800.0,2021-02-17T19:39:56
8699,8772,Jasmine Parker,Miss Geraldine Khan,IOBR05842783911873,0,0.0,0.0,,0,0.0,50000.0,ReprovadoAnalista,De 31 a 50 % - Médio,0.625,0.375,0.0,,,,,,,,,,,656134.0,0.0,12.0,0.0,2020.0,De 0 a 5 anos,180000.0,False,False,0.0,8800.0,
8701,8774,Kayleigh Saunders,Josephine Webb,AXWP77730743321841,18,0.3756458677,0.0,2009-12-15T00:00:00,0,0.0,40000.0,AprovadoAnalista,De 31 a 50 % - Médio,0.5892857142857142,0.4107142857142857,0.0,35000.0,,,,,,,,,,1258768.0,0.0,12.0,0.0,2001.0,Acima de 17 anos,80000.0,False,True,1.0,12420.0,2021-02-17T19:41:38
8710,8783,Kathryn Jones,Miss Shirley Burrows,FOPZ73250303467362,0,0.4894185444,0.0,2021-01-15T00:00:00,0,0.0,50000.0,AprovadoAnalista,De 31 a 50 % - Médio,0.6785714285714285,0.3214285714285714,0.0,5000.0,,,,,,,,,,87819.0,0.0,5.0,0.0,2017.0,De 0 a 5 anos,10000.0,False,False,1.0,2640.0,2021-02-18T12:51:49
8722,8795,Brian Ferguson,Mr. Charles Thomas,FIGO66059539305030,3,0.4227695299,0.0,2019-03-12T00:00:00,12,2916.0,20000.0,AprovadoAnalista,De 31 a 50 % - Médio,0.5357142857142857,0.4642857142857142,0.0,15000.0,,,,,,,,,,648784.0,0.0,12.0,0.0,2016.0,De 0 a 5 anos,300000.0,False,True,1.0,3330.0,2021-02-18T15:20:59
8733,8806,Janet Barnes,Clifford Allan,XSME54122165353551,30,0.316048996,0.0,2019-10-28T00:00:00,32,8300.0,250000.0,AprovadoAnalista,De 31 a 50 % - Médio,0.6071428571428571,0.3928571428571428,0.866025403784439,200000.0,,2019-12-31T03:00:00,3316100.0,1845792.0,3360028.0,1148381.0,49500.0,2415975.0,306079.0,11753319.0,4543390.0,12.0,7209929.0,2017.0,De 0 a 5 anos,100000.0,False,True,1.0,1111881.0,2021-02-18T17:55:37
8734,8807,Brian Ferguson,Mr. Charles Thomas,FIGO66059539305030,3,0.4227695299,0.0,2019-03-12T00:00:00,12,2916.0,17500.0,AprovadoAnalista,De 31 a 50 % - Médio,0.5357142857142857,0.4642857142857142,0.0,17500.0,,,,,,,,,,648784.0,0.0,12.0,0.0,2016.0,De 0 a 5 anos,300000.0,False,True,1.0,3330.0,2021-02-18T17:56:16
8747,8820,Benjamin Taylor,Marc Bibi-Jones,PUUH03862903170490,13,0.2194002789,0.0,2013-05-17T00:00:00,33,5832.0,1000000.0,AprovadoAnalista,De 31 a 50 % - Médio,0.5714285714285714,0.4285714285714285,0.912676606407291,1000000.0,,,,,,,,,,0.0,0.0,1.0,0.0,2008.0,De 11 a 16 anos,220000.0,False,True,0.9996867847,68800.0,2021-02-18T19:57:41
8750,8823,Kenneth Clarke,Dr. Peter Harris,SWOF95823904708825,4,0.536864413,0.0,2014-04-25T00:00:00,0,0.0,30000.0,AprovadoAnalista,De 31 a 50 % - Médio,0.6607142857142857,0.3392857142857142,0.0,20000.0,,,,,,,,,,0.0,0.0,1.0,0.0,1995.0,Acima de 17 anos,5000000.0,True,False,1.0,0.0,2021-02-18T20:09:05
8752,8825,Ms. Megan Holmes,Dr. Sylvia Allen,HWJL33905126369048,93,0.2716451172,0.0,2018-12-31T00:00:00,0,0.0,25000.0,ReprovadoAnalista,De 31 a 50 % - Médio,0.5535714285714285,0.4464285714285714,0.866025403784439,,,,,,,,,,,1604600.0,0.0,10.0,0.0,2017.0,De 0 a 5 anos,10000.0,True,False,1.0,0.0,
8756,8829,Abbie Shaw,Douglas Francis,HXUT11264254108021,12,0.5543835022,0.0,2012-08-31T00:00:00,15,1491736.37,3400000.0,AprovadoAnalista,De 31 a 50 % - Médio,0.5,0.5,0.0,3400000.0,,,,,,,,,,0.0,0.0,1.0,0.0,2011.0,De 6 a 10 anos,979957432.0,True,False,1.0,132233152.0,2021-02-19T12:12:41
8766,8839,William Ali,Mr. Howard Clark,VTMC56827253631607,5,0.2758590343,0.0,2020-07-07T00:00:00,0,0.0,20000.0,AprovadoAnalista,De 31 a 50 % - Médio,0.6428571428571428,0.3571428571428571,0.866025403784439,15000.0,,2019-12-31T00:00:00,0.0,0.0,0.0,0.0,0.0,0.0,0.0,569925.0,0.0,5.0,0.0,2019.0,De 0 a 5 anos,50000.0,False,False,1.0,8640.0,2021-02-19T16:32:37
8769,8842,Mr. Damian James,Dawn Phillips,MIGR17953197952198,3,0.0,,2017-10-25T13:59:18,0,0.0,500000.0,AprovadoAnalista,De 31 a 50 % - Médio,0.6607142857142857,0.3392857142857142,4.537e-13,500000.0,,2020-10-31T03:00:00,2697379.0,1941448.0,5273740.0,-611991.0,2581812.0,1161538.0,205049.0,25604543.0,8457256.0,10.0,17147287.0,2017.0,De 0 a 5 anos,100000.0,False,False,0.0,1667516.0,2021-02-19T16:45:39
8772,8845,Ms. Susan Wood,Albert Jones-Conway,IMGW39149049038795,50,0.3553082707,0.0,2016-10-31T00:00:00,0,0.0,15000.0,AprovadoAnalista,De 31 a 50 % - Médio,0.5892857142857142,0.4107142857142857,0.866025403784439,10000.0,,,,,,,,,,785981.0,0.0,12.0,0.0,2013.0,De 6 a 10 anos,10000.0,False,True,1.0,5120.0,2021-02-19T16:53:38
8776,8849,Angela Garner-Bird,Paige Dawson,FRJS29946742077568,14,0.2386868828,0.0,2017-10-18T00:00:00,0,0.0,20000.0,AprovadoAnalista,De 31 a 50 % - Médio,0.5892857142857142,0.4107142857142857,-0.918567885552496,20000.0,,,,,,,,,,0.0,0.0,1.0,0.0,2011.0,De 6 a 10 anos,834510266.0,True,False,0.9826994667,58384312.0,2021-02-19T17:02:13
8781,8854,Gary Barnett,Miss Katie Turner,IYOZ62627762955981,11,0.3532516337,0.0,2020-12-30T00:00:00,10,856260.0,250000.0,AprovadoAnalista,De 31 a 50 % - Médio,0.5357142857142857,0.4642857142857142,0.0,150000.0,,,,,,,,,,,,,,2018.0,De 0 a 5 anos,10000.0,False,True,1.0,0.0,2021-02-19T19:16:28
8782,8855,Gerald Anderson,Janet Wells,NWLI89568289951527,0,0.0,0.0,,0,0.0,50000.0,ReprovadoAnalista,De 31 a 50 % - Médio,0.625,0.3749999999999999,0.0,,,2020-12-31T00:00:00,53813.0,3218.0,58813.0,50595.0,0.0,15600.0,34213.0,53650.0,47650.0,12.0,6000.0,2020.0,De 0 a 5 anos,10000.0,False,True,0.0,1400.0,
8783,8856,Jeffrey Richards,Molly Taylor,MGCI22699763388344,7,0.5973321485,0.0,2021-02-04T00:00:00,0,0.0,50000.0,AprovadoAnalista,De 31 a 50 % - Médio,0.5714285714285714,0.4285714285714285,0.0,25000.0,,,,,,,,,,1344618.0,0.0,6.0,0.0,2016.0,De 0 a 5 anos,88000.0,False,True,1.0,6160.0,2021-02-19T19:04:41
8787,8860,Dr. Dennis Hicks,Harriet Campbell,JYDV78691342412764,0,0.5759114064,0.0,2020-12-18T00:00:00,0,0.0,5000.0,AprovadoAnalista,De 31 a 50 % - Médio,0.5714285714285714,0.4285714285714285,0.0,5000.0,,,,,,,,,,12500.0,0.0,1.0,0.0,2019.0,De 0 a 5 anos,100000.0,False,True,1.0,2700.0,2021-02-19T19:23:17
8803,8876,Ms. Jane Bentley,Louis Stevens,YWIC65107694216011,3,0.3570699771,0.0,2018-03-13T00:00:00,0,0.0,45000.0,AprovadoAnalista,De 31 a 50 % - Médio,0.6428571428571428,0.3571428571428571,0.0,30000.0,,,,,,,,,,1333326.0,0.0,12.0,0.0,2017.0,De 0 a 5 anos,1500.0,False,False,1.0,4860.0,2021-02-22T16:59:57
8805,8878,Clifford Cooper,Justin Quinn-Stanley,CKWJ48521633259803,5,0.526992319,0.0,2018-02-15T00:00:00,0,0.0,80000.0,AprovadoAnalista,De 31 a 50 % - Médio,0.6607142857142857,0.3392857142857142,0.866025403784439,50000.0,,,,,,,,,,4302929.0,0.0,12.0,0.0,2017.0,De 0 a 5 anos,20000.0,True,False,1.0,19800.0,2021-02-22T17:02:03
8818,8891,John Brown,Bruce Jones,DOFM77417851657189,0,0.4070982143,0.0,2021-01-21T00:00:00,3,840.0,20000.0,AprovadoAnalista,De 31 a 50 % - Médio,0.6785714285714285,0.3214285714285714,0.0,5000.0,,,,,,,,,,277391.0,0.0,12.0,0.0,2016.0,De 0 a 5 anos,28000.0,False,False,1.0,720.0,2021-02-22T19:55:19
8823,8896,Anthony Evans,Danielle Jackson,VXRO04217994070374,25,0.3256472893,0.0,2016-09-12T00:00:00,7,5450.0,100000.0,AprovadoAnalista,De 31 a 50 % - Médio,0.6071428571428571,0.3928571428571428,0.866025403784438,20000.0,,2019-12-31T03:00:00,2230777.0,648200.0,2292943.0,1644642.0,140828.0,1981468.0,166453.0,1038077.0,326621.0,12.0,711456.0,2014.0,De 6 a 10 anos,30000.0,False,False,1.0,77400.0,2021-02-22T21:00:39
8825,8898,Ms. Leanne Townsend,Mr. Kenneth Walker,QNET46227326811526,176,0.5401397154,0.0,2016-10-04T00:00:00,0,0.0,50000.0,AprovadoAnalista,De 31 a 50 % - Médio,0.5535714285714285,0.4464285714285714,-0.954037386280428,10000.0,,,,,,,,,,399406.0,0.0,12.0,0.0,2011.0,De 6 a 10 anos,20000.0,False,True,0.5705057995,0.0,2021-02-23T13:01:58
8829,8902,Barbara Parker,Neil Davies,UVJK26802742854328,0,0.0,,,0,0.0,30000.0,AprovadoAnalista,De 31 a 50 % - Médio,0.5178571428571428,0.4821428571428571,0.0,10000.0,,,,,,,,,,1200867.0,0.0,12.0,0.0,2018.0,De 0 a 5 anos,5000.0,False,True,0.0,720.0,2021-02-23T13:11:47
8833,8906,Stanley Marsh-Davies,Mr. Glen Hart,JAEV43302628307426,4,0.6004793263,0.0,2020-12-28T00:00:00,0,0.0,30000.0,AprovadoAnalista,De 31 a 50 % - Médio,0.6607142857142857,0.3392857142857142,0.866025403784438,10000.0,,2019-12-31T00:00:00,0.0,0.0,0.0,0.0,0.0,0.0,0.0,1208910.0,0.0,12.0,0.0,2017.0,De 0 a 5 anos,20000.0,False,False,1.0,5280.0,2021-02-23T14:55:13
8839,8912,Miss Carole Griffiths,Vincent Wright,HTWZ77725360027310,0,0.365980795,0.0,2019-10-15T00:00:00,0,0.0,20000.0,AprovadoAnalista,De 31 a 50 % - Médio,0.5357142857142857,0.4642857142857142,0.0,15000.0,,,,,,,,,,92699.0,0.0,12.0,0.0,2016.0,De 0 a 5 anos,30000.0,False,True,1.0,7700.0,2021-02-23T15:58:55
8843,8916,Dr. Sophie Lowe,Dr. Vincent Forster,PEZH05055574836481,0,0.4445424059,0.0,2020-09-21T00:00:00,0,0.0,50000.0,AprovadoAnalista,De 31 a 50 % - Médio,0.5357142857142857,0.4642857142857142,0.0,15000.0,,,,,,,,,,1281437.0,0.0,12.0,0.0,2019.0,De 0 a 5 anos,120000.0,False,True,1.0,7360.0,2021-02-23T18:21:41
8846,8919,Russell Kirby,Dr. Diane Bird,SQYW10688933765755,43,0.3501461909,0.0,2017-03-23T00:00:00,0,0.0,45000.0,AprovadoAnalista,De 31 a 50 % - Médio,0.6607142857142857,0.3392857142857142,0.181108041334345,35000.0,,2019-12-31T00:00:00,2586263.0,1257545.0,2586263.0,1328718.0,0.0,47098.0,115000.0,3554593.0,967974.0,12.0,2586619.0,2016.0,De 0 a 5 anos,95400.0,False,True,0.9454513316,720.0,2021-02-23T20:58:35
8847,8920,Rebecca Woods,Frank Carr,KVKJ77430706416370,9,0.5405325154,0.0,2016-11-23T00:00:00,34,7334.85,30000.0,AprovadoAnalista,De 31 a 50 % - Médio,0.5892857142857142,0.4107142857142857,0.0,20000.0,,,,,,,,,,1095672.0,0.0,12.0,0.0,2013.0,De 6 a 10 anos,95400.0,False,True,1.0,24300.0,2021-02-23T20:59:04
8859,8932,Jay Briggs-Read,Miss Katie Wright,JMOD43305615221713,0,0.3563358386,0.0,2020-02-18T00:00:00,0,0.0,15000.0,AprovadoAnalista,De 31 a 50 % - Médio,0.6428571428571428,0.3571428571428571,0.0,15000.0,,,,,,,,,,1156884.0,0.0,12.0,0.0,2017.0,De 0 a 5 anos,300000.0,False,False,1.0,20723.0,2021-02-24T12:36:08
8860,8933,Dr. Dylan Harris,Mrs. Julie Forster,PWER73798838345083,3,0.5990610826,0.49506232,2020-07-16T00:00:00,0,0.0,22000.0,AprovadoAnalista,De 31 a 50 % - Médio,0.5178571428571428,0.4821428571428571,0.0,15000.0,,,,,,,,,,1616268.0,0.0,12.0,0.0,2018.0,De 0 a 5 anos,3000.0,True,True,1.0,720.0,2021-02-24T12:37:12
8863,8936,Jenna Reid,Colin Williams,GRVU62795066319880,15,0.4665997691,0.0,2018-11-21T00:00:00,0,0.0,30000.0,AprovadoAnalista,De 31 a 50 % - Médio,0.6785714285714285,0.3214285714285714,0.866025403784439,25000.0,,2019-12-31T00:00:00,0.0,0.0,0.0,0.0,0.0,0.0,0.0,4534558.0,0.0,12.0,0.0,2018.0,De 0 a 5 anos,30000.0,False,False,1.0,17200.0,2021-02-24T13:43:08
8866,8939,Carol Farrell,Martin Wilson,FWUU39842946740208,19,0.4016885714,0.0,2012-08-27T00:00:00,10,3240.0,40000.0,AprovadoAnalista,De 31 a 50 % - Médio,0.6607142857142857,0.3392857142857142,0.874097047012642,20000.0,,,,,,,,,,5403882.0,0.0,12.0,0.0,2005.0,De 11 a 16 anos,500000.0,False,True,0.9982632314,175000.0,2021-02-24T13:49:26
8876,8949,Mrs. Amber Ward,Dale Knight,OYVS59562613587408,6,0.5578428231,0.0,2019-04-15T00:00:00,10,73970.0,40000.0,AprovadoAnalista,De 31 a 50 % - Médio,0.5892857142857142,0.4107142857142857,0.866025403784439,35000.0,,2019-12-31T00:00:00,1507244.0,45887.0,1607244.0,100000.0,0.0,119433.0,299713.0,3664849.0,1305517.0,12.0,2359332.0,2017.0,De 0 a 5 anos,100000.0,False,True,1.0,960.0,2021-02-24T14:18:18
8881,8954,Nigel Clark,Natalie Collins,VIIY07473687966864,0,0.0,0.0,,0,0.0,30000.0,AprovadoAnalista,De 31 a 50 % - Médio,0.625,0.375,0.0,10000.0,,,,,,,,,,100000.0,0.0,1.0,0.0,2010.0,De 11 a 16 anos,100000.0,False,True,0.0,46200.0,2021-02-24T15:06:52
8886,8959,Jeffrey Ashton,Mr. John Simpson,RXKX97690614599046,62,0.4875507812,0.0,2016-01-26T00:00:00,0,0.0,70000.0,AprovadoAnalista,De 31 a 50 % - Médio,0.5714285714285714,0.4285714285714285,-0.53814179044694,20000.0,,2019-12-31T06:00:00,2004461.0,2577854.0,2199619.0,-378234.0,142835.0,595015.0,1136928.0,4717218.0,930494.0,12.0,3786724.0,2014.0,De 6 a 10 anos,104500.0,False,True,0.7224318318,77400.0,2021-02-24T17:39:45
8887,8960,Marc Thompson,Jack Ellis-Hawkins,OPER95401723782708,8,0.428657209,0.0,2020-05-25T00:00:00,6,28862.81,60000.0,AprovadoAnalista,De 31 a 50 % - Médio,0.6071428571428571,0.3928571428571428,0.866025403784439,45000.0,,2020-07-31T03:00:00,1371965.0,326598.0,1371965.0,1045366.0,0.0,12023.0,84974.0,1881477.0,1423094.0,7.0,458383.0,2019.0,De 0 a 5 anos,150000.0,False,True,1.0,1480.0,2021-02-24T17:58:04
8889,8962,Dr. Sandra Holmes,Jordan Parker,IRBG87899838891065,0,0.5584787879,0.0,2020-05-18T00:00:00,0,0.0,20000.0,AprovadoAnalista,De 31 a 50 % - Médio,0.5892857142857142,0.4107142857142857,0.0,10000.0,,2019-12-31T00:00:00,0.0,0.0,0.0,0.0,0.0,0.0,0.0,1140620.0,761894.0,12.0,378726.0,2019.0,De 0 a 5 anos,300000.0,False,True,1.0,14815.0,2021-02-24T17:58:36
8896,8969,Dr. Kieran Khan,Mr. Kieran Collins,ESMH78449767384491,5,0.2364903704,0.0,2019-02-15T00:00:00,54,33750.0,150000.0,AprovadoAnalista,De 31 a 50 % - Médio,0.6785714285714285,0.3214285714285714,0.0,80000.0,,2020-12-30T03:00:00,1457033.0,1214696.0,2240391.0,924541.0,546148.0,616980.0,381725.0,6015051.0,3246105.0,12.0,2768946.0,2017.0,De 0 a 5 anos,100000.0,False,True,1.0,102571.0,2021-02-24T19:49:31
8897,8970,Mrs. Donna James,Eleanor Owen,ZQPC33246093006099,589,0.5048273916,0.0,2016-07-26T00:00:00,0,0.0,10000.0,AprovadoAnalista,De 31 a 50 % - Médio,0.5535714285714285,0.4464285714285714,0.733645862554239,10000.0,,,,,,,,,,439659.0,0.0,12.0,0.0,2012.0,De 6 a 10 anos,93700.0,False,True,0.6293892453,10800.0,2021-02-24T19:42:29
8898,8971,Dr. Brian Jones,Ms. Andrea Davey,PMKK79965158094689,19,0.6912038462,0.0,2018-10-09T00:00:00,54,5200.0,40000.0,AprovadoAnalista,De 31 a 50 % - Médio,0.6785714285714285,0.3214285714285714,-2e-16,40000.0,,2019-12-31T00:00:00,365263.0,807033.0,745210.0,-547640.0,657500.0,120127.0,229572.0,2145329.0,843981.0,12.0,1301348.0,2006.0,De 11 a 16 anos,30000.0,False,False,1.0,76000.0,2021-02-24T19:50:00
8902,8975,Elizabeth Fox,Shane Taylor-Weston,UGLY63529566283906,5,0.50927711,0.0,2019-04-09T00:00:00,54,14228.03,50000.0,AprovadoAnalista,De 31 a 50 % - Médio,0.6071428571428571,0.3928571428571428,0.866025403784439,20000.0,,,,,,,,,,283640.0,0.0,3.0,0.0,2017.0,De 0 a 5 anos,30000.0,False,False,1.0,8800.0,2021-02-24T19:52:41
8915,8988,Ronald Wong,Jemma Browne-Greenwood,FMVO82432677623634,3,0.3833562159,0.0,2020-09-04T00:00:00,0,0.0,30000.0,AprovadoAnalista,De 31 a 50 % - Médio,0.625,0.3749999999999999,0.0,5000.0,,2019-12-31T00:00:00,0.0,0.0,0.0,0.0,0.0,0.0,0.0,1260912.0,0.0,12.0,0.0,2016.0,De 0 a 5 anos,100000.0,False,True,1.0,1920.0,2021-02-25T12:39:55
8918,8991,Jeffrey Ashton,Mr. John Simpson,RXKX97690614599046,62,0.4875507812,0.0,2016-01-26T00:00:00,0,0.0,100000.0,AprovadoAnalista,De 31 a 50 % - Médio,0.5714285714285714,0.4285714285714285,-0.53814179044694,50000.0,,2019-12-31T06:00:00,2004461.0,2577854.0,2199619.0,-378234.0,142835.0,595015.0,1136928.0,4717218.0,930494.0,12.0,3786724.0,2014.0,De 6 a 10 anos,104500.0,False,True,0.7224318318,77400.0,2021-02-25T12:51:59
8925,8998,June Sharpe,Ms. Katie Hamilton,AIPX51927758701432,22,0.2091506775,0.0,2016-04-18T00:00:00,0,0.0,50000.0,AprovadoAnalista,De 31 a 50 % - Médio,0.5714285714285714,0.4285714285714285,-0.866025403784439,15000.0,,,,,,,,,,759752.0,0.0,12.0,0.0,2016.0,De 0 a 5 anos,10000.0,False,False,0.6806767116,9990.0,2021-02-25T13:40:08
8927,9000,Mr. Kevin Clark,Mr. Brandon Davies,GSHZ23277827583812,6,0.4315224568,0.0,2017-01-19T00:00:00,42,41017.32,100000.0,AprovadoAnalista,De 31 a 50 % - Médio,0.625,0.375,-0.365312510961168,100000.0,,2020-03-31T03:00:00,1755916.0,1506236.0,1843983.0,-37573.0,300500.0,847958.0,685781.0,1792089.0,717666.0,3.0,1074423.0,2016.0,De 0 a 5 anos,850000.0,False,False,0.8210720736,140600.0,2021-02-25T13:41:49
8930,9003,Arthur White,Mathew Pickering,LEGH25414113334223,0,0.5411710418,0.0,2020-02-18T00:00:00,0,0.0,200000.0,ReprovadoAnalista,De 31 a 50 % - Médio,0.5892857142857142,0.4107142857142857,0.0,,,,,,,,,,,2924092.0,0.0,12.0,0.0,2019.0,De 0 a 5 anos,2000.0,True,True,1.0,720.0,
8933,9006,Leigh Taylor,Mrs. Janet Higgins,TENN67023289154724,6,0.4862709731,0.0,2017-07-11T00:00:00,30,12150.36,60000.0,AprovadoAnalista,De 31 a 50 % - Médio,0.5535714285714285,0.4464285714285714,0.866025403784439,25000.0,,2019-12-31T03:00:00,0.0,0.0,0.0,0.0,0.0,0.0,0.0,296839.0,0.0,6.0,0.0,2017.0,De 0 a 5 anos,20000.0,False,False,1.0,10120.0,2021-02-25T14:31:46
8935,9008,Mr. Albert Cook,Mrs. Abbie Gill,NNMN29702272025744,4,0.4132791576,0.0,2020-04-09T00:00:00,0,0.0,40000.0,AprovadoAnalista,De 31 a 50 % - Médio,0.5357142857142857,0.4642857142857142,0.0,15000.0,,,,,,,,,,1470800.0,0.0,12.0,0.0,2019.0,De 0 a 5 anos,100000.0,False,True,1.0,2160.0,2021-02-25T15:17:10
8936,9009,Christian Murphy,Dr. Jeffrey Saunders,BIHC89860883114601,2,0.3962071284,0.0,2019-10-21T00:00:00,4,19800.0,150000.0,ReprovadoAnalista,De 31 a 50 % - Médio,0.6785714285714285,0.3214285714285714,0.866025403784439,,,2020-12-31T03:00:00,3167476.0,145508.0,3167476.0,169724.0,0.0,0.0,835202.0,3958311.0,2999811.0,12.0,958500.0,2003.0,Acima de 17 anos,600000.0,True,False,1.0,8100.0,
8939,9012,Joel Preston,Raymond Williams,OJSU49875896258809,0,0.4932889864,0.0,2021-02-17T00:00:00,29,10920.0,20000.0,AprovadoAnalista,De 31 a 50 % - Médio,0.5714285714285714,0.4285714285714285,0.0,5000.0,,,,,,,,,,708833.0,708833.0,9.0,0.0,2019.0,De 0 a 5 anos,100.0,False,True,1.0,2520.0,2021-02-25T18:07:56
8940,9013,Christian Murphy,Dr. Jeffrey Saunders,BIHC89860883114601,2,0.3962071284,0.0,2019-10-21T00:00:00,4,19800.0,260000.0,AprovadoAnalista,De 31 a 50 % - Médio,0.6785714285714285,0.3214285714285714,0.866025403784439,110000.0,,2020-12-31T03:00:00,3167476.0,145508.0,3167476.0,169724.0,0.0,0.0,835202.0,3958311.0,2999811.0,12.0,958500.0,2003.0,Acima de 17 anos,600000.0,True,False,1.0,8100.0,2021-02-25T18:08:53
8942,9015,Josephine Peacock,Linda Cook,PVIP17399531351784,15,0.4028954164,0.0,2009-01-21T00:00:00,52,123462.38,280000.0,AprovadoAnalista,De 31 a 50 % - Médio,0.6607142857142857,0.3392857142857142,-0.864426180576726,280000.0,,2019-12-31T03:00:00,12019449.0,2090290.0,12021729.0,9931438.0,45038.0,165885.0,11523739.0,10202057.0,-282183.0,12.0,10484240.0,2008.0,De 11 a 16 anos,35000.0,True,False,0.9475701929,0.0,2021-02-25T18:33:00
8945,9018,Mrs. Catherine Thompson,Vincent Young-Chan,CLOG87874305102258,0,0.3614743193,0.0,2021-02-08T00:00:00,15,10080.0,200000.0,AprovadoAnalista,De 31 a 50 % - Médio,0.6785714285714285,0.3214285714285714,0.0,50000.0,,,,,,,,,,2924092.0,0.0,12.0,0.0,2018.0,De 0 a 5 anos,300000.0,False,True,1.0,10120.0,2021-02-25T19:40:06
8947,9020,Ellie Whitehouse,Abdul Hayes,GYBO66878421259139,3,0.261576307,0.0,2019-02-20T00:00:00,0,0.0,50000.0,AprovadoAnalista,De 31 a 50 % - Médio,0.6071428571428571,0.3928571428571428,0.0,25000.0,,2020-12-31T00:00:00,838180.0,1275830.0,1018175.0,-259177.0,388235.0,58966.0,615492.0,486876.0,352505.0,12.0,134371.0,2011.0,De 6 a 10 anos,20000.0,False,False,1.0,17185.0,2021-02-25T19:44:06
8954,9027,Jack Robson,Mrs. Alexandra Akhtar,NCCP32868223153118,0,0.3954243847,0.0,2020-08-24T00:00:00,27,9334.0,50000.0,AprovadoAnalista,De 31 a 50 % - Médio,0.6785714285714285,0.3214285714285714,0.0,5000.0,,2020-12-31T03:00:00,245257.0,42267.0,245257.0,0.0,6800.0,79913.0,106238.0,384958.0,235159.0,12.0,149799.0,2020.0,De 0 a 5 anos,30000.0,False,False,1.0,1920.0,2021-02-25T20:06:19
8957,9030,Mr. Gerald Wilson,Katie Barlow,ISPY81393760117061,4,0.1944290909,0.0,2019-05-16T00:00:00,0,0.0,200000.0,AprovadoAnalista,De 31 a 50 % - Médio,0.625,0.3749999999999999,0.0,15000.0,,2019-12-31T03:00:00,2230968.0,13885.0,2336218.0,2322332.0,0.0,0.0,38112.0,1366363.0,1153580.0,12.0,212783.0,2017.0,De 0 a 5 anos,100000.0,False,True,1.0,55500.0,2021-02-25T20:13:33
